井名	深度	GR	SP	SH	RT	AC	PERM	POR	SW	CNL	DEN	RT.1	解释结论	层位
地199-48	2235.625	111.13	9.426	55.89	9.047	253.94	0.01	0.1	99.9	20.509	2.615	9.035		chang3
地199-48	2235.750	108.022	9.488	53.791	9.084	254.96	0.01	0.1	99.9	20.392	2.624	9.126		chang3
地199-48	2235.875	110.598	9.576	58.11	8.754	256.527	0.01	0.1	99.9	20.987	2.622	8.816		chang3
地199-48	2236.000	118.118	9.68	69.13	8.326	259.879	0.01	0.1	99.9	23.077	2.615	8.368		chang3
地199-48	2236.125	126.423	9.8	81.941	7.977	265.16	0.01	0.1	99.9	25.84	2.587	8.061		chang4+5
地199-48	2236.250	135.194	9.947	94.401	7.292	270.966	0.01	0.1	99.9	27.783	2.537	7.443		chang4+5
地199-48	2236.375	139.729	10.122	99.9	6.255	275.667	0.01	0.1	99.9	28.433	2.468	6.341		chang4+5
地199-48	2236.500	143.89	10.314	99.9	5.743	277.937	0.01	0.1	99.9	28.064	2.42	5.716		chang4+5
地199-48	2236.625	152.591	10.501	99.9	6.015	277.454	0.01	0.1	99.9	26.74	2.446	5.912		chang4+5
地199-48	2236.750	162.583	10.681	99.9	6.755	275.288	0.01	0.1	99.9	25.34	2.536	6.663		chang4+5
地199-48	2236.875	164.869	10.873	99.9	7.386	273.069	0.01	0.1	99.9	23.894	2.612	7.341		chang4+5
地199-48	2237.000	161.756	11.104	99.9	7.697	270.095	0.01	0.1	99.9	23.031	2.64	7.671		chang4+5
地199-48	2237.125	162.463	11.38	99.9	7.889	264.392	0.01	0.1	99.9	22.501	2.646	7.858		chang4+5
地199-48	2237.250	163.666	11.673	99.9	8.12	258.846	0.01	0.1	99.9	21.923	2.655	8.085		chang4+5
地199-48	2237.375	163.061	11.943	99.9	8.355	254.287	0.01	0.1	99.9	21.838	2.648	8.34		chang4+5
地199-48	2237.500	163.949	12.168	99.9	8.419	252.345	0.01	0.1	99.9	22.25	2.63	8.451		chang4+5
地199-48	2237.625	166.686	12.342	99.9	8.14	254.562	0.01	0.1	99.9	23.43	2.605	8.22		chang4+5
地199-48	2237.750	166.974	12.469	99.9	7.581	258.836	0.01	0.1	99.9	25.27	2.576	7.633		chang4+5
地199-48	2237.875	164.467	12.548	99.9	7.288	263.898	0.01	0.1	99.9	26.763	2.545	7.25		chang4+5
地199-48	2238.000	167.343	12.591	99.9	7.633	269.358	0.01	0.1	99.9	27.604	2.536	7.525		chang4+5
地199-48	2238.125	174.06	12.62	99.9	8.414	275.233	0.01	0.1	99.9	28.601	2.542	8.317		chang4+5
地199-48	2238.250	177.013	12.654	99.9	9.061	280.989	0.01	0.1	99.9	29.939	2.526	9.021		chang4+5
地199-48	2238.375	176.351	12.692	99.9	9.306	285.181	0.01	0.1	99.9	30.417	2.5	9.31		chang4+5
地199-48	2238.500	175.226	12.721	99.9	9.308	286.65	0.01	0.1	99.9	29.516	2.502	9.286		chang4+5
地199-48	2238.625	165.985	12.727	99.9	9.51	285.122	0.01	0.1	99.9	27.395	2.56	9.442		chang4+5
地199-48	2238.750	148.53	12.707	99.9	10.068	280.923	0.01	0.1	99.9	24.26	2.621	9.942		chang4+5
地199-48	2238.875	134.655	12.658	87.874	11.017	274.715	0.01	0.1	99.9	21.031	2.655	10.863		chang4+5
地199-48	2239.000	128.829	12.583	80.287	12.139	267.46	0.01	0.1	99.9	18.777	2.658	11.989		chang4+5
地199-48	2239.125	121.501	12.505	66.986	13.226	259.544	0.01	0.1	99.9	17.205	2.662	13.086		chang4+5
地199-48	2239.250	110.43	12.467	53.757	14.25	251.087	0.01	0.1	99.9	15.444	2.67	14.111		chang4+5
地199-48	2239.375	101.367	12.5	44.926	15.216	243.503	0.01	0.1	99.9	14.55	2.669	15.13		chang4+5
地199-48	2239.500	97.323	12.601	42.311	15.706	239.141	0.01	0.1	99.9	16.183	2.644	15.76		chang4+5
地199-48	2239.625	102.218	12.746	50.19	15.196	239.456	0.01	0.1	99.9	18.287	2.613	15.365		chang4+5
地199-48	2239.750	114.758	12.908	66.766	13.931	243.839	0.01	0.1	99.9	20.391	2.582	14.129		chang4+5
地199-48	2239.875	125.017	13.07	78.616	12.573	250.073	0.01	0.1	99.9	25.356	2.474	12.677		chang4+5
地199-48	2240.000	127.559	13.228	79.455	11.912	256.646	0.01	0.1	99.9	28.013	2.407	11.915		chang4+5
地199-48	2240.125	125.966	13.375	76.142	11.934	262.088	0.01	0.1	99.9	26.657	2.437	11.891		chang4+5
地199-48	2240.250	123.069	13.497	71.843	12.243	265.309	0.01	0.1	99.9	23.805	2.493	12.205		chang4+5
地199-48	2240.375	118.556	13.583	65.962	12.501	265.592	0.01	0.1	99.9	21.939	2.516	12.484		chang4+5
地199-48	2240.500	116.118	13.643	64.497	12.611	263.902	0.01	0.1	99.9	20.915	2.525	12.614		chang4+5
地199-48	2240.625	123.043	13.69	77.196	12.595	262.127	0.01	0.1	99.9	21.062	2.564	12.594		chang4+5
地199-48	2240.750	139.039	13.714	99.9	12.628	262.633	0.01	0.1	99.9	23.09	2.592	12.605		chang4+5
地199-48	2240.875	157.558	13.691	99.9	12.822	265.943	0.01	0.1	99.9	26.716	2.55	12.779		chang4+5
地199-48	2241.000	163.046	13.597	99.9	13.155	271.107	0.01	0.1	99.9	30.494	2.466	13.097		chang4+5
地199-48	2241.125	155.554	13.437	99.9	13.603	275.99	0.01	0.1	99.9	31.534	2.409	13.524		chang4+5
地199-48	2241.250	137.346	13.233	86.018	14.199	278.331	0.01	0.1	99.9	27.92	2.43	14.103		chang4+5
地199-48	2241.375	115.704	12.993	56.615	14.872	277.411	0.01	0.1	99.9	22.699	2.498	14.807		chang4+5
地199-48	2241.500	101.517	12.72	43.629	15.27	273.004	0.01	0.1	99.9	18.445	2.566	15.284		chang4+5
地199-48	2241.625	97.922	12.416	43.717	15.086	266.66	0.01	0.1	99.9	17.445	2.598	15.186		chang4+5
地199-48	2241.750	103.735	12.093	51.692	14.305	260.398	0.01	0.1	99.9	18.97	2.598	14.452		chang4+5
地199-48	2241.875	113.131	11.773	63.642	13.254	256.338	0.01	0.1	99.9	21.842	2.574	13.374		chang4+5
地199-48	2242.000	119.186	11.462	68.479	12.44	255.773	0.01	0.1	99.9	24.115	2.555	12.496		chang4+5
地199-48	2242.125	118.535	11.145	66.385	12.057	258.257	0.01	0.1	99.9	24.879	2.551	12.083		chang4+5
地199-48	2242.250	117.698	10.79	66.608	11.872	261.703	0.01	0.1	99.9	24.834	2.552	11.893		chang4+5
地199-48	2242.375	118.557	10.376	67.08	11.717	264.334	0.01	0.1	99.9	24.56	2.547	11.734		chang4+5
地199-48	2242.500	117.925	9.886	66.296	11.614	264.608	0.01	0.1	99.9	23.445	2.553	11.614		chang4+5
地199-48	2242.625	116.852	9.315	65.049	11.624	262.262	0.01	0.1	99.9	21.199	2.581	11.608		chang4+5
地199-48	2242.750	116.523	8.661	64.17	11.737	257.952	0.01	0.1	99.9	19.919	2.613	11.722		chang4+5
地199-48	2242.875	112.811	7.936	58.426	11.837	252.544	0.01	0.1	99.9	20.001	2.629	11.83		chang4+5
地199-48	2243.000	105.174	7.167	48.715	11.888	247.443	0.01	0.1	99.9	19.917	2.632	11.882		chang4+5
地199-48	2243.125	98.413	6.382	41.987	11.927	243.374	0.01	0.1	99.9	19.62	2.629	11.923		chang4+5
地199-48	2243.250	94.895	5.59	40.047	11.954	240.436	0.01	0.1	99.9	19.65	2.628	11.951		chang4+5
地199-48	2243.375	93.945	4.764	39.212	11.97	238.569	0.01	0.1	99.9	19.725	2.625	11.968		chang4+5
地199-48	2243.500	93.558	3.866	38.778	12.001	237.46	0.01	0.1	99.9	19.424	2.618	11.986		chang4+5
地199-48	2243.625	91.695	2.895	36.514	12.123	236.556	0.01	0.1	99.9	19.055	2.614	12.096		chang4+5
地199-48	2243.750	89.57	1.905	34.94	12.307	235.699	0.01	0.1	99.9	18.916	2.612	12.296		chang4+5
地199-48	2243.875	90.792	0.945	37.083	12.36	234.896	0.01	0.1	99.9	18.736	2.615	12.372		chang4+5
地199-48	2244.000	93.177	0.039	39.143	12.258	234.313	0.01	0.1	99.9	18.669	2.619	12.286		chang4+5
地199-48	2244.125	92.677	-0.802	37.537	12.059	233.913	0.01	0.1	99.9	18.969	2.619	12.083		chang4+5
地199-48	2244.250	89.908	-1.562	19.491	11.896	233.465	2.477	12.35	59.089	19.225	2.615	11.905		chang4+5
地199-48	2244.375	85.021	-2.233	17.014	11.85	232.898	2.371	12.273	59.566	18.367	2.606	11.84		chang4+5
地199-48	2244.500	78.301	-2.839	14.413	11.931	232.427	2.292	12.191	59.707	17.248	2.596	11.917		chang4+5
地199-48	2244.625	75.289	-3.444	13.746	12.015	232.595	2.304	12.185	59.466	16.431	2.583	12.025		chang4+5
地199-48	2244.750	80.88	-4.121	17.228	11.902	233.716	2.446	12.316	59.105	15.725	2.578	11.953		chang4+5
地199-48	2244.875	92.693	-4.922	22.606	11.517	235.498	2.662	12.554	59.081	15.942	2.575	11.584		chang4+5
地199-48	2245.000	102.28	-5.826	26.844	11.043	237.474	2.914	12.831	59.26	17.244	2.568	11.096		chang4+5
地199-48	2245.125	107.138	-6.762	29.125	10.686	239.265	3.168	13.085	59.333	18.336	2.565	10.709		chang4+5
地199-48	2245.250	110.086	-7.654	30.703	10.529	240.761	3.455	13.308	58.958	18.706	2.58	10.541		chang4+5
地199-48	2245.375	110.124	-8.442	30.376	10.431	241.619	3.668	13.457	58.648	19.113	2.605	10.454		chang4+5
地199-48	2245.500	106.162	-9.086	27.568	10.236	241.4	3.62	13.464	59.099	19.353	2.62	10.286		chang4+5
地199-48	2245.625	98.234	-9.571	23.247	9.853	240.024	3.24	13.299	60.806	19.44	2.621	9.921		chang4+5
地199-48	2245.750	87.344	-9.929	17.654	9.364	237.984	2.702	13.018	63.519	19.32	2.606	9.426		chang4+5
地199-48	2245.875	74.105	-10.212	12.702	8.941	236.085	2.252	12.738	66.32	18.769	2.58	8.97		chang4+5
地199-48	2246.000	64.151	-10.418	9.585	8.774	234.768	2.036	12.539	68.013	17.995	2.557	8.758		chang4+5
地199-48	2246.125	63.077	-10.508	10.447	8.946	234.032	1.91	12.418	68.098	17.529	2.54	8.881		chang4+5
地199-48	2246.250	71.793	-10.436	13.855	9.45	234.054	1.984	12.388	66.467	17.042	2.53	9.359		chang4+5
地199-48	2246.375	82.987	-10.169	18.085	10.123	235.032	2.253	12.508	63.706	17.151	2.535	10.024		chang4+5
地199-48	2246.500	92.572	-9.712	22.166	10.843	236.475	2.65	12.699	60.734	18.571	2.559	10.751		chang4+5
地199-48	2246.625	99.169	-9.098	25.085	11.479	238.284	3.139	12.928	58.04	20.075	2.571	11.422		chang4+5
地199-48	2246.750	100.871	-8.406	25.385	11.821	240.798	3.782	13.253	55.841	21.346	2.558	11.833		chang4+5
地199-48	2246.875	101.113	-7.761	26.358	11.674	244.007	4.552	13.679	54.574	22.468	2.541	11.745		chang4+5
地199-48	2247.000	110.288	-7.321	33.298	11.174	247.749	5.424	14.183	54.134	22.516	2.539	11.229		chang4+5
地199-48	2247.125	126.968	-7.214	46.116	10.825	251.732	6.622	14.744	53.361	22.152	2.536	10.824		chang4+5
地199-48	2247.250	143.505	-7.459	51.695	10.837	255.177	8.142	15.251	51.839	23.471	2.54	10.833		chang4+5
地199-48	2247.375	153.655	-8.019	99.9	10.841	257.462	0.01	0.1	99.9	24.748	2.545	10.863		chang4+5
地199-48	2247.500	157.01	-8.806	99.9	10.668	258.155	0.01	0.1	99.9	24.576	2.545	10.702		chang4+5
地199-48	2247.625	152.73	-9.739	99.9	10.407	257.175	0.01	0.1	99.9	23.663	2.543	10.451		chang4+5
地199-48	2247.750	141.12	-10.753	50.788	10.07	254.524	7.914	15.349	53.325	22.399	2.558	10.127		chang4+5
地199-48	2247.875	126.739	-11.787	39.827	9.654	250.763	6.187	14.844	56.03	20.563	2.591	9.706		chang4+5
地199-48	2248.000	114.368	-12.818	32.154	9.3	246.797	4.686	14.275	59.077	19.287	2.602	9.326		chang4+5
地199-48	2248.125	102.788	-13.855	25.327	9.143	243.762	3.744	13.805	61.394	18.769	2.584	9.138		chang4+5
地199-48	2248.250	87.813	-14.907	17.959	9.204	242.347	3.39	13.572	62.158	19.201	2.544	9.174		chang4+5
地199-48	2248.375	72.563	-15.943	12.444	9.44	242.093	3.379	13.512	61.654	19.636	2.5	9.395		chang4+5
地199-48	2248.500	67.47	-16.9	12.107	9.802	242.633	3.586	13.566	60.376	19.625	2.465	9.73		chang4+5
地199-48	2248.625	78.745	-17.701	18.255	10.364	243.68	4.036	13.714	58.278	19.647	2.456	10.255		chang4+5
地199-48	2248.750	96.317	-18.277	25.729	11.177	244.44	4.617	13.849	55.68	19.741	2.478	11.05		chang4+5
地199-48	2248.875	105.213	-18.607	28.805	12.111	244.186	4.995	13.843	53.485	19.791	2.524	11.984		chang4+5
地199-48	2249.000	105.989	-18.736	28.277	13.036	243.013	5.058	13.702	51.961	19.752	2.561	12.919		chang4+5
地199-48	2249.125	101.796	-18.715	25.408	13.886	241.224	4.854	13.467	51.061	19.182	2.565	13.775		chang4+5
地199-48	2249.250	94.3	-18.607	21.463	14.695	239.017	4.502	13.176	50.539	18.665	2.54	14.588		chang4+5
地199-48	2249.375	88.333	-18.476	18.937	15.481	236.315	4.017	12.821	50.377	17.911	2.52	15.375		chang4+5
地199-48	2249.500	84.422	-18.337	17.35	16.26	233.079	3.418	12.385	50.613	17.046	2.523	16.149		chang4+5
地199-48	2249.625	79.451	-18.167	14.636	17.094	229.539	2.816	11.9	51.073	16.29	2.552	16.965		chang4+5
地199-48	2249.750	72.864	-17.927	12.137	18.064	225.847	2.288	11.399	51.544	15.251	2.586	17.911		chang4+5
地199-48	2249.875	68.165	-17.594	10.354	19.207	221.857	1.809	10.859	52.097	14.079	2.604	19.028		chang4+5
地199-48	2250.000	65.748	-17.181	9.554	20.539	217.583	1.375	10.268	52.833	13.041	2.601	20.335		chang4+5
地199-48	2250.125	64.649	-16.718	9.051	22.036	213.435	0.01	9.684	53.584	12.023	2.596	21.824		chang4+5
地199-48	2250.250	66.581	-16.223	9.612	23.568	209.731	0.01	9.154	54.296	11.048	2.602	23.372		chang4+5
地199-48	2250.375	70.017	-15.696	10.539	24.956	206.618	0.01	8.709	54.969	9.779	2.613	24.804		chang4+5
地199-48	2250.500	69.62	-15.119	9.623	26.009	203.997	0.01	8.335	55.809	8.829	2.618	25.915		chang4+5
地199-48	2250.625	63.273	-14.473	7.163	26.65	201.829	0.01	8.019	56.903	8.417	2.621	26.609		chang4+5
地199-48	2250.750	57.057	-13.759	5.773	26.9	200.269	0.01	7.781	58.046	8.266	2.63	26.905		chang4+5
地199-48	2250.875	54.886	-12.985	5.288	26.824	199.501	0.01	7.648	58.94	8.499	2.632	26.869		chang4+5
地199-48	2251.000	54.064	-12.159	5.091	26.457	200.061	0.01	7.641	59.352	8.975	2.621	26.535		chang4+5
地199-48	2251.125	55.794	-11.289	5.991	25.879	202.669	0.01	8.02	57.592	9.531	2.602	25.969		chang4+5
地199-48	2251.250	62.596	-10.375	8.562	25.191	204.736	0.01	8.31	56.617	10.35	2.591	25.308		chang4+5
地199-48	2251.375	72.676	-9.434	11.97	24.294	206.673	0.01	8.579	56.068	11.303	2.583	24.456		chang4+5
地199-48	2251.500	82.72	-8.496	15.511	23.05	208.605	0.01	8.842	56.035	11.711	2.583	23.269		chang4+5
地199-48	2251.625	91.814	-7.587	39.307	21.396	210.705	0.01	0.1	99.9	11.686	2.59	21.664		chang4+5
地199-48	2251.750	101.925	-6.722	50.767	19.426	213.142	0.01	0.1	99.9	11.459	2.601	19.702		chang4+5
地199-48	2251.875	113.736	-5.917	64.989	17.439	215.974	0.01	0.1	99.9	12.118	2.611	17.68		chang4+5
地199-48	2252.000	125.893	-5.196	82.062	15.728	219.019	0.01	0.1	99.9	14.036	2.619	15.919		chang4+5
地199-48	2252.125	132.753	-4.582	88.807	14.392	222.322	0.01	0.1	99.9	16.1	2.626	14.523		chang4+5
地199-48	2252.250	131.247	-4.091	83.356	13.473	225.7	0.01	0.1	99.9	17.805	2.629	13.561		chang4+5
地199-48	2252.375	125.162	-3.737	74.946	12.862	228.609	0.01	0.1	99.9	18.886	2.632	12.916		chang4+5
地199-48	2252.500	120.382	-3.516	68.721	12.488	230.767	0.01	0.1	99.9	18.834	2.638	12.518		chang4+5
地199-48	2252.625	115.642	-3.442	61.061	12.282	231.803	0.01	0.1	99.9	18.537	2.648	12.295		chang4+5
地199-48	2252.750	109.067	-3.52	53.784	12.198	231.772	0.01	0.1	99.9	18.598	2.658	12.195		chang4+5
地199-48	2252.875	104.223	-3.748	48.758	12.226	231.038	0.01	0.1	99.9	18.718	2.657	12.217		chang4+5
地199-48	2253.000	101.767	-4.123	46.792	12.29	230.001	0.01	0.1	99.9	18.579	2.644	12.288		chang4+5
地199-48	2253.125	100.1	-4.618	45.115	12.288	228.931	0.01	0.1	99.9	18.008	2.627	12.302		chang4+5
地199-48	2253.250	100.389	-5.18	45.886	12.185	227.936	0.01	0.1	99.9	17.391	2.623	12.203		chang4+5
地199-48	2253.375	103.513	-5.765	50.777	12.059	227.107	0.01	0.1	99.9	16.941	2.626	12.074		chang4+5
地199-48	2253.500	108.068	-6.353	55.006	11.936	226.631	0.01	0.1	99.9	16.803	2.622	11.963		chang4+5
地199-48	2253.625	108.75	-6.935	54.221	11.719	226.627	0.01	0.1	99.9	16.922	2.614	11.766		chang4+5
地199-48	2253.750	104.732	-7.503	49.291	11.363	226.931	0.01	0.1	99.9	17.123	2.611	11.42		chang4+5
地199-48	2253.875	100.451	-8.041	44.269	10.966	227.368	0.01	0.1	99.9	17.433	2.609	11.005		chang4+5
地199-48	2254.000	95.224	-8.519	39.176	10.711	227.827	0.01	0.1	99.9	17.852	2.601	10.72		chang4+5
地199-48	2254.125	88.946	-8.912	33.184	10.675	228.179	0.01	0.1	99.9	18.021	2.593	10.657		chang4+5
地199-48	2254.250	83.788	-9.197	29.677	10.813	228.266	0.01	0.1	99.9	17.885	2.588	10.787		chang4+5
地199-48	2254.375	83.991	-9.349	30.768	10.988	227.972	0.01	0.1	99.9	17.33	2.584	10.972		chang4+5
地199-48	2254.500	86.718	-9.345	33.662	11.092	227.5	0.01	0.1	99.9	16.51	2.581	11.087		chang4+5
地199-48	2254.625	87.088	-9.194	32.676	11.126	227.053	0.01	0.1	99.9	16.292	2.582	11.124		chang4+5
地199-48	2254.750	85.523	-8.922	31.09	11.141	226.739	0.01	0.1	99.9	16.249	2.581	11.136		chang4+5
地199-48	2254.875	86.019	-8.571	32.609	11.174	226.629	0.01	0.1	99.9	16.215	2.583	11.169		chang4+5
地199-48	2255.000	89.886	-8.182	36.291	11.216	226.809	0.01	0.1	99.9	16.59	2.593	11.21		chang4+5
地199-48	2255.125	94.246	-7.769	40.938	11.262	227.383	0.01	0.1	99.9	17.018	2.605	11.252		chang4+5
地199-48	2255.250	99.462	-7.345	45.845	11.346	228.291	0.01	0.1	99.9	17.226	2.608	11.327		chang4+5
地199-48	2255.375	103.36	-6.915	49.575	11.487	229.334	0.01	0.1	99.9	17.468	2.608	11.464		chang4+5
地199-48	2255.500	104.818	-6.483	50.85	11.651	230.369	0.01	0.1	99.9	17.546	2.613	11.63		chang4+5
地199-48	2255.625	105.9	-6.048	52.748	11.8	231.439	0.01	0.1	99.9	17.884	2.616	11.784		chang4+5
地199-48	2255.750	107.422	-5.613	53.384	11.905	232.415	0.01	0.1	99.9	18.595	2.619	11.899		chang4+5
地199-48	2255.875	107.047	-5.196	52.826	11.938	233.12	0.01	0.1	99.9	18.848	2.62	11.943		chang4+5
地199-48	2256.000	106.774	-4.814	54.209	11.892	233.499	0.01	0.1	99.9	18.779	2.619	11.906		chang4+5
地199-48	2256.125	110.02	-4.476	57.088	11.796	233.666	0.01	0.1	99.9	18.459	2.618	11.808		chang4+5
地199-48	2256.250	109.181	-4.17	54.54	11.724	234.565	0.01	0.1	99.9	17.985	2.615	11.726		chang4+5
地199-48	2256.375	102.696	-3.883	46.767	11.705	237.97	0.01	0.1	99.9	17.372	2.601	11.713		chang4+5
地199-48	2256.500	105.953	-3.607	53.933	11.604	245.434	0.01	0.1	99.9	17.379	2.588	11.654		chang4+5
地199-48	2256.625	128.081	-3.33	95.177	11.174	254.372	0.01	0.1	99.9	19.754	2.583	11.285		chang4+5
地199-48	2256.750	161.558	-3.025	99.9	10.351	263.878	0.01	0.1	99.9	24.515	2.547	10.474		chang4+5
地199-48	2256.875	182.236	-2.669	99.9	9.51	273.348	0.01	0.1	99.9	29.645	2.452	9.577		chang4+5
地199-48	2257.000	174.395	-2.264	99.9	9.12	282.414	0.01	0.1	99.9	32.604	2.368	9.085		chang4+5
地199-48	2257.125	152.659	-1.848	99.9	9.448	290.396	0.01	0.1	99.9	31.709	2.383	9.346		chang4+5
地199-48	2257.250	142.764	-1.464	99.9	10.16	295.729	0.01	0.1	99.9	30.43	2.441	10.096		chang4+5
地199-48	2257.375	143.718	-1.133	99.9	10.502	297.95	0.01	0.1	99.9	31.033	2.44	10.56		chang4+5
地199-48	2257.500	141.369	-0.854	99.597	10.05	298.337	0.01	0.1	99.9	33.434	2.384	10.139		chang4+5
地199-48	2257.625	136.217	-0.617	90.467	9.449	297.101	0.01	0.1	99.9	34.263	2.369	9.49		chang4+5
地199-48	2257.750	138.404	-0.416	99.787	9.216	295.191	0.01	0.1	99.9	31.878	2.419	9.193		chang4+5
地199-48	2257.875	143.95	-0.258	99.9	9.394	292.851	0.01	0.1	99.9	29.908	2.471	9.361		chang4+5
地199-48	2258.000	144.849	-0.15	99.9	9.62	289.548	0.01	0.1	99.9	28.981	2.511	9.607		chang4+5
地199-48	2258.125	141.545	-0.094	99.541	9.702	285.202	0.01	0.1	99.9	28.509	2.545	9.702		chang4+5
地199-48	2258.250	136.113	-0.1	91.634	9.749	280.42	0.01	0.1	99.9	27.679	2.579	9.706		chang4+5
地199-48	2258.375	132.103	-0.186	85.672	10.125	276.069	0.01	0.1	99.9	26.637	2.596	10.019		chang4+5
地199-48	2258.500	129.33	-0.366	82.107	10.88	272.831	0.01	0.1	99.9	25.73	2.598	10.794		chang4+5
地199-48	2258.625	128.978	-0.657	81.901	11.512	271.206	0.01	0.1	99.9	24.653	2.598	11.428		chang4+5
地199-48	2258.750	128.837	-1.066	81.79	12.122	271.629	0.01	0.1	99.9	23.984	2.602	12.041		chang4+5
地199-48	2258.875	130.722	-1.594	84.761	12.633	274.947	0.01	0.1	99.9	24.457	2.605	12.632		chang4+5
地199-48	2259.000	133.59	-2.257	91.785	12.559	280.561	0.01	0.1	99.9	27.403	2.577	12.637		chang4+5
地199-48	2259.125	140.109	-3.044	99.9	11.982	286.988	0.01	0.1	99.9	30.96	2.516	12.067		chang4+5
地199-48	2259.250	143.447	-3.919	99.9	11.41	292.627	0.01	0.1	99.9	33.512	2.457	11.445	干层	chang4+5
地199-48	2259.375	137.635	-4.823	91.957	11.167	295.145	0.01	0.1	99.9	35.332	2.404	11.187	干层	chang4+5
地199-48	2259.500	125.624	-5.687	72.743	10.998	293.278	0.01	0.1	99.9	35.269	2.325	11.037	干层	chang4+5
地199-48	2259.625	111.534	-6.44	53.672	10.694	286.839	0.01	0.1	99.9	33.053	2.299	10.749	干层	chang4+5
地199-48	2259.750	98.464	-7.02	27.045	10.283	277.257	27.013	18.713	44.636	27.75	2.377	10.345	干层	chang4+5
地199-48	2259.875	88.371	-7.41	21.753	9.844	265.915	15.258	17.162	49.097	21.571	2.507	9.895	差油层	chang4+5
地199-48	2260.000	80.77	-7.608	17.417	9.497	254.418	8.04	15.546	54.413	18.662	2.571	9.519	差油层	chang4+5
地199-48	2260.125	74.698	-7.613	14.219	9.373	244.294	4.293	14.064	59.737	17.727	2.57	9.353	差油层	chang4+5
地199-48	2260.250	71.395	-7.428	12.829	9.572	237.255	2.667	12.973	63.449	17.165	2.564	9.502	差油层	chang4+5
地199-48	2260.375	70.964	-7.049	12.67	10.12	233.803	2.172	12.435	64.063	16.656	2.564	10.011	差油层	chang4+5
地199-48	2260.500	72.752	-6.485	13.45	10.937	232.077	2.067	12.18	62.742	16.177	2.566	10.809	差油层	chang4+5
地199-48	2260.625	77.901	-5.758	15.345	11.865	230.866	2.055	12.004	60.936	16.141	2.572	11.745	差油层	chang4+5
地199-48	2260.750	84.314	-4.887	17.657	12.727	230.034	2.063	11.87	59.327	16.334	2.585	12.627	差油层	chang4+5
地199-48	2260.875	91.337	-3.92	20.504	13.434	229.923	2.133	11.824	57.864	16.805	2.597	13.36	差油层	chang4+5
地199-48	2261.000	99.144	-2.934	45.974	13.95	230.897	0.01	0.1	99.9	17.275	2.607	13.905	差油层	chang4+5
地199-48	2261.125	106.057	-1.995	52.964	14.224	233.24	0.01	0.1	99.9	17.732	2.626	14.23	差油层	chang4+5
地199-48	2261.250	112.191	-1.164	59.958	14.114	236.784	0.01	0.1	99.9	19.073	2.65	14.183		chang4+5
地199-48	2261.375	118.923	-0.47	69.425	13.592	241.153	0.01	0.1	99.9	20.959	2.66	13.677		chang4+5
地199-48	2261.500	126.505	0.078	81.604	13.021	246.23	0.01	0.1	99.9	22.188	2.65	13.056		chang4+5
地199-48	2261.625	130.546	0.5	84.002	12.781	253.036	0.01	0.1	99.9	23.025	2.625	12.8		chang4+5
地199-48	2261.750	130.479	0.82	83.881	12.499	262.218	0.01	0.1	99.9	24.333	2.611	12.657		chang4+5
地199-48	2261.875	134.613	1.054	94.248	11.205	272.234	0.01	0.1	99.9	25.464	2.606	11.503		chang4+5
地199-48	2262.000	144.183	1.23	99.9	9.11	280.352	0.01	0.1	99.9	26.677	2.576	9.327		chang4+5
地199-48	2262.125	143.769	1.369	99.9	7.761	282.5	0.01	0.1	99.9	27.343	2.494	7.741		chang4+5
地199-48	2262.250	131.387	1.473	81.105	8.143	279.499	0.01	0.1	99.9	25.289	2.404	7.885		chang4+5
地199-48	2262.375	113.182	1.536	56.109	10.117	273.182	0.01	0.1	99.9	19.385	2.404	9.775		chang4+5
地199-48	2262.500	97.248	1.555	39.53	12.483	264.445	0.01	0.1	99.9	14.82	2.484	12.275		chang4+5
地199-48	2262.625	89.325	1.543	34.55	13.806	255.083	0.01	0.1	99.9	13.711	2.586	13.794		chang4+5
地199-48	2262.750	89.599	1.508	35.487	13.786	247.384	0.01	0.1	99.9	13.967	2.644	13.883		chang4+5
地199-48	2262.875	93.747	1.431	39.546	13.046	242.944	0.01	0.1	99.9	15.165	2.667	13.172		chang4+5
地199-48	2263.000	102.272	1.289	49.578	12.178	243.885	0.01	0.1	99.9	17.485	2.655	12.245		chang4+5
地199-48	2263.125	116.676	1.063	68.636	11.784	248.741	0.01	0.1	99.9	20.103	2.622	11.756		chang4+5
地199-48	2263.250	131.041	0.746	89.008	12.03	254.236	0.01	0.1	99.9	22.321	2.592	11.962		chang4+5
地199-48	2263.375	141.062	0.34	99.9	12.452	260.22	0.01	0.1	99.9	23.448	2.585	12.459		chang4+5
地199-48	2263.500	145.413	-0.161	99.9	12.269	266.725	0.01	0.1	99.9	23.509	2.606	12.407		chang4+5
地199-48	2263.625	153.654	-0.77	99.9	11.191	272.758	0.01	0.1	99.9	24.612	2.614	11.401		chang4+5
地199-48	2263.750	163.786	-1.472	99.9	9.732	277.148	0.01	0.1	99.9	27.354	2.549	9.864		chang4+5
地199-48	2263.875	161.148	-2.207	99.9	8.903	278.736	0.01	0.1	99.9	29.816	2.442	8.901		chang4+5
地199-48	2264.000	144.539	-2.892	99.9	8.997	277.412	0.01	0.1	99.9	30.657	2.39	8.917		chang4+5
地199-48	2264.125	123.419	-3.477	69.114	9.594	273.25	0.01	0.1	99.9	27.377	2.45	9.502		chang4+5
地199-48	2264.250	107.173	-3.952	50.133	10.263	266.623	0.01	0.1	99.9	22.094	2.536	10.171		chang4+5
地199-48	2264.375	94.261	-4.321	37.313	10.955	257.103	0.01	0.1	99.9	18.53	2.592	10.844		chang4+5
地199-48	2264.500	85.531	-4.588	30.51	11.785	246.925	0.01	0.1	99.9	16.828	2.617	11.659		chang4+5
地199-48	2264.625	84.287	-4.74	30.896	12.632	240.352	0.01	0.1	99.9	15.672	2.618	12.577		chang4+5
地199-48	2264.750	89.911	-4.778	36.797	12.803	240.384	0.01	0.1	99.9	15.607	2.606	12.976		chang4+5
地199-48	2264.875	101.046	-4.721	48.619	11.377	247.9	0.01	0.1	99.9	17.583	2.584	11.715		chang4+5
地199-48	2265.000	116.887	-4.573	69.466	8.97	259.717	0.01	0.1	99.9	20.899	2.543	9.245		chang4+5
地199-48	2265.125	133.957	-4.337	93.55	7.108	272.624	0.01	0.1	99.9	25.8	2.476	7.23		chang4+5
地199-48	2265.250	143.812	-4.013	99.9	6.292	285.04	0.01	0.1	99.9	31.053	2.429	6.338		chang4+5
地199-48	2265.375	148.999	-3.612	99.9	5.997	294.506	0.01	0.1	99.9	33.533	2.421	6.003		chang4+5
地199-48	2265.500	153.697	-3.185	99.9	6.032	298.758	0.01	0.1	99.9	33.261	2.429	5.962		chang4+5
地199-48	2265.625	154.063	-2.79	99.9	6.659	296.557	0.01	0.1	99.9	31.391	2.423	6.476		chang4+5
地199-48	2265.750	145.231	-2.445	99.9	8.074	289.293	0.01	0.1	99.9	28.4	2.445	7.814		chang4+5
地199-48	2265.875	128.234	-2.139	76.283	9.922	279.504	0.01	0.1	99.9	23.965	2.513	9.719		chang4+5
地199-48	2266.000	116.109	-1.865	61.684	11.303	268.394	0.01	0.1	99.9	20.472	2.582	11.206		chang4+5
地199-48	2266.125	110.734	-1.636	56.696	11.958	258.112	0.01	0.1	99.9	18.693	2.62	11.918		chang4+5
地199-48	2266.250	109.65	-1.45	55.636	12.248	250.735	0.01	0.1	99.9	17.79	2.628	12.208		chang4+5
地199-48	2266.375	110.48	-1.287	57.6	12.549	247.384	0.01	0.1	99.9	17.946	2.63	12.504		chang4+5
地199-48	2266.500	114.499	-1.129	63.112	12.878	247.546	0.01	0.1	99.9	18.681	2.629	12.838		chang4+5
地199-48	2266.625	123.118	-0.968	75.89	13.148	250.207	0.01	0.1	99.9	19.326	2.623	13.129		chang4+5
地199-48	2266.750	135.222	-0.796	97.01	13.266	254.519	0.01	0.1	99.9	20.049	2.606	13.268		chang4+5
地199-48	2266.875	143.612	-0.607	99.9	13.255	259.931	0.01	0.1	99.9	20.709	2.576	13.258		chang4+5
地199-48	2267.000	142.488	-0.4	99.9	13.224	264.47	0.01	0.1	99.9	22.351	2.542	13.24		chang4+5
地199-48	2267.125	136.528	-0.184	91.592	13.045	266.862	0.01	0.1	99.9	24.469	2.527	13.128		chang4+5
地199-48	2267.250	132.923	0.02	88.203	12.461	266.773	0.01	0.1	99.9	24.272	2.531	12.525		chang4+5
地199-48	2267.375	131.776	0.184	86.007	12.123	264.595	0.01	0.1	99.9	23.38	2.541	12.06		chang4+5
地199-48	2267.500	127.796	0.293	78.014	12.651	260.896	0.01	0.1	99.9	22.775	2.564	12.521		chang4+5
地199-48	2267.625	122.09	0.354	71.403	13.541	255.968	0.01	0.1	99.9	20.843	2.595	13.468		chang4+5
地199-48	2267.750	122.439	0.386	72.602	13.97	251.805	0.01	0.1	99.9	19.069	2.628	13.999		chang4+5
地199-48	2267.875	125.8	0.388	77.575	13.687	250.391	0.01	0.1	99.9	18.333	2.653	13.789		chang4+5
地199-48	2268.000	126.329	0.349	78.034	12.898	251.197	0.01	0.1	99.9	19.359	2.66	13.048		chang4+5
地199-48	2268.125	130.426	0.26	85.211	11.765	253.714	0.01	0.1	99.9	21.596	2.65	11.951		chang4+5
地199-48	2268.250	140.114	0.128	99.9	10.463	257.514	0.01	0.1	99.9	23.697	2.63	10.59		chang4+5
地199-48	2268.375	148.506	-0.047	99.9	9.625	261.846	0.01	0.1	99.9	24.855	2.622	9.659		chang4+5
地199-48	2268.500	149.703	-0.265	99.9	9.426	265.782	0.01	0.1	99.9	25.562	2.63	9.41		chang4+5
地199-48	2268.625	148.914	-0.518	99.9	9.546	269.136	0.01	0.1	99.9	26.206	2.629	9.529		chang4+5
地199-48	2268.750	151.221	-0.789	99.9	9.541	273.524	0.01	0.1	99.9	27.1	2.627	9.651		chang4+5
地199-48	2268.875	153.216	-1.074	99.9	8.629	280.681	0.01	0.1	99.9	28.118	2.624	8.847		chang4+5
地199-48	2269.000	152.052	-1.38	99.9	7.083	287.944	0.01	0.1	99.9	29.245	2.603	7.25		chang4+5
地199-48	2269.125	149.079	-1.722	99.9	6.004	294.424	0.01	0.1	99.9	31.069	2.542	6.033		chang4+5
地199-48	2269.250	148.244	-2.098	99.9	5.926	299.38	0.01	0.1	99.9	33.767	2.452	5.821		chang4+5
地199-48	2269.375	152.712	-2.489	99.9	6.762	300.917	0.01	0.1	99.9	35.111	2.421	6.593		chang4+5
地199-48	2269.500	162.413	-2.875	99.9	7.951	299.25	0.01	0.1	99.9	33.798	2.477	7.829		chang4+5
地199-48	2269.625	171.022	-3.256	99.9	8.796	293.799	0.01	0.1	99.9	31.546	2.548	8.721		chang4+5
地199-48	2269.750	172.838	-3.656	99.9	9.365	284.546	0.01	0.1	99.9	29.231	2.57	9.269		chang4+5
地199-48	2269.875	160.974	-4.089	99.9	10.103	273.257	0.01	0.1	99.9	26.79	2.565	9.971		chang4+5
地199-48	2270.000	138.758	-4.54	90.058	11.08	261.157	0.01	0.1	99.9	24.023	2.562	10.936		chang4+5
地199-48	2270.125	117.003	-4.974	60.787	12.13	251.051	0.01	0.1	99.9	21.356	2.575	11.992		chang4+5
地199-48	2270.250	106.45	-5.351	50.231	13.141	244.558	0.01	0.1	99.9	18.969	2.602	13.006		chang4+5
地199-48	2270.375	107.697	-5.64	55.494	14.142	239.387	0.01	0.1	99.9	17.507	2.633	13.996		chang4+5
地199-48	2270.500	114.553	-5.818	63.729	15.238	235.038	0.01	0.1	99.9	17.013	2.653	15.063		chang4+5
地199-48	2270.625	112.984	-5.861	58.921	16.543	231.87	0.01	0.1	99.9	16.522	2.654	16.343		chang4+5
地199-48	2270.750	98.816	-5.774	40.561	17.996	230.443	0.01	0.1	99.9	15.78	2.627	17.81	干层	chang4+5
地199-48	2270.875	81.086	-5.592	25.437	19.268	230.629	0.01	0.1	99.9	14.978	2.583	19.175	干层	chang4+5
地199-48	2271.000	70.682	-5.356	18.937	19.804	231.736	0.01	0.1	99.9	13.966	2.547	19.854	干层	chang4+5
地199-48	2271.125	71.669	-5.088	21.826	19.305	233.563	0.01	0.1	99.9	13.128	2.527	19.485	干层	chang4+5
地199-48	2271.250	88.28	-4.76	37.337	17.966	235.68	0.01	0.1	99.9	13.538	2.526	18.168	干层	chang4+5
地199-48	2271.375	112.517	-4.33	65.873	16.534	237.472	0.01	0.1	99.9	15.822	2.554	16.688	干层	chang4+5
地199-48	2271.500	134.389	-3.79	94.9	15.49	238.695	0.01	0.1	99.9	19.098	2.613	15.56	干层	chang4+5
地199-48	2271.625	145.289	-3.175	99.9	15.051	239.253	0.01	0.1	99.9	20.964	2.665	15.05	干层	chang4+5
地199-48	2271.750	143.948	-2.547	99.9	15.1	239.565	0.01	0.1	99.9	20.946	2.682	15.054	干层	chang4+5
地199-48	2271.875	130.421	-1.964	78.689	15.428	240.3	0.01	0.1	99.9	19.889	2.669	15.387	干层	chang4+5
地199-48	2272.000	110.664	-1.467	52.337	15.68	242.152	0.01	0.1	99.9	18.465	2.649	15.688	干层	chang4+5
地199-48	2272.125	99.818	-1.058	44.804	15.553	245.796	0.01	0.1	99.9	17.726	2.628	15.628	干层	chang4+5
地199-48	2272.250	106.558	-0.718	54.985	15.023	250.89	0.01	0.1	99.9	18.895	2.608	15.081	干层	chang4+5
地199-48	2272.375	121.77	-0.43	75.76	14.635	256.128	0.01	0.1	99.9	21.546	2.577	14.653	干层	chang4+5
地199-48	2272.500	133.281	-0.176	91.519	14.513	260.244	0.01	0.1	99.9	24.285	2.537	14.52	干层	chang4+5
地199-48	2272.625	136.666	0.058	94.386	14.463	262.31	0.01	0.1	99.9	25.115	2.507	14.468	干层	chang4+5
地199-48	2272.750	132.985	0.269	86.904	14.446	262.745	0.01	0.1	99.9	24.056	2.516	14.436	干层	chang4+5
地199-48	2272.875	125.634	0.44	75.363	14.538	261.792	0.01	0.1	99.9	22.065	2.555	14.509	干层	chang4+5
地199-48	2273.000	121.705	0.55	70.62	14.744	259.061	0.01	0.1	99.9	20.884	2.584	14.721	干层	chang4+5
地199-48	2273.125	121.759	0.6	71.74	14.894	255.595	0.01	0.1	99.9	21.228	2.585	14.89	干层	chang4+5
地199-48	2273.250	123.567	0.61	73.595	14.915	252.94	0.01	0.1	99.9	22.133	2.564	14.923	干层	chang4+5
地199-48	2273.375	123.408	0.604	74.206	14.801	253.063	0.01	0.1	99.9	22.762	2.548	14.869	干层	chang4+5
地199-48	2273.500	123.575	0.589	74.036	14.188	256.613	0.01	0.1	99.9	23.255	2.56	14.371	干层	chang4+5
地199-48	2273.625	128.021	0.564	82.095	12.792	262.699	0.01	0.1	99.9	23.141	2.595	13.029	干层	chang4+5
地199-48	2273.750	138.415	0.521	99.9	11.129	270.047	0.01	0.1	99.9	24.524	2.612	11.291	干层	chang4+5
地199-48	2273.875	150.412	0.464	99.9	10.073	276.844	0.01	0.1	99.9	28.266	2.598	10.105	干层	chang4+5
地199-48	2274.000	153.078	0.403	99.9	9.952	281.836	0.01	0.1	99.9	30.887	2.56	9.877	干层	chang4+5
地199-48	2274.125	143.726	0.341	99.9	10.522	285.473	0.01	0.1	99.9	30.44	2.518	10.428	干层	chang4+5
地199-48	2274.250	130.491	0.273	81.402	11.092	288.405	0.01	0.1	99.9	28.469	2.5	11.116	干层	chang4+5
地199-48	2274.375	124.96	0.198	75.209	10.821	289.654	0.01	0.1	99.9	26.574	2.504	10.941	干层	chang4+5
地199-48	2274.500	126.922	0.12	80.846	9.999	288.353	0.01	0.1	99.9	24.924	2.515	10.06	干层	chang4+5
地199-48	2274.625	128.964	0.052	81.776	9.706	283.926	0.01	0.1	99.9	24.313	2.527	9.613	干层	chang4+5
地199-48	2274.750	127.33	0.012	78.416	10.464	276.672	0.01	0.1	99.9	25.22	2.547	10.293	干层	chang4+5
地199-48	2274.875	126.893	0.007	80.499	11.724	270.081	0.01	0.1	99.9	25.464	2.581	11.545	干层	chang4+5
地199-48	2275.000	130.662	0.032	85.89	13.021	263.301	0.01	0.1	99.9	23.473	2.63	12.854		chang4+5
地199-48	2275.125	128.639	0.079	80.296	14.248	254.65	0.01	0.1	99.9	20.986	2.663	14.074		chang4+5
地199-48	2275.250	116.189	0.14	61.08	15.522	244.122	0.01	0.1	99.9	18.673	2.665	15.345		chang4+5
地199-48	2275.375	101.7	0.209	44.731	16.755	233.272	0.01	0.1	99.9	15.802	2.646	16.636		chang4+5
地199-48	2275.500	92.408	0.281	36.225	17.505	225.653	0.01	0.1	99.9	12.871	2.634	17.508		chang4+5
地199-48	2275.625	89.052	0.357	34.751	17.351	221.954	0.01	0.1	99.9	10.874	2.633	17.49		chang4+5
地199-48	2275.750	91.05	0.446	36.92	16.263	220.991	0.01	0.1	99.9	10.612	2.64	16.469		chang4+5
地199-48	2275.875	97.734	0.551	44.3	14.745	223.006	0.01	0.1	99.9	11.862	2.647	14.962		chang4+5
地199-48	2276.000	110.247	0.669	60.976	13.154	227.689	0.01	0.1	99.9	14.844	2.649	13.374		chang4+5
地199-48	2276.125	125.543	0.79	80.319	11.563	234.243	0.01	0.1	99.9	18.425	2.639	11.762		chang4+5
地199-48	2276.250	131.144	0.902	86.508	10.179	240.882	0.01	0.1	99.9	20.565	2.614	10.311		chang4+5
地199-48	2276.375	127.701	0.99	78.706	9.291	246.699	0.01	0.1	99.9	21.961	2.587	9.345		chang4+5
地199-48	2276.500	123.918	1.049	73.954	8.915	251.364	0.01	0.1	99.9	23.28	2.573	8.956		chang4+5
地199-48	2276.625	120.819	1.086	68.818	8.59	254.628	0.01	0.1	99.9	23.575	2.571	8.656		chang4+5
地199-48	2276.750	115.692	1.126	62.096	8.094	257.338	0.01	0.1	99.9	22.929	2.584	8.168		chang4+5
地199-48	2276.875	113.631	1.184	60.403	7.579	260.268	0.01	0.1	99.9	23.296	2.594	7.629		chang4+5
地199-48	2277.000	120.323	1.263	71.698	7.229	263.501	0.01	0.1	99.9	25.132	2.589	7.263		chang4+5
地199-48	2277.125	131.029	1.35	88.761	7.012	266.975	0.01	0.1	99.9	27.204	2.581	7.013		chang4+5
地199-48	2277.250	139.446	1.433	99.9	7.066	269.607	0.01	0.1	99.9	28.08	2.577	7.009		chang4+5
地199-48	2277.375	139.961	1.506	98.914	7.533	270.056	0.01	0.1	99.9	28.774	2.587	7.43		chang4+5
地199-48	2277.500	132.185	1.571	84.463	8.295	268.084	0.01	0.1	99.9	27.807	2.595	8.183		chang4+5
地199-48	2277.625	124.711	1.63	73.391	9.095	264.015	0.01	0.1	99.9	24.791	2.604	9.001		chang4+5
地199-48	2277.750	120.834	1.681	69.624	9.755	259.011	0.01	0.1	99.9	21.888	2.624	9.689		chang4+5
地199-48	2277.875	119.329	1.719	67.96	10.214	253.889	0.01	0.1	99.9	20.353	2.644	10.17		chang4+5
地199-48	2278.000	117.371	1.737	65.255	10.552	249.074	0.01	0.1	99.9	19.997	2.653	10.491		chang4+5
地199-48	2278.125	112.963	1.729	59.04	11.039	245.075	0.01	0.1	99.9	20.014	2.644	10.939		chang4+5
地199-48	2278.250	106.784	1.689	51.215	11.777	242.549	0.01	0.1	99.9	19.426	2.638	11.673		chang4+5
地199-48	2278.375	101.299	1.597	45.547	12.512	240.722	0.01	0.1	99.9	18.303	2.635	12.435		chang4+5
地199-48	2278.500	99.395	1.436	44.975	13.041	238.807	0.01	0.1	99.9	17.23	2.639	13.002		chang4+5
地199-48	2278.625	102.615	1.199	49.101	13.32	236.701	0.01	0.1	99.9	16.84	2.651	13.287		chang4+5
地199-48	2278.750	103.513	0.893	48.8	13.557	234.723	0.01	0.1	99.9	16.737	2.659	13.522		chang4+5
地199-48	2278.875	98.827	0.536	43.006	13.816	233.197	0.01	0.1	99.9	16.961	2.658	13.779		chang4+5
地199-48	2279.000	97.79	0.144	43.27	14.102	232.192	0.01	0.1	99.9	17.501	2.654	14.051		chang4+5
地199-48	2279.125	101.86	-0.281	48.957	14.52	231.153	0.01	0.1	99.9	17.694	2.653	14.425		chang4+5
地199-48	2279.250	102.282	-0.729	46.894	15.296	229.411	0.01	0.1	99.9	17.484	2.655	15.124		chang4+5
地199-48	2279.375	94.197	-1.19	37.716	16.591	226.83	0.01	0.1	99.9	16.569	2.657	16.381		chang4+5
地199-48	2279.500	84.697	-1.648	29.214	18.067	223.907	0.01	0.1	99.9	14.855	2.656	17.913		chang4+5
地199-48	2279.625	80.698	-2.11	27.481	19.009	221.907	0.01	0.1	99.9	12.573	2.658	19.036		chang4+5
地199-48	2279.750	83.135	-2.608	29.783	18.643	222.704	0.01	0.1	99.9	10.827	2.662	18.835		chang4+5
地199-48	2279.875	91.975	-3.168	39.002	17.224	226.174	0.01	0.1	99.9	10.919	2.66	17.432		chang4+5
地199-48	2280.000	108.647	-3.787	59.101	15.801	231.608	0.01	0.1	99.9	13.581	2.639	15.914		chang4+5
地199-48	2280.125	127.499	-4.443	85.234	15.043	238.003	0.01	0.1	99.9	17.808	2.598	15.092		chang4+5
地199-48	2280.250	139.917	-5.108	99.9	14.712	244.073	0.01	0.1	99.9	21.834	2.549	14.736		chang4+5
地199-48	2280.375	140.306	-5.756	99.9	14.538	248.884	0.01	0.1	99.9	23.855	2.526	14.56		chang4+5
地199-48	2280.500	134.47	-6.365	89.017	14.387	251.209	0.01	0.1	99.9	23.208	2.53	14.4		chang4+5
地199-48	2280.625	125.325	-6.911	74.489	14.321	250.26	0.01	0.1	99.9	21.394	2.548	14.31		chang4+5
地199-48	2280.750	113.036	-7.359	56.83	14.422	246.965	0.01	0.1	99.9	20.702	2.563	14.387		chang4+5
地199-48	2280.875	98.063	-7.693	40.873	14.697	243.137	0.01	0.1	99.9	20.522	2.571	14.644		chang4+5
地199-48	2281.000	86.31	-7.94	31.145	15.051	239.809	0.01	0.1	99.9	19.811	2.57	15.026		chang4+5
地199-48	2281.125	81.242	-8.138	27.378	15.202	237.414	0.01	0.1	99.9	19.027	2.562	15.206		chang4+5
地199-48	2281.250	79.277	-8.292	26.253	15.182	235.579	0.01	0.1	99.9	18.614	2.548	15.18		chang4+5
地199-48	2281.375	79.034	-8.382	26.225	15.229	234.02	0.01	0.1	99.9	18.157	2.545	15.199		chang4+5
地199-48	2281.500	80.676	-8.393	27.655	15.474	232.611	0.01	0.1	99.9	17.683	2.558	15.418		chang4+5
地199-48	2281.625	87.094	-8.336	34.348	15.877	231.583	0.01	0.1	99.9	17.61	2.58	15.832		chang4+5
地199-48	2281.750	96.564	-8.249	43.66	16.112	232.473	0.01	0.1	99.9	18.149	2.607	16.161		chang4+5
地199-48	2281.875	105.848	-8.163	53.286	15.613	236.995	0.01	0.1	99.9	18.987	2.636	15.8		chang4+5
地199-48	2282.000	112.918	-8.107	61.287	14.155	244.031	0.01	0.1	99.9	20.259	2.655	14.432		chang4+5
地199-48	2282.125	120.566	-8.098	71.723	12.225	252.606	0.01	0.1	99.9	22.157	2.642	12.404		chang4+5
地199-48	2282.250	129.341	-8.15	85.66	11.091	261.038	0.01	0.1	99.9	24.208	2.599	11.097		chang4+5
地199-48	2282.375	136.314	-8.271	94.08	11.179	266.653	0.01	0.1	99.9	25.677	2.566	11.054		chang4+5
地199-48	2282.500	132.445	-8.446	85.609	12.11	267.886	0.01	0.1	99.9	25.159	2.554	11.967		chang4+5
地199-48	2282.625	121.978	-8.645	68.435	13.126	264.591	0.01	0.1	99.9	22.478	2.566	13.011		chang4+5
地199-48	2282.750	113.473	-8.831	59.347	13.938	257.139	0.01	0.1	99.9	18.724	2.595	13.849		chang4+5
地199-48	2282.875	105.65	-8.997	49.884	14.571	247.452	0.01	0.1	99.9	15.412	2.624	14.502		chang4+5
地199-48	2283.000	93.955	-9.151	37.066	15.025	237.57	0.01	0.1	99.9	13.29	2.632	15.005		chang4+5
地199-48	2283.125	82.996	-9.292	28.321	15.122	229.691	0.01	0.1	99.9	12.233	2.621	15.148		chang4+5
地199-48	2283.250	81.362	-9.405	27.999	14.931	226.658	0.01	0.1	99.9	11.963	2.611	14.957		chang4+5
地199-48	2283.375	88.142	-9.462	35.641	14.765	226.715	0.01	0.1	99.9	12.874	2.603	14.766		chang4+5
地199-48	2283.500	98.842	-9.446	46.12	14.789	228.137	0.01	0.1	99.9	14.811	2.6	14.753		chang4+5
地199-48	2283.625	105.223	-9.352	51.859	15.077	229.686	0.01	0.1	99.9	16.622	2.601	15.012		chang4+5
地199-48	2283.750	105.199	-9.18	50.364	15.597	230.327	0.01	0.1	99.9	17.542	2.608	15.492		chang4+5
地199-48	2283.875	99.003	-8.921	42.964	16.43	229.338	0.01	0.1	99.9	16.844	2.617	16.262		chang4+5
地199-48	2284.000	90.323	-8.575	34.068	17.714	226.694	0.01	0.1	99.9	14.683	2.628	17.495		chang4+5
地199-48	2284.125	81.608	-8.184	27.451	19.277	223.298	0.01	0.1	99.9	12.167	2.636	19.097		chang4+5
地199-48	2284.250	77.964	-7.8	25.068	20.448	220.039	0.01	0.1	99.9	10.439	2.635	20.416		chang4+5
地199-48	2284.375	79.257	-7.439	26.793	20.54	217.502	0.01	0.1	99.9	9.126	2.632	20.653		chang4+5
地199-48	2284.500	84.045	-7.083	31.666	19.659	216.155	0.01	0.1	99.9	8.879	2.627	19.831		chang4+5
地199-48	2284.625	93.016	-6.708	39.986	18.408	216.642	0.01	0.1	99.9	10.247	2.626	18.574		chang4+5
地199-48	2284.750	100.651	-6.311	47.252	17.224	218.686	0.01	0.1	99.9	12.545	2.631	17.362		chang4+5
地199-48	2284.875	106.278	-5.914	53.199	16.273	221.954	0.01	0.1	99.9	14.721	2.642	16.352		chang4+5
地199-48	2285.000	111.851	-5.534	59.897	15.759	226.329	0.01	0.1	99.9	16.387	2.65	15.77		chang4+5
地199-48	2285.125	116.333	-5.18	64.933	15.725	231.589	0.01	0.1	99.9	17.854	2.65	15.691		chang4+5
地199-48	2285.250	117.717	-4.849	66.37	15.972	237.197	0.01	0.1	99.9	19.388	2.637	15.94		chang4+5
地199-48	2285.375	120.009	-4.568	69.13	16.194	242.142	0.01	0.1	99.9	21.207	2.613	16.176		chang4+5
地199-48	2285.500	123.717	-4.373	74.477	16.302	245.388	0.01	0.1	99.9	22.931	2.577	16.308		chang4+5
地199-48	2285.625	123.752	-4.277	74.143	16.238	246.546	0.01	0.1	99.9	23.953	2.543	16.266		chang4+5
地199-48	2285.750	117.833	-4.259	63.762	16.038	245.82	0.01	0.1	99.9	22.911	2.547	16.063	油层	chang4+5
地199-48	2285.875	110.106	-4.283	54.161	15.874	243.544	0.01	0.1	99.9	19.688	2.586	15.881	油层	chang4+5
地199-48	2286.000	106.088	-4.338	51.766	15.839	239.965	0.01	0.1	99.9	17.606	2.618	15.835	油层	chang4+5
地199-48	2286.125	107.552	-4.426	54.129	15.87	235.794	0.01	0.1	99.9	16.944	2.629	15.862	油层	chang4+5
地199-48	2286.250	111.667	-4.546	58.822	15.933	231.912	0.01	0.1	99.9	16.792	2.631	15.924	油层	chang4+5
地199-48	2286.375	112.068	-4.691	58.974	15.99	229.256	0.01	0.1	99.9	16.945	2.638	15.992	油层	chang4+5
地199-48	2286.500	108.388	-4.844	53.24	15.953	228.138	0.01	0.1	99.9	17.014	2.642	15.978	油层	chang4+5
地199-48	2286.625	105.158	-4.999	50.565	15.74	228.626	0.01	0.1	99.9	16.893	2.646	15.794	油层	chang4+5
地199-48	2286.750	107.671	-5.156	54.599	15.311	230.487	0.01	0.1	99.9	17.19	2.646	15.394	油层	chang4+5
地199-48	2286.875	113.636	-5.311	62.574	14.692	232.921	0.01	0.1	99.9	17.638	2.638	14.79	油层	chang4+5
地199-48	2287.000	118.831	-5.451	68.744	14.004	235.345	0.01	0.1	99.9	18.538	2.619	14.072	油层	chang4+5
地199-48	2287.125	122.847	-5.557	73.893	13.586	237.219	0.01	0.1	99.9	19.548	2.589	13.58	油层	chang4+5
地199-48	2287.250	123.68	-5.618	73.818	13.703	238.279	0.01	0.1	99.9	19.803	2.564	13.622	油层	chang4+5
地199-48	2287.375	119.433	-5.641	66.952	14.312	238.201	0.01	0.1	99.9	19.13	2.566	14.214	油层	chang4+5
地199-48	2287.500	115.965	-5.633	63.073	14.963	236.736	0.01	0.1	99.9	17.723	2.587	14.929	油层	chang4+5
地199-48	2287.625	115.151	-5.603	62.269	15.253	234.162	0.01	0.1	99.9	16.852	2.597	15.18	油层	chang4+5
地199-48	2287.750	113.611	-5.568	60.491	15.779	231.08	0.01	0.1	99.9	15.256	2.613	15.714	油层	chang4+5
地199-48	2287.875	109.259	-5.539	54.134	16.244	229.004	0.01	0.1	99.9	13.872	2.627	16.193	油层	chang4+5
地199-48	2288.000	105.363	-5.524	50.124	16.553	229.761	0.01	0.1	99.9	13.053	2.64	16.561	油层	chang4+5
地199-48	2288.125	107.522	-5.527	54.325	16.434	234.753	0.01	0.1	99.9	13.445	2.649	16.502	油层	chang4+5
地199-48	2288.250	120.682	-5.54	74.329	15.914	243.542	0.01	0.1	99.9	15.088	2.641	16.001	油层	chang4+5
地199-48	2288.375	140.601	-5.545	99.9	15.291	252.907	0.01	0.1	99.9	17.947	2.593	15.362	油层	chang4+5
地199-48	2288.500	152.213	-5.529	99.9	14.786	260.72	0.01	0.1	99.9	22.047	2.514	14.841	油层	chang4+5
地199-48	2288.625	152.454	-5.496	99.9	14.407	265.822	0.01	0.1	99.9	26.446	2.445	14.437	油层	chang4+5
地199-48	2288.750	149.151	-5.463	99.9	14.23	267.417	0.01	0.1	99.9	27.022	2.442	14.223	油层	chang4+5
地199-48	2288.875	141.939	-5.453	99.9	14.312	265.095	0.01	0.1	99.9	24.298	2.493	14.278	油层	chang4+5
地199-48	2289.000	130.491	-5.477	81.521	14.57	259.228	0.01	0.1	99.9	20.905	2.56	14.523	油层	chang4+5
地199-48	2289.125	122.236	-5.547	71.312	14.929	251.109	0.01	0.1	99.9	18.526	2.607	14.867	油层	chang4+5
地199-48	2289.250	123.43	-5.652	74.494	15.416	243.247	0.01	0.1	99.9	17.428	2.631	15.319	油层	chang4+5
地199-48	2289.375	124.457	-5.76	75.164	16.168	236.488	0.01	0.1	99.9	17.053	2.632	16.027	油层	chang4+5
地199-48	2289.500	118.265	-5.825	65.712	17.204	231.351	0.01	0.1	99.9	16.809	2.629	17.055	油层	chang4+5
地199-48	2289.625	109.216	-5.815	54.885	18.265	227.565	0.01	0.1	99.9	15.747	2.629	18.148	油层	chang4+5
地199-48	2289.750	99.448	-5.732	43.802	19.042	224.624	0.01	0.1	99.9	13.694	2.636	19.003	油层	chang4+5
地199-48	2289.875	90.123	-5.617	34.38	19.228	222.499	0.01	0.1	99.9	11.488	2.649	19.285	油层	chang4+5
地199-48	2290.000	86.174	-5.514	32.237	18.732	221.539	0.01	0.1	99.9	10.399	2.662	18.867	油层	chang4+5
地199-48	2290.125	91.289	-5.457	37.556	17.713	222.475	0.01	0.1	99.9	10.848	2.665	17.879	油层	chang4+5
地199-48	2290.250	101.693	-5.462	48.112	16.52	226.813	0.01	0.1	99.9	12.436	2.662	16.67	油层	chang4+5
地199-48	2290.375	113.483	-5.528	62.045	15.473	235.158	0.01	0.1	99.9	14.688	2.656	15.576	油层	chang4+5
地199-48	2290.500	127.742	-5.642	82.754	14.783	246.593	0.01	0.1	99.9	17.837	2.656	14.819	油层	chang4+5
地199-48	2290.625	139.379	-5.787	99.9	14.559	260.006	0.01	0.1	99.9	21.789	2.641	14.553	油层	chang4+5
地199-48	2290.750	141.789	-5.95	99.9	14.608	273.19	0.01	0.1	99.9	25.863	2.588	14.593	油层	chang4+5
地199-48	2290.875	139.338	-6.142	98.452	14.709	284.035	0.01	0.1	99.9	29.651	2.496	14.702	油层	chang4+5
地199-48	2291.000	141.072	-6.406	99.9	14.768	290.662	0.01	0.1	99.9	31.376	2.412	14.757	油层	chang4+5
地199-48	2291.125	140.876	-6.779	99.9	14.863	292.003	0.01	0.1	99.9	30.012	2.38	14.84	油层	chang4+5
地199-48	2291.250	131.779	-7.257	84.407	15.047	287.863	0.01	0.1	99.9	28.231	2.414	15.013	油层	chang4+5
地199-48	2291.375	121.414	-7.803	69.388	15.307	279.73	0.01	0.1	99.9	25.158	2.483	15.26	油层	chang4+5
地199-48	2291.500	115.678	-8.368	63.203	15.689	269.088	0.01	0.1	99.9	21.208	2.561	15.607	油层	chang4+5
地199-48	2291.625	110.74	-8.908	56.891	16.33	257.515	0.01	0.1	99.9	18.302	2.607	16.206	油层	chang4+5
地199-48	2291.750	101.542	-9.395	45.77	17.248	246.795	0.01	0.1	99.9	16.691	2.619	17.112	油层	chang4+5
地199-48	2291.875	90.085	-9.814	34.723	18.19	238.387	0.01	0.1	99.9	15.48	2.611	18.106	油层	chang4+5
地199-48	2292.000	83.704	-10.146	29.226	18.734	233.219	0.01	0.1	99.9	14.051	2.605	18.718	油层	chang4+5
地199-48	2292.125	83.878	-10.391	30.524	18.802	230.426	0.01	0.1	99.9	13.162	2.604	18.835	油层	chang4+5
地199-48	2292.250	85.802	-10.577	32.019	18.529	228.802	0.01	0.1	99.9	13.442	2.602	18.592	油层	chang4+5
地199-48	2292.375	85.473	-10.721	31.037	18.051	227.93	0.01	0.1	99.9	14.074	2.6	18.132	油层	chang4+5
地199-48	2292.500	87.005	-10.804	32.895	17.437	227.906	0.01	0.1	99.9	14.597	2.6	17.538	油层	chang4+5
地199-48	2292.625	92.204	-10.786	38.192	16.666	228.911	0.01	0.1	99.9	14.978	2.602	16.796	油层	chang4+5
地199-48	2292.750	98.007	-10.651	43.68	15.672	230.841	0.01	0.1	99.9	15.33	2.606	15.841	油层	chang4+5
地199-48	2292.875	104.825	-10.397	50.828	14.352	233.888	0.01	0.1	99.9	16.012	2.614	14.607	油层	chang4+5
地199-48	2293.000	117.675	-10.008	67.475	12.397	236.814	0.01	0.1	99.9	17.582	2.621	12.748	油层	chang4+5
地199-48	2293.125	140.268	-9.466	99.9	9.854	236.984	0.01	0.1	99.9	21.252	2.619	10.185	油层	chang4+5
地199-48	2293.250	165.933	-8.798	99.9	7.58	236.512	0.01	0.1	99.9	26.656	2.569	7.761		chang4+5
地199-48	2293.375	181.729	-8.077	99.9	6.449	236.714	0.01	0.1	99.9	30.562	2.443	6.436		chang4+5
地199-48	2293.500	176.639	-7.367	99.9	6.693	238.58	0.01	0.1	99.9	32.915	2.299	6.528		chang4+5
地199-48	2293.625	157.466	-6.708	99.9	7.963	239.9	0.01	0.1	99.9	33.623	2.284	7.733		chang4+5
地199-48	2293.750	137.523	-6.08	92.241	9.651	238.805	0.01	0.1	99.9	30.445	2.406	9.413		chang4+5
地199-48	2293.875	120.541	-5.423	68.139	11.475	237.356	0.01	0.1	99.9	23.984	2.531	11.151		chang4+5
地199-48	2294.000	102.923	-4.689	46.392	13.953	236.203	0.01	0.1	99.9	18.288	2.586	13.523		chang4+5
地199-48	2294.125	82.807	-3.899	27.476	17.017	233.569	0.01	0.1	99.9	14.133	2.606	16.664		chang4+5
地199-48	2294.250	65.787	-3.095	15.424	19.364	230.042	0.01	0.1	99.9	10.908	2.627	19.249		chang4+5
地199-48	2294.375	57.934	-2.292	11.463	19.975	225.607	0.01	0.1	99.9	9.607	2.633	20.092		chang4+5
地199-48	2294.500	61.168	-1.529	13.933	19.046	222.742	0.01	0.1	99.9	9.745	2.633	19.235		chang4+5
地199-48	2294.625	70.976	-0.865	21.287	17.674	221.915	0.01	0.1	99.9	10.842	2.64	17.855		chang4+5
地199-48	2294.750	81.279	-0.333	28.758	16.376	223.985	0.01	0.1	99.9	13.091	2.651	16.526		chang4+5
地199-48	2294.875	88.992	0.071	35.175	15.318	229.275	0.01	0.1	99.9	15.668	2.652	15.427		chang4+5
地199-48	2295.000	97.694	0.395	43.88	14.557	235.861	0.01	0.1	99.9	17.199	2.649	14.628		chang4+5
地199-48	2295.125	109.203	0.685	57.102	14.063	242.1	0.01	0.1	99.9	18.37	2.645	14.105		chang4+5
地199-48	2295.250	118.161	0.955	67.627	13.776	247.601	0.01	0.1	99.9	19.618	2.639	13.801		chang4+5
地199-48	2295.375	121.797	1.185	71.178	13.576	253.063	0.01	0.1	99.9	20.492	2.629	13.619		chang4+5
地199-48	2295.500	120.701	1.349	69.757	13.233	259.737	0.01	0.1	99.9	21.044	2.622	13.304		chang4+5
地199-48	2295.625	121.769	1.437	71.523	12.702	268.253	0.01	0.1	99.9	22.111	2.613	12.788		chang4+5
地199-48	2295.750	125.884	1.476	77.956	12.068	278.515	0.01	0.1	99.9	24.966	2.6	12.161		chang4+5
地199-48	2295.875	133.675	1.482	90.673	11.357	290.914	0.01	0.1	99.9	29.121	2.565	11.477		chang4+5
地199-48	2296.000	143.371	1.46	99.9	10.435	304.275	0.01	0.1	99.9	33.718	2.497	10.598		chang4+5
地199-48	2296.125	152.062	1.418	99.9	9.254	315.819	0.01	0.1	99.9	37.047	2.406	9.406		chang4+5
地199-48	2296.250	152.936	1.36	99.9	8.204	322.257	0.01	0.1	99.9	37.847	2.335	8.293		chang4+5
地199-48	2296.375	145.154	1.291	99.9	7.615	323.697	0.01	0.1	99.9	36.064	2.337	7.638		chang4+5
地199-48	2296.500	136.317	1.212	92.499	7.482	321.647	0.01	0.1	99.9	32.657	2.416	7.475		chang4+5
地199-48	2296.625	132.922	1.114	88.42	7.542	317.309	0.01	0.1	99.9	29.837	2.516	7.529		chang4+5
地199-48	2296.750	128.44	0.991	80.442	7.664	310.652	0.01	0.1	99.9	28.238	2.591	7.623		chang4+5
地199-48	2296.875	120.204	0.852	68.092	8.048	302.238	0.01	0.1	99.9	27.474	2.607	7.927		chang4+5
地199-48	2297.000	112.288	0.708	58.321	9.037	293.102	0.01	0.1	99.9	27.382	2.582	8.815		chang4+5
地199-48	2297.125	104.03	0.566	48.578	10.754	283.409	0.01	0.1	99.9	26.519	2.548	10.443		chang4+5
地199-48	2297.250	94.688	0.415	38.72	13.016	273.288	0.01	0.1	99.9	24.048	2.558	12.718		chang4+5
地199-48	2297.375	90.655	0.241	36.052	15.135	262.229	0.01	0.1	99.9	20.052	2.606	14.897		chang4+5
地199-48	2297.500	91.069	0.038	36.977	16.832	250.406	0.01	0.1	99.9	15.671	2.645	16.636		chang4+5
地199-48	2297.625	89.299	-0.192	34.906	18.201	239.154	0.01	0.1	99.9	13.51	2.651	18.069		chang4+5
地199-48	2297.750	81.32	-0.463	27.228	19.053	230.289	0.01	0.1	99.9	12.906	2.648	19.038		chang4+5
地199-48	2297.875	74.161	-0.789	22.164	19.069	225.682	0.01	0.1	99.9	13.097	2.646	19.149		chang4+5
地199-48	2298.000	77.486	-1.166	25.081	18.47	225.649	0.01	0.1	99.9	13.585	2.639	18.559		chang4+5
地199-48	2298.125	88.963	-1.549	35.964	17.839	228.052	0.01	0.1	99.9	14.684	2.621	17.91		chang4+5
地199-48	2298.250	99.442	-1.879	45.626	17.306	231.774	0.01	0.1	99.9	16.607	2.599	17.388		chang4+5
地199-48	2298.375	105.709	-2.115	52.185	16.677	235.84	0.01	0.1	99.9	18.315	2.585	16.788		chang4+5
地199-48	2298.500	109.198	-2.27	56.265	15.859	238.957	0.01	0.1	99.9	19.545	2.581	15.976		chang4+5
地199-48	2298.625	107.829	-2.396	53.61	15.033	240.4	0.01	0.1	99.9	20.119	2.586	15.116		chang4+5
地199-48	2298.750	98.481	-2.531	42.765	14.461	240.647	0.01	0.1	99.9	19.34	2.588	14.514		chang4+5
地199-48	2298.875	86.28	-2.684	31.072	14.088	240.512	0.01	0.1	99.9	17.441	2.578	14.126		chang4+5
地199-48	2299.000	79.39	-2.84	25.731	13.834	240.733	0.01	0.1	99.9	15.971	2.565	13.849		chang4+5
地199-48	2299.125	84.388	-2.975	31.351	13.736	241.752	0.01	0.1	99.9	15.833	2.561	13.74	干层	chang4+5
地199-48	2299.250	97.814	-3.05	44.686	13.685	242.917	0.01	0.1	99.9	17.335	2.566	13.711	干层	chang4+5
地199-48	2299.375	105.27	-3.017	51.983	13.465	244.082	0.01	0.1	99.9	20.07	2.565	13.52	干层	chang4+5
地199-48	2299.500	103.024	-2.835	48.078	13.048	245.061	0.01	0.1	99.9	22.059	2.559	13.116	干层	chang4+5
地199-48	2299.625	97.105	-2.516	41.934	12.555	245.494	0.01	0.1	99.9	21.864	2.558	12.615	干层	chang4+5
地199-48	2299.750	89.366	-2.112	34.081	12.128	245.506	0.01	0.1	99.9	20.173	2.567	12.176	干层	chang4+5
地199-48	2299.875	81.435	-1.687	27.34	11.791	245.155	0.01	0.1	99.9	17.965	2.578	11.819	干层	chang4+5
地199-48	2300.000	79.699	-1.289	26.941	11.602	245.023	0.01	0.1	99.9	17.542	2.584	11.611	干层	chang4+5
地199-48	2300.125	87.838	-0.922	34.232	11.526	246.403	0.01	0.1	99.9	18.379	2.575	11.541	干层	chang4+5
地199-48	2300.250	100.57	-0.556	47.642	11.394	249.208	0.01	0.1	99.9	19.256	2.559	11.433	干层	chang4+5
地199-48	2300.375	114.688	-0.167	63.954	11.104	252.722	0.01	0.1	99.9	20.798	2.556	11.153	干层	chang4+5
地199-48	2300.500	125.984	0.242	79.777	10.762	255.961	0.01	0.1	99.9	22.409	2.558	10.792	干层	chang4+5
地199-48	2300.625	129.496	0.648	83.684	10.557	258.325	0.01	0.1	99.9	23.137	2.554	10.571	干层	chang4+5
地199-48	2300.750	125.62	1.017	75.668	10.439	259.614	0.01	0.1	99.9	23.148	2.546	10.475	干层	chang4+5
地199-48	2300.875	120.575	1.309	69.064	10.159	259.635	0.01	0.1	99.9	22.275	2.553	10.214	干层	chang4+5
地199-48	2301.000	120.197	1.487	70.196	9.808	258.552	0.01	0.1	99.9	21.376	2.569	9.815	干层	chang4+5
地199-48	2301.125	123.464	1.535	74.843	9.85	256.69	0.01	0.1	99.9	21.023	2.578	9.764	干层	chang4+5
地199-48	2301.250	119.623	1.453	67.862	10.545	254.134	0.01	0.1	99.9	20.587	2.587	10.39	干层	chang4+5
地199-48	2301.375	108.856	1.261	53.628	11.692	250.976	0.01	0.1	99.9	19.768	2.6	11.524	干层	chang4+5
地199-48	2301.500	98.264	0.978	42.176	12.889	247.26	0.01	0.1	99.9	18.248	2.622	12.755	干层	chang4+5
地199-48	2301.625	92.399	0.611	37.369	13.834	243.171	0.01	0.1	99.9	16.923	2.638	13.74	干层	chang4+5
地199-48	2301.750	92.28	0.166	37.981	14.502	238.93	0.01	0.1	99.9	16.74	2.642	14.428	干层	chang4+5
地199-48	2301.875	96.839	-0.362	42.775	15.043	234.696	0.01	0.1	99.9	16.853	2.645	14.97	干层	chang4+5
地199-48	2302.000	100.447	-0.967	46.032	15.593	231.081	0.01	0.1	99.9	16.871	2.654	15.501		chang4+5
地199-48	2302.125	104.336	-1.625	50.243	16.301	228.753	0.01	0.1	99.9	17.082	2.659	16.172		chang4+5
地199-48	2302.250	108.243	-2.324	55.432	17.287	227.413	0.01	0.1	99.9	17.456	2.659	17.116		chang4+5
地199-48	2302.375	109.697	-3.065	55.954	18.619	226.203	0.01	0.1	99.9	17.539	2.659	18.366		chang4+5
地199-48	2302.500	105.047	-3.849	50.225	20.589	224.442	0.01	0.1	99.9	17.262	2.661	20.214		chang4+5
地199-48	2302.625	92.183	-4.661	36.42	23.428	221.678	0.01	0.1	99.9	16.56	2.663	22.956		chang4+5
地199-48	2302.750	78.618	-5.474	13.472	26.903	218.245	1.865	10.342	46.086	15.325	2.655	26.403		chang4+5
地199-48	2302.875	70.942	-6.256	10.958	30.483	214.684	0.01	9.837	45.056	13.114	2.644	30.059		chang4+5
地199-48	2303.000	68.497	-6.968	10.094	33.438	211.747	0.01	9.395	44.597	10.725	2.645	33.159		chang4+5
地199-48	2303.125	67.933	-7.578	9.691	35.286	210.233	0.01	9.123	44.368	9.464	2.645	35.204		chang4+5
地199-48	2303.250	67.454	-8.065	9.673	35.743	210.897	0.01	9.142	43.92	9.885	2.63	35.804		chang4+5
地199-48	2303.375	68.405	-8.409	10.188	35.227	213.903	0.01	9.498	42.793	11.413	2.594	35.358		chang4+5
地199-48	2303.500	68.868	-8.606	10.578	34.273	218.642	2.134	10.124	41.107	13.284	2.546	34.404		chang4+5
地199-48	2303.625	67.263	-8.652	10.382	33.312	224.093	3.215	10.879	39.237	15.281	2.503	33.441		chang4+5
地199-48	2303.750	66.605	-8.546	10.683	32.361	228.775	4.663	11.619	37.654	16.948	2.482	32.495		chang4+5
地199-48	2303.875	66.166	-8.28	10.743	31.372	231.004	5.303	11.927	37.399	17.884	2.482	31.518		chang4+5
地199-48	2304.000	63.434	-7.828	9.733	30.308	233.319	5.983	12.235	37.239	18.211	2.487	30.453		chang4+5
地199-48	2304.125	60.907	-7.195	9.345	29.283	235.456	6.899	12.597	36.979	17.966	2.498	29.397		chang4+5
地199-48	2304.250	62.588	-6.432	10.082	28.468	235.288	6.871	12.648	37.386	17.072	2.512	28.563		chang4+5
地199-48	2304.375	65.185	-5.582	10.593	27.721	232.807	5.813	12.355	38.607	15.763	2.529	27.866		chang4+5
地199-48	2304.500	66.485	-4.683	10.769	26.521	228.968	4.3	11.834	40.825	13.811	2.546	26.801		chang4+5
地199-48	2304.625	69.719	-3.769	11.612	24.333	225.068	2.956	11.274	44.257	11.546	2.572	24.751		chang4+5
地199-48	2304.750	76.715	-2.867	13.677	21.219	222.92	2.011	10.815	48.965	10.333	2.604	21.689		chang4+5
地199-48	2304.875	88.829	-1.996	35.914	17.85	225.869	0.01	0.1	99.9	11.25	2.634	18.252		chang4+5
地199-48	2305.000	109.059	-1.168	57.924	15.036	232.45	0.01	0.1	99.9	14.603	2.642	15.311		chang4+5
地199-48	2305.125	128.618	-0.4	85.349	13.175	241.385	0.01	0.1	99.9	19.198	2.613	13.304		chang4+5
地199-48	2305.250	136.334	0.287	94.209	12.352	251.063	0.01	0.1	99.9	23.18	2.546	12.36		chang4+5
地199-48	2305.375	132.117	0.873	86.131	12.317	259.049	0.01	0.1	99.9	25.515	2.507	12.301		chang4+5
地199-48	2305.500	122.15	1.333	71.0	12.408	263.635	0.01	0.1	99.9	25.504	2.529	12.414		chang4+5
地199-48	2305.625	111.791	1.668	57.435	12.31	264.762	0.01	0.1	99.9	22.292	2.596	12.371		chang4+5
地199-48	2305.750	108.194	1.904	53.086	11.828	262.369	0.01	0.1	99.9	19.832	2.641	11.927		chang4+5
地199-48	2305.875	113.334	2.077	61.344	11.115	259.567	0.01	0.1	99.9	19.997	2.65	11.207		chang4+5
地199-48	2306.000	126.456	2.207	80.809	10.512	257.206	0.01	0.1	99.9	21.405	2.63	10.533		chang4+5
地199-48	2306.125	138.913	2.271	99.9	10.448	255.607	0.01	0.1	99.9	22.45	2.609	10.382	干层	chang4+5
地199-48	2306.250	138.843	2.253	97.237	10.99	255.149	0.01	0.1	99.9	22.811	2.588	10.864	干层	chang4+5
地199-48	2306.375	123.887	2.173	71.807	11.911	255.088	0.01	0.1	99.9	22.276	2.572	11.788	干层	chang4+5
地199-48	2306.500	107.294	2.072	50.812	12.77	254.078	0.01	0.1	99.9	20.433	2.571	12.689	干层	chang4+5
地199-48	2306.625	98.817	1.986	43.792	13.315	251.184	0.01	0.1	99.9	18.282	2.583	13.279	干层	chang4+5
地199-48	2306.750	100.934	1.937	46.836	13.563	246.847	0.01	0.1	99.9	17.445	2.6	13.54	干层	chang4+5
地199-48	2306.875	103.451	1.941	49.232	13.742	241.824	0.01	0.1	99.9	17.737	2.612	13.709	干层	chang4+5
地199-48	2307.000	102.324	2.006	47.069	14.018	237.248	0.01	0.1	99.9	17.822	2.617	13.954	干层	chang4+5
地199-48	2307.125	98.236	2.133	43.232	14.513	233.813	0.01	0.1	99.9	16.921	2.616	14.426	干层	chang4+5
地199-48	2307.250	95.398	2.308	40.126	15.151	231.342	0.01	0.1	99.9	15.546	2.613	15.063	干层	chang4+5
地199-48	2307.375	93.629	2.506	38.496	15.761	229.266	0.01	0.1	99.9	13.981	2.609	15.709	干层	chang4+5
地199-48	2307.500	93.527	2.713	38.754	16.085	227.619	0.01	0.1	99.9	12.724	2.613	16.093	干层	chang4+5
地199-48	2307.625	98.602	2.947	44.446	15.954	227.847	0.01	0.1	99.9	12.645	2.623	16.032	干层	chang4+5
地199-48	2307.750	108.127	3.226	55.136	15.33	231.888	0.01	0.1	99.9	15.122	2.633	15.461	干层	chang4+5
地199-48	2307.875	122.303	3.55	74.595	14.364	239.532	0.01	0.1	99.9	20.087	2.606	14.507	干层	chang4+5
地199-48	2308.000	138.622	3.897	99.9	13.358	250.774	0.01	0.1	99.9	27.379	2.519	13.46	干层	chang4+5
地199-48	2308.125	151.402	4.247	99.9	12.689	264.024	0.01	0.1	99.9	35.368	2.39	12.715	干层	chang4+5
地199-48	2308.250	158.386	4.594	99.9	12.563	277.829	0.01	0.1	99.9	39.658	2.27	12.525	干层	chang4+5
地199-48	2308.375	158.158	4.935	99.9	12.9	288.698	0.01	0.1	99.9	39.724	2.219	12.805	干层	chang4+5
地199-48	2308.500	147.573	5.266	99.9	13.618	293.993	0.01	0.1	99.9	36.251	2.274	13.504	干层	chang4+5
地199-48	2308.625	132.319	5.586	84.947	14.445	292.234	0.01	0.1	99.9	30.193	2.393	14.337	干层	chang4+5
地199-48	2308.750	118.811	5.89	65.653	15.236	284.909	0.01	0.1	99.9	24.49	2.515	15.129	干层	chang4+5
地199-48	2308.875	106.835	6.179	51.357	16.014	274.106	0.01	0.1	99.9	20.255	2.594	15.908		chang4+5
地199-48	2309.000	97.981	6.459	42.246	16.759	261.324	0.01	0.1	99.9	16.543	2.646	16.684		chang4+5
地199-48	2309.125	95.284	6.73	40.312	17.226	248.473	0.01	0.1	99.9	13.997	2.66	17.235		chang4+5
地199-48	2309.250	95.706	6.985	40.67	17.091	238.24	0.01	0.1	99.9	12.779	2.649	17.173		chang4+5
地199-48	2309.375	101.098	7.227	46.481	16.458	231.613	0.01	0.1	99.9	12.429	2.638	16.573		chang4+5
地199-48	2309.500	110.602	7.476	58.525	15.635	228.656	0.01	0.1	99.9	13.366	2.64	15.726		chang4+5
地199-48	2309.625	118.725	7.744	69.16	15.019	228.114	0.01	0.1	99.9	15.304	2.646	15.062		chang4+5
地199-48	2309.750	120.004	8.021	68.806	14.738	228.941	0.01	0.1	99.9	17.443	2.657	14.745		chang4+5
地199-48	2309.875	117.113	8.28	64.868	14.693	230.256	0.01	0.1	99.9	18.59	2.669	14.693		chang4+5
地199-48	2310.000	116.129	8.5	64.276	14.687	231.598	0.01	0.1	99.9	18.991	2.68	14.695		chang4+5
地199-48	2310.125	113.94	8.672	60.798	14.615	232.66	0.01	0.1	99.9	18.864	2.687	14.633		chang4+5
地199-48	2310.250	114.247	8.807	61.378	14.483	233.237	0.01	0.1	99.9	18.525	2.68	14.499		chang4+5
地199-48	2310.375	121.325	8.911	72.823	14.371	233.345	0.01	0.1	99.9	18.52	2.667	14.382		chang4+5
地199-48	2310.500	127.105	8.997	79.558	14.293	233.335	0.01	0.1	99.9	18.67	2.661	14.304		chang4+5
地199-48	2310.625	124.543	9.07	74.789	14.207	233.476	0.01	0.1	99.9	18.637	2.662	14.222		chang4+5
地199-48	2310.750	119.342	9.132	67.301	14.09	233.902	0.01	0.1	99.9	18.393	2.666	14.114		chang4+5
地199-48	2310.875	115.418	9.188	62.685	13.892	234.491	0.01	0.1	99.9	18.164	2.669	13.938		chang4+5
地199-48	2311.000	113.615	9.229	60.254	13.539	235.091	0.01	0.1	99.9	17.838	2.669	13.607		chang4+5
地199-48	2311.125	114.79	9.241	62.655	13.018	235.803	0.01	0.1	99.9	17.726	2.673	13.11		chang4+5
地199-48	2311.250	119.231	9.211	68.795	12.326	237.346	0.01	0.1	99.9	18.362	2.679	12.436		chang4+5
地199-48	2311.375	126.021	9.139	78.622	11.528	241.509	0.01	0.1	99.9	19.821	2.678	11.633		chang4+5
地199-48	2311.500	132.534	9.034	89.141	10.784	249.928	0.01	0.1	99.9	21.959	2.669	10.867		chang4+5
地199-48	2311.625	138.639	8.908	98.523	10.217	260.057	0.01	0.1	99.9	24.083	2.647	10.256		chang4+5
地199-48	2311.750	140.939	8.771	99.9	9.994	269.992	0.01	0.1	99.9	26.007	2.609	9.973		chang4+5
地199-48	2311.875	137.41	8.635	94.664	10.174	277.844	0.01	0.1	99.9	28.362	2.565	10.125		chang4+5
地199-48	2312.000	131.921	8.508	85.29	10.51	281.916	0.01	0.1	99.9	28.942	2.543	10.484		chang4+5
地199-48	2312.125	129.116	8.395	82.164	10.659	282.482	0.01	0.1	99.9	26.411	2.562	10.673		chang4+5
地199-48	2312.250	130.211	8.283	83.92	10.516	279.775	0.01	0.1	99.9	23.463	2.607	10.568		chang4+5
地199-48	2312.375	131.366	8.154	86.523	10.133	274.705	0.01	0.1	99.9	22.299	2.637	10.188		chang4+5
地199-48	2312.500	125.95	7.994	76.902	9.765	269.429	0.01	0.1	99.9	22.441	2.646	9.786		chang4+5
地199-48	2312.625	116.808	7.804	62.977	9.676	264.963	0.01	0.1	99.9	23.291	2.636	9.631		chang4+5
地199-48	2312.750	109.467	7.601	54.803	10.067	262.299	0.01	0.1	99.9	24.12	2.628	9.962		chang4+5
地199-48	2312.875	109.942	7.396	56.454	10.875	261.899	0.01	0.1	99.9	23.916	2.626	10.731		chang4+5
地199-48	2313.000	115.892	7.186	64.925	11.939	261.25	0.01	0.1	99.9	23.169	2.628	11.784		chang4+5
地199-48	2313.125	117.331	6.963	66.057	13.071	258.64	0.01	0.1	99.9	22.176	2.625	12.916		chang4+5
地199-48	2313.250	109.936	6.71	54.737	14.2	253.651	0.01	0.1	99.9	20.283	2.624	14.056		chang4+5
地199-48	2313.375	101.178	6.405	45.861	15.187	247.191	0.01	0.1	99.9	18.057	2.634	15.106		chang4+5
地199-48	2313.500	98.959	6.017	44.067	15.692	240.446	0.01	0.1	99.9	16.104	2.645	15.698		chang4+5
地199-48	2313.625	99.389	5.525	44.694	15.581	235.13	0.01	0.1	99.9	14.774	2.655	15.66		chang4+5
地199-48	2313.750	103.087	4.932	49.042	14.996	231.921	0.01	0.1	99.9	14.77	2.658	15.082		chang4+5
地199-48	2313.875	112.484	4.257	61.129	14.404	231.308	0.01	0.1	99.9	15.965	2.657	14.455		chang4+5
地199-48	2314.000	118.731	3.541	68.387	14.066	233.154	0.01	0.1	99.9	17.54	2.649	14.084		chang4+5
地199-48	2314.125	115.292	2.823	62.02	13.966	236.194	0.01	0.1	99.9	19.06	2.635	13.952		chang4+5
地199-48	2314.250	107.697	2.11	52.841	14.116	239.58	0.01	0.1	99.9	19.939	2.618	14.056		chang4+5
地199-48	2314.375	99.021	1.389	24.524	14.585	242.267	2.929	13.51	66.192	20.006	2.599	14.494		chang4+5
地199-48	2314.500	89.105	0.662	19.921	15.246	243.022	3.315	13.686	64.018	19.594	2.586	15.16		chang4+5
地199-48	2314.625	78.217	-0.05	15.502	15.873	241.544	3.22	13.53	63.341	18.04	2.584	15.788		chang4+5
地199-48	2314.750	70.746	-0.724	12.755	16.482	238.691	2.816	13.152	63.644	16.4	2.596	16.404		chang4+5
地199-48	2314.875	71.502	-1.34	12.951	17.044	235.484	2.356	12.701	64.433	16.046	2.602	16.977		chang4+5
地199-48	2315.000	76.206	-1.875	14.698	17.535	232.691	1.985	12.29	65.299	16.349	2.594	17.472		chang4+5
地199-48	2315.125	78.99	-2.314	15.139	17.989	230.768	1.757	11.995	65.791	16.918	2.586	17.932		chang4+5
地199-48	2315.250	76.399	-2.637	14.009	18.41	229.922	1.658	11.837	65.774	17.65	2.577	18.348		chang4+5
地199-48	2315.375	75.123	-2.843	13.547	18.888	230.333	1.729	11.87	64.819	18.189	2.569	18.805		chang4+5
地199-48	2315.500	77.633	-2.98	14.87	19.521	231.343	1.921	12.014	63.146	17.813	2.562	19.416		chang4+5
地199-48	2315.625	79.236	-3.12	15.513	20.246	232.15	2.125	12.137	61.397	16.757	2.56	20.187		chang4+5
地199-48	2315.750	78.52	-3.308	14.893	20.525	232.729	2.245	12.205	60.471	15.976	2.555	20.613		chang4+5
地199-48	2315.875	81.583	-3.53	16.46	19.737	233.818	2.309	12.326	60.93	16.014	2.547	19.97		chang4+5
地199-48	2316.000	95.592	-3.737	23.235	17.977	235.923	2.397	12.584	62.596	17.036	2.542	18.269		chang4+5
地199-48	2316.125	115.371	-3.909	34.312	15.869	238.935	2.568	12.99	64.86	19.444	2.544	16.129		chang4+5
地199-48	2316.250	127.367	-4.055	42.217	14.08	242.148	2.788	13.441	67.093	21.938	2.544	14.229		chang4+5
地199-48	2316.375	123.571	-4.173	39.071	13.085	244.934	3.099	13.857	68.048	22.874	2.55	13.14		chang4+5
地199-48	2316.500	107.984	-4.248	30.594	12.727	246.641	3.383	14.13	67.987	22.322	2.562	12.736		chang4+5
地199-48	2316.625	98.695	-4.285	24.73	12.652	247.063	3.511	14.229	67.766	21.817	2.564	12.67		chang4+5
地199-48	2316.750	85.386	-4.322	18.995	12.526	246.037	3.347	14.141	68.467	20.271	2.557	12.542		chang4+5
地199-48	2316.875	81.189	-4.402	17.191	12.411	243.39	2.866	13.806	70.193	19.057	2.543	12.426		chang4+5
地199-48	2317.000	81.306	-4.521	16.897	12.31	239.981	2.296	13.331	72.61	18.247	2.545	12.32		chang4+5
地199-48	2317.125	81.767	-4.604	16.835	12.237	236.91	1.849	12.877	74.977	17.989	2.562	12.249		chang4+5
地199-48	2317.250	82.845	-4.565	17.043	12.127	234.932	1.578	12.562	76.84	18.225	2.567	12.161		chang4+5
地199-48	2317.375	86.508	-4.356	18.251	11.866	234.281	1.458	12.441	78.265	18.458	2.569	11.914		chang4+5
地199-48	2317.500	91.446	-3.994	20.696	11.535	234.479	1.429	12.462	79.338	18.63	2.579	11.562		chang4+5
地199-48	2317.625	95.002	-3.539	22.312	11.39	234.869	1.441	12.513	79.733	18.838	2.59	11.369		chang4+5
地199-48	2317.750	94.034	-3.027	21.829	11.568	235.323	1.508	12.578	78.84	19.028	2.582	11.527		chang4+5
地199-48	2317.875	88.463	-2.495	19.361	11.835	235.706	1.588	12.633	77.553	18.499	2.56	11.825		chang4+5
地199-48	2318.000	85.303	-1.991	17.802	11.862	236.095	1.633	12.678	77.085	17.593	2.547	11.898		chang4+5
地199-48	2318.125	87.611	-1.553	19.084	11.558	236.902	1.663	12.763	77.52	17.338	2.549	11.632		chang4+5
地199-48	2318.250	94.955	-1.176	22.524	10.998	238.535	1.747	12.967	78.327	18.26	2.56	11.092		chang4+5
地199-48	2318.375	108.181	-0.809	29.474	10.342	240.838	1.885	13.27	79.334	19.571	2.563	10.4		chang4+5
地199-48	2318.500	119.803	-0.399	36.966	10.002	243.516	2.141	13.643	79.117	20.539	2.557	9.979		chang4+5
地199-48	2318.625	119.868	0.061	36.805	10.228	245.93	2.549	14.0	76.755	21.19	2.557	10.15		chang4+5
地199-48	2318.750	110.061	0.534	55.216	10.812	247.395	0.01	0.1	99.9	21.237	2.577	10.72		chang4+5
地199-48	2318.875	104.393	0.978	50.058	11.508	247.328	0.01	0.1	99.9	20.261	2.605	11.395		chang4+5
地199-48	2319.000	101.058	1.365	46.664	12.381	245.369	0.01	0.1	99.9	18.675	2.609	12.22		chang4+5
地199-48	2319.125	94.198	1.681	39.1	13.576	241.507	0.01	0.1	99.9	16.862	2.604	13.394		chang4+5
地199-48	2319.250	86.936	1.924	32.419	14.844	236.322	0.01	0.1	99.9	15.218	2.606	14.722		chang4+5
地199-48	2319.375	87.359	2.11	32.981	15.62	230.987	0.01	0.1	99.9	14.191	2.617	15.618		chang4+5
地199-48	2319.500	94.032	2.278	39.458	15.576	226.735	0.01	0.1	99.9	13.764	2.628	15.634		chang4+5
地199-48	2319.625	101.807	2.469	47.361	15.163	224.558	0.01	0.1	99.9	13.983	2.636	15.212		chang4+5
地199-48	2319.750	108.16	2.7	54.513	14.837	224.196	0.01	0.1	99.9	15.294	2.639	14.854		chang4+5
地199-48	2319.875	112.459	2.964	59.831	14.742	225.177	0.01	0.1	99.9	16.803	2.644	14.729		chang4+5
地199-48	2320.000	111.754	3.238	58.661	14.871	226.857	0.01	0.1	99.9	17.737	2.647	14.823		chang4+5
地199-48	2320.125	107.222	3.498	52.354	15.219	228.682	0.01	0.1	99.9	18.114	2.647	15.17		chang4+5
地199-48	2320.250	105.376	3.734	51.019	15.544	230.118	0.01	0.1	99.9	18.014	2.642	15.528		chang4+5
地199-48	2320.375	105.001	3.945	50.864	15.647	230.696	0.01	0.1	99.9	17.486	2.636	15.646		chang4+5
地199-48	2320.500	104.066	4.134	49.649	15.687	230.356	0.01	0.1	99.9	16.856	2.634	15.656		chang4+5
地199-48	2320.625	101.254	4.3	46.404	15.967	229.258	0.01	0.1	99.9	16.363	2.632	15.882		chang4+5
地199-48	2320.750	98.855	4.449	44.032	16.634	227.196	0.01	0.1	99.9	15.955	2.626	16.504		chang4+5
地199-48	2320.875	98.497	4.6	43.831	17.575	223.86	0.01	0.1	99.9	15.426	2.621	17.45		chang4+5
地199-48	2321.000	97.789	4.768	42.916	18.465	222.166	0.01	0.1	99.9	14.73	2.622	18.367		chang4+5
地199-48	2321.125	94.675	4.952	39.835	19.137	220.738	0.01	0.1	99.9	14.28	2.632	19.081		chang4+5
地199-48	2321.250	92.838	5.141	37.724	19.506	219.427	0.01	0.1	99.9	14.115	2.639	19.492		chang4+5
地199-48	2321.375	95.49	5.332	40.916	19.585	218.092	0.01	0.1	99.9	13.928	2.647	19.594		chang4+5
地199-48	2321.500	97.464	5.534	43.024	19.549	216.933	0.01	0.1	99.9	13.422	2.652	19.531		chang4+5
地199-48	2321.625	95.778	5.75	41.071	19.678	216.155	0.01	0.1	99.9	12.878	2.651	19.66		chang4+5
地199-48	2321.750	91.187	5.972	36.529	19.729	215.887	0.01	0.1	99.9	12.742	2.648	19.79		chang4+5
地199-48	2321.875	89.517	6.189	34.603	19.202	216.508	0.01	0.1	99.9	12.422	2.648	19.347		chang4+5
地199-48	2322.000	93.256	6.401	38.181	18.112	218.137	0.01	0.1	99.9	12.416	2.652	18.287		chang4+5
地199-48	2322.125	103.885	6.615	49.619	16.835	220.598	0.01	0.1	99.9	13.551	2.652	17.006		chang4+5
地199-48	2322.250	120.014	6.843	70.181	15.594	223.863	0.01	0.1	99.9	15.501	2.646	15.753		chang4+5
地199-48	2322.375	131.76	7.082	86.953	14.462	227.671	0.01	0.1	99.9	17.251	2.641	14.589		chang4+5
地199-48	2322.500	134.485	7.312	90.676	13.59	231.672	0.01	0.1	99.9	18.426	2.645	13.663		chang4+5
地199-48	2322.625	132.943	7.508	88.34	13.096	235.417	0.01	0.1	99.9	19.455	2.651	13.131		chang4+5
地199-48	2322.750	130.1	7.664	83.64	12.877	238.306	0.01	0.1	99.9	20.102	2.652	12.877		chang4+5
地199-48	2322.875	126.574	7.792	78.24	12.922	239.975	0.01	0.1	99.9	20.107	2.646	12.874		chang4+5
地199-48	2323.000	123.145	7.893	73.511	13.333	240.105	0.01	0.1	99.9	20.04	2.641	13.227		chang4+5
地199-48	2323.125	118.445	7.959	66.91	14.164	238.593	0.01	0.1	99.9	19.689	2.642	13.997		chang4+5
地199-48	2323.250	110.044	7.992	56.39	15.405	235.587	0.01	0.1	99.9	18.504	2.645	15.217		chang4+5
地199-48	2323.375	99.969	8.011	44.991	16.729	231.825	0.01	0.1	99.9	16.55	2.645	16.591		chang4+5
地199-48	2323.500	93.317	8.035	38.249	17.623	228.181	0.01	0.1	99.9	14.259	2.643	17.601		chang4+5
地199-48	2323.625	94.914	8.066	39.847	17.697	225.211	0.01	0.1	99.9	13.154	2.644	17.762		chang4+5
地199-48	2323.750	102.502	8.086	48.19	17.203	223.132	0.01	0.1	99.9	13.404	2.649	17.283		chang4+5
地199-48	2323.875	110.625	8.081	57.508	16.641	222.067	0.01	0.1	99.9	14.854	2.651	16.698		chang4+5
地199-48	2324.000	112.854	8.059	60.192	16.224	222.421	0.01	0.1	99.9	16.421	2.65	16.285		chang4+5
地199-48	2324.125	111.382	8.039	57.735	15.742	224.25	0.01	0.1	99.9	16.59	2.649	15.843		chang4+5
地199-48	2324.250	111.083	8.026	57.876	14.971	227.005	0.01	0.1	99.9	16.209	2.646	15.109		chang4+5
地199-48	2324.375	117.48	8.012	65.617	13.986	229.927	0.01	0.1	99.9	16.228	2.647	14.098		chang4+5
地199-48	2324.500	123.64	7.991	74.761	13.218	232.262	0.01	0.1	99.9	16.877	2.655	13.278		chang4+5
地199-48	2324.625	125.74	7.977	77.278	12.823	233.832	0.01	0.1	99.9	18.455	2.662	12.845		chang4+5
地199-48	2324.750	125.685	7.989	76.983	12.673	234.919	0.01	0.1	99.9	19.747	2.665	12.684		chang4+5
地199-48	2324.875	124.389	8.027	74.917	12.602	235.554	0.01	0.1	99.9	19.793	2.661	12.603		chang4+5
地199-48	2325.000	122.205	8.067	72.286	12.598	235.634	0.01	0.1	99.9	19.179	2.658	12.594		chang4+5
地199-48	2325.125	118.738	8.078	67.208	12.62	235.35	0.01	0.1	99.9	18.632	2.653	12.624		chang4+5
地199-48	2325.250	114.512	8.054	61.731	12.572	235.097	0.01	0.1	99.9	17.996	2.653	12.593		chang4+5
地199-48	2325.375	112.173	8.015	58.332	12.412	235.457	0.01	0.1	99.9	17.725	2.657	12.438		chang4+5
地199-48	2325.500	115.408	7.979	62.913	12.243	236.511	0.01	0.1	99.9	17.985	2.66	12.248		chang4+5
地199-48	2325.625	121.295	7.953	71.536	12.241	237.605	0.01	0.1	99.9	18.455	2.659	12.208		chang4+5
地199-48	2325.750	124.418	7.94	75.937	12.52	238.061	0.01	0.1	99.9	19.92	2.652	12.447		chang4+5
地199-48	2325.875	120.604	7.949	69.629	13.101	237.274	0.01	0.1	99.9	17.491	2.653	12.982		chang4+5
地199-48	2326.000	113.099	7.988	59.824	14.012	235.2	0.01	0.1	99.9	15.711	2.655	13.851		chang4+5
地199-48	2326.125	109.306	8.052	55.298	15.181	232.118	0.01	0.1	99.9	14.137	2.656	15.035		chang4+5
地199-48	2326.250	108.319	8.122	54.392	16.165	228.618	0.01	0.1	99.9	13.631	2.659	16.103		chang4+5
地199-48	2326.375	106.663	8.176	52.3	16.503	225.634	0.01	0.1	99.9	14.211	2.664	16.556		chang4+5
地199-48	2326.500	103.131	8.211	48.205	16.049	224.177	0.01	0.1	99.9	15.281	2.666	16.171		chang4+5
地199-48	2326.625	104.231	8.235	49.241	15.12	224.261	0.01	0.1	99.9	16.106	2.668	15.281		chang4+5
地199-48	2326.750	109.221	8.256	55.719	13.939	226.027	0.01	0.1	99.9	17.213	2.669	14.101		chang4+5
地199-48	2326.875	114.554	8.27	62.01	12.783	229.616	0.01	0.1	99.9	18.536	2.663	12.915		chang4+5
地199-48	2327.000	119.856	8.27	68.66	11.867	234.417	0.01	0.1	99.9	19.99	2.654	11.952		chang4+5
地199-48	2327.125	123.047	8.259	73.986	11.292	239.68	0.01	0.1	99.9	21.201	2.645	11.325		chang4+5
地199-48	2327.250	121.912	8.251	72.05	11.093	244.243	0.01	0.1	99.9	21.626	2.64	11.08		chang4+5
地199-48	2327.375	118.937	8.253	67.083	11.225	247.358	0.01	0.1	99.9	21.239	2.633	11.176		chang4+5
地199-48	2327.500	118.503	8.258	67.411	11.59	249.047	0.01	0.1	99.9	20.392	2.628	11.532		chang4+5
地199-48	2327.625	118.509	8.244	67.704	12.006	249.258	0.01	0.1	99.9	19.296	2.629	11.958		chang4+5
地199-48	2327.750	115.163	8.192	62.534	12.324	247.88	0.01	0.1	99.9	18.361	2.64	12.308		chang4+5
地199-48	2327.875	106.637	8.095	52.204	12.386	245.697	0.01	0.1	99.9	18.075	2.65	12.421		chang4+5
地199-48	2328.000	100.46	7.949	44.764	12.087	244.141	0.01	0.1	99.9	18.591	2.653	12.168		chang4+5
地199-48	2328.125	103.888	7.753	49.323	11.486	244.081	0.01	0.1	99.9	20.403	2.649	11.581		chang4+5
地199-48	2328.250	116.555	7.512	65.484	10.809	246.575	0.01	0.1	99.9	22.861	2.64	10.887		chang4+5
地199-48	2328.375	127.015	7.237	79.471	10.266	251.229	0.01	0.1	99.9	24.376	2.631	10.314		chang4+5
地199-48	2328.500	128.458	6.942	80.952	9.954	257.154	0.01	0.1	99.9	25.295	2.62	9.96		chang4+5
地199-48	2328.625	129.41	6.621	82.153	9.935	263.17	0.01	0.1	99.9	25.267	2.616	9.914		chang4+5
地199-48	2328.750	133.506	6.248	89.781	10.115	267.54	0.01	0.1	99.9	24.111	2.61	10.069		chang4+5
地199-48	2328.875	132.353	5.792	87.525	10.486	269.176	0.01	0.1	99.9	22.703	2.602	10.402		chang4+5
地199-48	2329.000	126.086	5.233	76.523	11.119	267.583	0.01	0.1	99.9	20.983	2.601	11.012		chang4+5
地199-48	2329.125	123.499	4.587	74.116	11.903	263.108	0.01	0.1	99.9	19.389	2.615	11.798		chang4+5
地199-48	2329.250	122.94	3.893	73.655	12.671	256.861	0.01	0.1	99.9	18.661	2.631	12.57		chang4+5
地199-48	2329.375	118.195	3.175	66.17	13.409	250.277	0.01	0.1	99.9	18.392	2.631	13.305		chang4+5
地199-48	2329.500	113.325	2.448	32.836	14.191	244.246	5.083	13.975	54.138	18.145	2.619	14.068		chang4+5
地199-48	2329.625	113.308	1.727	32.095	15.115	239.422	3.934	13.264	54.859	18.285	2.6	14.964		chang4+5
地199-48	2329.750	113.033	1.028	31.709	16.25	236.106	3.34	12.762	54.692	18.073	2.579	16.068		chang4+5
地199-48	2329.875	109.891	0.356	29.545	17.608	234.203	3.133	12.465	53.617	17.294	2.559	17.398		chang4+5
地199-48	2330.000	101.387	-0.294	25.034	19.147	233.326	3.188	12.328	51.88	16.826	2.547	18.931		chang4+5
地199-48	2330.125	90.651	-0.931	19.894	20.716	232.88	3.343	12.262	50.066	17.1	2.54	20.512		chang4+5
地199-48	2330.250	83.155	-1.552	16.832	22.171	232.547	3.506	12.217	48.492	17.289	2.538	22.004		chang4+5
地199-48	2330.375	80.895	-2.138	15.833	23.369	232.196	3.615	12.169	47.349	17.075	2.538	23.23		chang4+5
地199-48	2330.500	83.557	-2.667	17.015	24.384	231.824	3.676	12.117	46.514	16.986	2.537	24.247		chang4+5
地199-48	2330.625	86.73	-3.132	18.425	25.377	231.523	3.735	12.069	45.738	17.107	2.535	25.246		chang4+5
地199-48	2330.750	86.211	-3.544	17.967	26.296	231.451	3.843	12.052	44.951	16.719	2.532	26.202		chang4+5
地199-48	2330.875	84.493	-3.921	17.343	26.955	231.58	3.978	12.069	44.318	16.587	2.53	26.892		chang4+5
地199-48	2331.000	83.323	-4.264	16.865	27.41	231.691	4.09	12.089	43.875	16.947	2.527	27.357		chang4+5
地199-48	2331.125	83.836	-4.563	17.109	27.774	231.655	4.137	12.084	43.583	17.001	2.526	27.745		chang4+5
地199-48	2331.250	83.433	-4.823	16.889	27.939	231.635	4.159	12.08	43.429	16.679	2.534	27.96		chang4+5
地199-48	2331.375	84.414	-5.065	17.089	27.752	231.681	4.146	12.084	43.534	16.506	2.544	27.808		chang4+5
地199-48	2331.500	91.113	-5.305	20.329	27.348	231.789	4.111	12.097	43.82	16.799	2.544	27.398		chang4+5
地199-48	2331.625	96.995	-5.539	22.864	26.999	231.941	4.105	12.121	44.045	17.136	2.532	27.029		chang4+5
地199-48	2331.750	94.399	-5.759	21.519	26.778	232.03	4.092	12.131	44.195	17.174	2.523	26.807		chang4+5
地199-48	2331.875	91.615	-5.952	20.275	26.564	232.243	4.1	12.151	44.311	17.147	2.53	26.593		chang4+5
地199-48	2332.000	93.075	-6.11	21.115	26.364	232.757	4.197	12.214	44.297	17.485	2.542	26.378		chang4+5
地199-48	2332.125	92.278	-6.231	20.814	26.277	233.49	4.391	12.313	44.084	18.124	2.546	26.273		chang4+5
地199-48	2332.250	90.514	-6.315	20.022	26.316	234.231	4.639	12.422	43.731	18.241	2.538	26.304		chang4+5
地199-48	2332.375	89.101	-6.358	19.626	26.398	234.71	4.832	12.499	43.432	17.991	2.522	26.392		chang4+5
地199-48	2332.500	85.473	-6.359	18.153	26.426	234.893	4.908	12.528	43.313	17.678	2.507	26.435		chang4+5
地199-48	2332.625	79.101	-6.33	15.437	26.331	234.922	4.924	12.54	43.334	17.164	2.5	26.367		chang4+5
地199-48	2332.750	74.494	-6.291	13.716	26.057	234.635	4.818	12.515	43.622	16.467	2.514	26.105		chang4+5
地199-48	2332.875	76.132	-6.24	14.326	25.722	233.866	4.538	12.42	44.2	15.84	2.538	25.756		chang4+5
地199-48	2333.000	80.141	-6.167	15.809	25.474	232.777	4.181	12.273	44.862	15.502	2.553	25.508		chang4+5
地199-48	2333.125	82.164	-6.062	16.384	25.162	231.638	3.816	12.111	45.597	15.361	2.553	25.254		chang4+5
地199-48	2333.250	86.551	-5.924	18.118	24.423	230.708	3.465	11.974	46.667	15.753	2.549	24.577		chang4+5
地199-48	2333.375	91.167	-5.764	20.049	23.278	230.075	3.146	11.877	48.104	16.708	2.549	23.452		chang4+5
地199-48	2333.500	90.598	-5.601	19.651	22.038	229.752	2.898	11.825	49.644	17.095	2.552	22.181		chang4+5
地199-48	2333.625	90.436	-5.461	19.511	21.043	229.692	2.733	11.805	50.929	17.303	2.559	21.137		chang4+5
地199-48	2333.750	92.25	-5.36	20.519	20.399	230.059	2.693	11.84	51.648	17.867	2.564	20.448		chang4+5
地199-48	2333.875	92.564	-5.309	20.576	20.066	230.858	2.791	11.945	51.723	18.066	2.574	20.088		chang4+5
地199-48	2334.000	92.78	-5.318	20.725	19.937	231.8	2.958	12.075	51.458	18.187	2.587	19.929		chang4+5
地199-48	2334.125	95.294	-5.383	22.057	20.031	232.693	3.167	12.206	50.918	18.791	2.593	19.988		chang4+5
地199-48	2334.250	101.574	-5.49	25.028	20.364	233.338	3.376	12.303	50.185	19.131	2.597	20.302		chang4+5
地199-48	2334.375	109.068	-5.614	29.088	20.828	233.765	3.555	12.362	49.43	18.98	2.592	20.757		chang4+5
地199-48	2334.500	111.606	-5.73	30.616	21.353	234.188	3.746	12.419	48.636	18.857	2.582	21.276		chang4+5
地199-48	2334.625	108.738	-5.823	28.918	21.931	234.669	3.97	12.483	47.789	19.312	2.563	21.844		chang4+5
地199-48	2334.750	101.949	-5.883	25.401	22.573	235.25	4.233	12.557	46.877	19.756	2.538	22.48		chang4+5
地199-48	2334.875	95.053	-5.908	22.02	23.266	236.042	4.589	12.662	45.859	19.802	2.508	23.16		chang4+5
地199-48	2335.000	93.297	-5.894	21.599	24.074	236.945	5.032	12.786	44.74	20.054	2.484	23.937		chang4+5
地199-48	2335.125	92.607	-5.837	21.416	25.094	237.914	5.571	12.914	43.466	20.192	2.476	24.937		chang4+5
地199-48	2335.250	89.448	-5.729	20.154	26.22	239.018	6.26	13.067	42.079	20.068	2.48	26.084		chang4+5
地199-48	2335.375	84.883	-5.549	18.169	27.175	240.054	6.967	13.217	40.905	19.82	2.479	27.075		chang4+5
地199-48	2335.500	83.038	-5.279	17.608	27.868	240.809	7.544	13.333	40.066	19.741	2.473	27.809		chang4+5
地199-48	2335.625	82.691	-4.893	17.684	28.264	241.179	7.891	13.398	39.597	19.828	2.473	28.24		chang4+5
地199-48	2335.750	79.993	-4.373	16.436	28.405	241.106	7.943	13.399	39.473	19.65	2.479	28.413		chang4+5
地199-48	2335.875	75.929	-3.739	14.794	28.333	240.646	7.745	13.348	39.643	19.115	2.49	28.352		chang4+5
地199-48	2336.000	73.213	-3.018	13.829	28.232	239.707	7.33	13.238	40.015	17.654	2.508	28.217		chang4+5
地199-48	2336.125	73.2	-2.234	13.596	28.407	238.086	6.704	13.037	40.459	15.449	2.53	28.323		chang4+5
地199-48	2336.250	77.501	-1.404	15.142	29.093	235.663	5.926	12.731	40.84	13.729	2.547	28.936		chang4+5
地199-48	2336.375	83.501	-0.534	17.369	30.231	232.342	4.984	12.295	41.249	12.869	2.554	30.082		chang4+5
地199-48	2336.500	84.15	0.379	17.084	31.237	228.345	3.929	11.755	42.084	11.975	2.55	31.177		chang4+5
地199-48	2336.625	79.51	1.337	14.789	31.557	223.995	2.908	11.162	43.657	10.618	2.548	31.614		chang4+5
地199-48	2336.750	75.344	2.341	12.952	31.038	219.451	2.017	10.535	46.149	9.124	2.566	31.196		chang4+5
地199-48	2336.875	74.092	3.369	12.161	29.788	215.169	0.01	9.91	49.514	8.189	2.599	30.044		chang4+5
地199-48	2337.000	77.702	4.395	13.181	27.806	212.189	0.01	9.44	53.279	8.434	2.636	28.17		chang4+5
地199-48	2337.125	83.61	5.394	30.064	25.05	211.339	0.01	0.1	99.9	10.075	2.659	25.511		chang4+5
地199-48	2337.250	90.035	6.344	35.565	21.673	213.24	0.01	0.1	99.9	12.648	2.663	22.144		chang4+5
地199-48	2337.375	98.205	7.236	43.665	18.316	218.071	0.01	0.1	99.9	15.969	2.651	18.699		chang4+5
地199-48	2337.500	106.748	8.06	52.938	15.604	224.645	0.01	0.1	99.9	19.503	2.642	15.898		chang4+5
地199-48	2337.625	113.861	8.813	61.139	13.53	232.619	0.01	0.1	99.9	22.122	2.645	13.748		chang4+5
地199-48	2337.750	125.023	9.485	76.697	12.007	241.005	0.01	0.1	99.9	23.33	2.654	12.152		chang6
地199-48	2337.875	134.624	10.062	92.081	11.018	248.645	0.01	0.1	99.9	23.982	2.655	11.089		chang6
地199-48	2338.000	136.786	10.543	94.433	10.559	255.019	0.01	0.1	99.9	24.258	2.653	10.575		chang6
地199-48	2338.125	132.626	10.926	88.087	10.454	259.34	0.01	0.1	99.9	24.515	2.645	10.457		chang6
地199-48	2235.625--2338.125(平均)	110.355	-0.83	55.146	14.52	245.602	0.759	2.763	90.005	19.699	2.585	14.52		
地199-48	2235.625--2338.125(最大)	182.236	13.714	99.9	35.743	323.697	27.013	18.713	99.9	39.724	2.687	35.804		
地199-48	2235.625--2338.125(最小)	54.064	-18.736	5.091	5.743	199.501	0.01	0.1	36.979	8.189	2.219	5.716		
