井名	深度	GR	SP	SH	RT	AC	PERM	POR	SW	CNL	DEN	RT.1	解释结论	层位
地200-47	2270.375	118.899	44.628	80.393	14.918	253.728	0.01	0.1	99.9	23.222	2.556	14.86		chang3
地200-47	2270.500	109.575	45.533	66.293	15.804	245.242	0.01	0.1	99.9	21.851	2.57	15.659		chang3
地200-47	2270.625	96.862	46.466	48.032	17.107	237.395	0.01	0.1	99.9	20.337	2.579	17.041		chang3
地200-47	2270.750	90.407	47.429	38.847	17.371	236.991	0.01	0.1	99.9	20.125	2.567	17.447		chang3
地200-47	2270.875	98.1	48.414	46.544	16.306	249.514	0.01	0.1	99.9	21.539	2.534	16.463		chang3
地200-47	2271.000	120.143	49.398	74.361	14.613	270.493	0.01	0.1	99.9	24.381	2.497	14.775		chang3
地200-47	2271.125	146.408	50.344	99.9	12.897	287.16	0.01	0.1	99.9	27.255	2.48	13.054		chang4+5
地200-47	2271.250	167.105	51.21	99.9	11.333	294.227	0.01	0.1	99.9	28.04	2.496	11.454		chang4+5
地200-47	2271.375	177.133	51.958	99.9	10.233	291.371	0.01	0.1	99.9	26.337	2.537	10.292		chang4+5
地200-47	2271.500	179.085	52.557	99.9	9.82	281.456	0.01	0.1	99.9	24.543	2.575	9.807		chang4+5
地200-47	2271.625	175.471	52.993	99.9	10.123	268.516	0.01	0.1	99.9	23.723	2.597	10.054		chang4+5
地200-47	2271.750	167.657	53.278	99.9	10.88	256.301	0.01	0.1	99.9	23.506	2.604	10.803		chang4+5
地200-47	2271.875	156.309	53.427	99.9	11.602	245.704	0.01	0.1	99.9	22.701	2.612	11.557		chang4+5
地200-47	2272.000	142.971	53.473	99.9	11.999	236.205	0.01	0.1	99.9	20.831	2.627	11.981		chang4+5
地200-47	2272.125	130.796	53.453	97.56	12.146	227.699	0.01	0.1	99.9	18.583	2.645	12.141		chang4+5
地200-47	2272.250	122.614	53.394	86.39	12.156	222.664	0.01	0.1	99.9	16.957	2.662	12.164		chang4+5
地200-47	2272.375	120.242	53.318	81.114	12.041	223.087	0.01	0.1	99.9	16.455	2.674	12.059		chang4+5
地200-47	2272.500	122.816	53.233	85.276	11.879	226.579	0.01	0.1	99.9	17.167	2.679	11.889		chang4+5
地200-47	2272.625	127.082	53.14	93.575	11.85	230.268	0.01	0.1	99.9	18.739	2.676	11.834		chang4+5
地200-47	2272.750	129.431	53.031	98.794	12.039	232.817	0.01	0.1	99.9	20.559	2.664	12.017		chang4+5
地200-47	2272.875	128.86	52.904	98.179	12.159	234.067	0.01	0.1	99.9	21.566	2.645	12.174		chang4+5
地200-47	2273.000	125.839	52.761	92.521	11.818	233.866	0.01	0.1	99.9	21.304	2.627	11.892		chang4+5
地200-47	2273.125	121.636	52.615	84.643	11.003	232.478	0.01	0.1	99.9	20.244	2.615	11.085		chang4+5
地200-47	2273.250	117.496	52.486	77.289	10.248	230.736	0.01	0.1	99.9	19.275	2.611	10.289		chang4+5
地200-47	2273.375	113.721	52.399	70.981	9.959	228.746	0.01	0.1	99.9	18.81	2.613	9.95		chang4+5
地200-47	2273.500	110.301	52.374	65.575	10.132	226.412	0.01	0.1	99.9	19.002	2.617	10.096		chang4+5
地200-47	2273.625	107.598	52.425	61.301	10.498	224.883	0.01	0.1	99.9	19.639	2.623	10.467		chang4+5
地200-47	2273.750	107.086	52.553	60.086	10.754	225.342	0.01	0.1	99.9	20.321	2.627	10.748		chang4+5
地200-47	2273.875	109.882	52.743	63.839	10.774	227.719	0.01	0.1	99.9	20.497	2.63	10.783		chang4+5
地200-47	2274.000	114.942	52.976	71.59	10.696	231.18	0.01	0.1	99.9	20.125	2.631	10.698		chang4+5
地200-47	2274.125	120.199	53.224	80.685	10.753	234.334	0.01	0.1	99.9	19.614	2.633	10.73		chang4+5
地200-47	2274.250	123.364	53.458	86.873	11.08	236.124	0.01	0.1	99.9	19.441	2.633	11.031		chang4+5
地200-47	2274.375	123.745	53.658	87.959	11.609	236.761	0.01	0.1	99.9	19.675	2.631	11.56		chang4+5
地200-47	2274.500	122.559	53.809	85.782	11.987	237.057	0.01	0.1	99.9	20.303	2.628	11.986		chang4+5
地200-47	2274.625	121.446	53.904	83.666	11.798	238.011	0.01	0.1	99.9	21.32	2.627	11.863		chang4+5
地200-47	2274.750	121.197	53.939	82.933	11.049	240.492	0.01	0.1	99.9	22.62	2.628	11.133		chang4+5
地200-47	2274.875	122.969	53.92	85.693	10.276	244.816	0.01	0.1	99.9	23.928	2.625	10.319		chang4+5
地200-47	2275.000	127.878	53.846	93.038	10.01	250.574	0.01	0.1	99.9	24.997	2.613	9.989		chang4+5
地200-47	2275.125	136.456	53.72	99.9	10.399	256.916	0.01	0.1	99.9	25.822	2.593	10.325		chang4+5
地200-47	2275.250	147.417	53.544	99.9	11.188	262.177	0.01	0.1	99.9	26.425	2.573	11.114	干层	chang4+5
地200-47	2275.375	158.093	53.316	99.9	11.773	265.427	0.01	0.1	99.9	26.727	2.561	11.766	干层	chang4+5
地200-47	2275.500	165.247	53.037	99.9	11.657	267.38	0.01	0.1	99.9	26.824	2.559	11.712	干层	chang4+5
地200-47	2275.625	166.308	52.713	99.9	11.048	268.227	0.01	0.1	99.9	26.743	2.562	11.11	干层	chang4+5
地200-47	2275.750	160.012	52.349	99.9	10.542	266.45	0.01	0.1	99.9	26.267	2.566	10.554	干层	chang4+5
地200-47	2275.875	147.404	51.958	99.9	10.61	261.519	0.01	0.1	99.9	25.249	2.573	10.557	干层	chang4+5
地200-47	2276.000	132.366	51.56	96.819	11.426	253.618	0.01	0.1	99.9	23.809	2.586	11.29	干层	chang4+5
地200-47	2276.125	118.31	51.177	80.213	13.208	242.383	0.01	0.1	99.9	22.34	2.603	12.965	干层	chang4+5
地200-47	2276.250	107.375	50.833	62.124	15.854	230.641	0.01	0.1	99.9	21.067	2.619	15.594	干层	chang4+5
地200-47	2276.375	99.198	50.558	50.452	18.288	221.925	0.01	0.1	99.9	19.836	2.632	18.139	干层	chang4+5
地200-47	2276.500	93.538	50.376	43.168	19.533	216.287	0.01	0.1	99.9	18.681	2.64	19.496	干层	chang4+5
地200-47	2276.625	89.713	50.298	38.717	19.964	213.368	0.01	0.1	99.9	18.06	2.645	19.916	干层	chang4+5
地200-47	2276.750	86.18	50.341	34.965	20.51	213.565	0.01	0.1	99.9	18.646	2.648	20.451		chang4+5
地200-47	2276.875	82.542	50.501	31.129	20.793	215.376	0.01	0.1	99.9	20.975	2.651	20.847		chang4+5
地200-47	2277.000	81.062	50.763	29.243	19.884	217.163	0.01	0.1	99.9	24.76	2.653	20.047		chang4+5
地200-47	2277.125	85.218	51.11	32.74	18.26	221.146	0.01	0.1	99.9	28.014	2.646	18.386		chang4+5
地200-47	2277.250	96.849	51.512	45.231	17.221	231.309	0.01	0.1	99.9	28.483	2.618	17.247		chang4+5
地200-47	2277.375	114.748	51.936	69.562	17.152	247.646	0.01	0.1	99.9	26.797	2.561	17.112		chang4+5
地200-47	2277.500	138.25	52.349	99.9	17.498	265.759	0.01	0.1	99.9	26.248	2.492	17.484		chang4+5
地200-47	2277.625	164.953	52.723	99.9	17.446	282.421	0.01	0.1	99.9	28.093	2.434	17.498		chang4+5
地200-47	2277.750	188.058	53.031	99.9	16.756	298.316	0.01	0.1	99.9	31.095	2.399	16.853		chang4+5
地200-47	2277.875	200.389	53.255	99.9	15.726	309.87	0.01	0.1	99.9	33.514	2.387	15.821		chang4+5
地200-47	2278.000	198.102	53.39	99.9	14.826	310.759	0.01	0.1	99.9	33.895	2.395	14.886		chang4+5
地200-47	2278.125	183.517	53.432	99.9	14.307	302.224	0.01	0.1	99.9	32.39	2.425	14.329		chang4+5
地200-47	2278.250	161.81	53.388	99.9	14.053	289.736	0.01	0.1	99.9	30.054	2.478	14.081		chang4+5
地200-47	2278.375	142.18	53.274	99.9	13.581	278.436	0.01	0.1	99.9	27.86	2.545	13.664		chang4+5
地200-47	2278.500	132.212	53.105	99.9	12.506	270.263	0.01	0.1	99.9	26.332	2.6	12.649		chang4+5
地200-47	2278.625	132.462	52.899	99.9	11.042	266.303	0.01	0.1	99.9	25.693	2.626	11.164		chang4+5
地200-47	2278.750	134.965	52.675	99.9	9.951	267.389	0.01	0.1	99.9	25.692	2.624	10.007		chang4+5
地200-47	2278.875	133.902	52.445	99.9	9.579	270.253	0.01	0.1	99.9	25.741	2.62	9.563		chang4+5
地200-47	2279.000	129.567	52.22	98.597	9.862	268.473	0.01	0.1	99.9	25.315	2.628	9.808		chang4+5
地200-47	2279.125	126.335	52.005	92.839	10.477	262.081	0.01	0.1	99.9	24.377	2.646	10.41		chang4+5
地200-47	2279.250	126.379	51.801	92.364	11.172	255.478	0.01	0.1	99.9	23.498	2.667	11.111		chang4+5
地200-47	2279.375	128.742	51.604	96.733	11.784	250.395	0.01	0.1	99.9	23.189	2.685	11.734		chang4+5
地200-47	2279.500	130.821	51.41	99.9	12.263	246.613	0.01	0.1	99.9	23.222	2.699	12.231		chang4+5
地200-47	2279.625	131.001	51.212	99.858	12.516	244.822	0.01	0.1	99.9	23.21	2.707	12.512		chang4+5
地200-47	2279.750	128.847	51.001	98.342	12.511	244.525	0.01	0.1	99.9	22.999	2.709	12.521		chang4+5
地200-47	2279.875	125.148	50.768	91.201	12.46	243.916	0.01	0.1	99.9	22.608	2.706	12.452		chang4+5
地200-47	2280.000	120.923	50.504	83.338	12.672	241.919	0.01	0.1	99.9	22.072	2.7	12.623		chang4+5
地200-47	2280.125	117.093	50.198	76.454	13.304	240.314	0.01	0.1	99.9	21.62	2.688	13.219		chang4+5
地200-47	2280.250	115.008	49.839	72.476	14.277	241.676	0.01	0.1	99.9	21.607	2.666	14.171		chang4+5
地200-47	2280.375	116.463	49.421	74.234	15.386	246.177	0.01	0.1	99.9	22.47	2.625	15.288		chang4+5
地200-47	2280.500	122.136	48.937	83.523	16.152	254.59	0.01	0.1	99.9	24.615	2.567	16.145		chang4+5
地200-47	2280.625	130.742	48.386	96.9	15.575	270.867	0.01	0.1	99.9	28.253	2.502	15.782		chang4+5
地200-47	2280.750	139.11	47.773	99.9	13.218	291.741	0.01	0.1	99.9	33.173	2.431	13.473		chang4+5
地200-47	2280.875	144.211	47.106	99.9	10.889	306.816	0.01	0.1	99.9	37.727	2.354	11.015		chang4+5
地200-47	2281.000	144.045	46.399	99.9	10.02	312.188	0.01	0.1	99.9	40.069	2.289	9.99		chang4+5
地200-47	2281.125	137.048	45.67	99.425	10.64	306.335	0.01	0.1	99.9	39.155	2.269	10.51		chang4+5
地200-47	2281.250	124.145	44.938	86.649	11.84	289.007	0.563	2.915	94.54	34.603	2.313	11.769		chang4+5
地200-47	2281.375	108.538	44.221	38.984	12.204	266.001	2.667	14.377	73.488	28.599	2.41	12.261		chang4+5
地200-47	2281.500	95.637	43.537	26.726	11.559	245.95	1.696	12.977	80.3	23.963	2.516	11.628		chang4+5
地200-47	2281.625	88.905	42.911	20.901	11.067	232.847	1.138	11.866	86.456	21.161	2.587	11.058		chang4+5
地200-47	2281.750	87.87	42.367	19.674	11.228	227.967	0.905	11.276	88.479	19.939	2.615	11.197		chang4+5
地200-47	2281.875	88.374	41.935	19.979	11.308	227.906	0.877	11.195	88.298	19.738	2.618	11.358		chang4+5
地200-47	2282.000	87.084	41.655	19.527	10.484	228.407	0.938	11.365	90.132	19.768	2.613	10.63		chang4+5
地200-47	2282.125	83.159	41.561	17.635	9.049	228.307	1.074	11.717	94.331	19.474	2.609	9.156		chang4+5
地200-47	2282.250	78.318	41.685	15.31	8.183	228.024	1.259	12.151	96.716	18.816	2.612	8.2		chang4+5
地200-47	2282.375	74.715	42.051	13.543	8.3	227.461	1.402	12.455	95.31	18.411	2.624	8.222		chang4+5
地200-47	2282.500	74.551	42.644	13.223	9.346	226.645	1.378	12.403	91.206	18.703	2.645	9.2		chang4+5
地200-47	2282.625	79.193	43.447	15.02	10.993	226.162	1.168	11.935	87.068	19.573	2.665	10.817		chang4+5
地200-47	2282.750	88.617	44.412	19.452	12.793	226.482	0.849	11.091	84.839	20.757	2.677	12.641		chang4+5
地200-47	2282.875	100.623	45.471	26.331	14.261	228.422	0.576	10.163	84.655	21.989	2.672	14.16		chang4+5
地200-47	2283.000	112.677	46.559	42.641	15.082	234.039	0.367	7.789	87.736	22.986	2.65	15.063		chang4+5
地200-47	2283.125	124.155	47.616	85.827	14.931	244.61	0.01	0.1	99.9	23.758	2.612	15.026		chang4+5
地200-47	2283.250	135.661	48.594	99.9	13.644	257.077	0.01	0.1	99.9	24.77	2.569	13.829		chang4+5
地200-47	2283.375	145.914	49.461	99.9	11.717	267.721	0.01	0.1	99.9	26.514	2.522	11.888		chang4+5
地200-47	2283.500	151.271	50.208	99.9	10.011	275.553	0.01	0.1	99.9	28.935	2.464	10.142		chang4+5
地200-47	2283.625	150.02	50.842	99.9	8.725	282.389	0.01	0.1	99.9	31.349	2.407	8.821		chang4+5
地200-47	2283.750	145.044	51.376	99.9	7.761	289.953	0.01	0.1	99.9	33.123	2.369	7.837		chang4+5
地200-47	2283.875	141.855	51.837	99.9	6.992	295.877	0.01	0.1	99.9	33.835	2.351	7.055		chang4+5
地200-47	2284.000	143.263	52.247	99.9	6.404	296.316	0.01	0.1	99.9	33.465	2.356	6.439		chang4+5
地200-47	2284.125	147.702	52.627	99.9	6.205	291.787	0.01	0.1	99.9	32.178	2.393	6.182		chang4+5
地200-47	2284.250	151.501	52.993	99.9	6.71	281.779	0.01	0.1	99.9	29.994	2.461	6.604		chang4+5
地200-47	2284.375	152.02	53.354	99.9	8.155	265.835	0.01	0.1	99.9	27.29	2.529	7.948		chang4+5
地200-47	2284.500	148.956	53.711	99.9	10.283	250.252	0.01	0.1	99.9	24.748	2.578	10.102		chang4+5
地200-47	2284.625	143.118	54.062	99.9	11.893	241.061	0.01	0.1	99.9	23.307	2.614	11.815		chang4+5
地200-47	2284.750	134.711	54.402	98.926	12.627	236.727	0.01	0.1	99.9	23.163	2.633	12.58		chang4+5
地200-47	2284.875	125.068	54.724	91.89	13.33	237.755	0.01	0.1	99.9	23.986	2.617	13.217		chang4+5
地200-47	2285.000	119.135	55.024	79.464	14.591	245.481	0.01	0.1	99.9	25.176	2.569	14.459		chang4+5
地200-47	2285.125	122.555	55.298	83.34	15.634	257.049	0.01	0.1	99.9	26.23	2.516	15.621		chang4+5
地200-47	2285.250	135.526	55.542	99.9	15.362	267.017	0.01	0.1	99.9	26.866	2.48	15.483		chang4+5
地200-47	2285.375	148.66	55.756	99.9	13.979	270.748	0.01	0.1	99.9	26.555	2.481	14.13		chang4+5
地200-47	2285.500	152.918	55.937	99.9	12.62	265.68	0.01	0.1	99.9	24.942	2.515	12.69		chang4+5
地200-47	2285.625	145.568	56.083	99.9	12.105	252.432	0.01	0.1	99.9	22.665	2.57	12.099		chang4+5
地200-47	2285.750	132.172	56.192	96.81	12.355	237.51	0.01	0.1	99.9	20.804	2.625	12.288		chang4+5
地200-47	2285.875	118.38	56.263	80.265	13.169	226.576	0.01	0.1	99.9	19.504	2.667	13.069		chang4+5
地200-47	2286.000	108.361	56.299	63.191	14.202	220.94	0.01	0.1	99.9	18.63	2.69	14.112		chang4+5
地200-47	2286.125	102.74	56.302	54.716	14.96	220.309	0.01	0.1	99.9	18.07	2.699	14.936		chang4+5
地200-47	2286.250	99.243	56.278	50.196	14.901	223.362	0.01	0.1	99.9	17.737	2.704	14.98		chang4+5
地200-47	2286.375	94.742	56.236	44.811	13.959	224.465	0.01	0.1	99.9	17.575	2.716	14.071		chang4+5
地200-47	2286.500	89.41	56.183	38.505	13.0	223.786	0.01	0.1	99.9	17.664	2.732	13.035		chang4+5
地200-47	2286.625	86.293	56.128	34.657	12.85	226.494	0.01	0.1	99.9	18.091	2.741	12.814		chang4+5
地200-47	2286.750	87.963	56.077	35.946	13.203	231.497	0.01	0.1	99.9	18.765	2.736	13.177		chang4+5
地200-47	2286.875	94.59	56.035	43.002	13.222	237.487	0.01	0.1	99.9	19.562	2.701	13.28		chang4+5
地200-47	2287.000	104.697	56.003	55.751	12.415	250.907	0.01	0.1	99.9	20.818	2.643	12.534		chang4+5
地200-47	2287.125	115.195	55.982	71.563	11.082	272.934	0.01	0.1	99.9	23.023	2.589	11.221		chang4+5
地200-47	2287.250	123.547	55.973	86.444	9.743	291.176	0.01	0.1	99.9	25.925	2.546	9.834		chang4+5
地200-47	2287.375	128.617	55.977	96.283	9.048	293.995	0.01	0.1	99.9	28.448	2.528	9.051		chang4+5
地200-47	2287.500	130.95	55.996	99.9	9.394	286.586	0.01	0.1	99.9	29.037	2.552	9.275		chang4+5
地200-47	2287.625	130.65	56.032	99.568	11.017	272.839	0.01	0.1	99.9	27.519	2.594	10.781		chang4+5
地200-47	2287.750	128.393	56.086	97.224	13.387	254.522	0.01	0.1	99.9	25.369	2.616	13.197		chang4+5
地200-47	2287.875	127.217	56.158	94.031	14.884	242.981	0.01	0.1	99.9	23.943	2.631	14.866		chang4+5
地200-47	2288.000	131.16	56.244	97.849	14.686	245.484	0.01	0.1	99.9	23.607	2.637	14.795		chang4+5
地200-47	2288.125	140.224	56.336	99.9	13.417	254.431	0.01	0.1	99.9	24.096	2.633	13.559		chang4+5
地200-47	2288.250	148.592	56.428	99.9	12.015	261.214	0.01	0.1	99.9	24.439	2.634	12.119		chang4+5
地200-47	2288.375	149.202	56.51	99.9	11.136	261.17	0.01	0.1	99.9	23.831	2.646	11.166		chang4+5
地200-47	2288.500	140.39	56.577	99.9	11.124	254.14	0.01	0.1	99.9	22.327	2.664	11.056		chang4+5
地200-47	2288.625	126.64	56.623	95.305	12.273	242.515	0.01	0.1	99.9	20.815	2.678	12.068		chang4+5
地200-47	2288.750	115.066	56.649	73.85	14.675	231.477	0.01	0.1	99.9	19.861	2.685	14.399		chang4+5
地200-47	2288.875	109.505	56.654	64.04	17.353	225.255	0.01	0.1	99.9	19.416	2.689	17.165		chang4+5
地200-47	2289.000	109.425	56.637	63.504	18.743	223.76	0.01	0.1	99.9	19.433	2.689	18.758		chang4+5
地200-47	2289.125	111.715	56.6	66.874	18.223	225.549	0.01	0.1	99.9	20.053	2.684	18.357		chang4+5
地200-47	2289.250	115.073	56.537	71.951	16.801	229.545	0.01	0.1	99.9	21.219	2.677	16.933		chang4+5
地200-47	2289.375	120.075	56.444	80.193	15.593	233.612	0.01	0.1	99.9	22.534	2.674	15.66		chang4+5
地200-47	2289.500	125.749	56.316	90.716	14.989	236.24	0.01	0.1	99.9	23.54	2.678	15.02		chang4+5
地200-47	2289.625	129.861	56.146	98.8	14.682	238.72	0.01	0.1	99.9	24.374	2.678	14.705		chang4+5
地200-47	2289.750	131.654	55.931	99.9	14.421	242.627	0.01	0.1	99.9	25.463	2.659	14.45		chang4+5
地200-47	2289.875	133.614	55.672	99.9	13.991	249.018	0.01	0.1	99.9	26.973	2.616	14.061		chang4+5
地200-47	2290.000	137.888	55.372	99.9	12.961	259.073	0.01	0.1	99.9	28.586	2.567	13.123		chang4+5
地200-47	2290.125	142.688	55.041	99.9	11.071	273.379	0.01	0.1	99.9	30.048	2.533	11.285		chang4+5
地200-47	2290.250	143.899	54.692	99.9	8.907	285.342	0.01	0.1	99.9	31.424	2.516	9.082		chang4+5
地200-47	2290.375	140.626	54.335	99.9	7.399	286.718	0.01	0.1	99.9	32.481	2.512	7.456		chang4+5
地200-47	2290.500	135.394	53.978	99.9	7.181	278.157	0.01	0.1	99.9	32.215	2.534	7.109		chang4+5
地200-47	2290.625	131.191	53.624	99.612	8.556	267.315	0.01	0.1	99.9	30.09	2.569	8.284		chang4+5
地200-47	2290.750	129.453	53.269	98.699	11.438	258.906	0.01	0.1	99.9	27.105	2.596	11.172		chang4+5
地200-47	2290.875	131.171	52.898	99.9	13.39	256.106	0.01	0.1	99.9	24.643	2.611	13.414		chang4+5
地200-47	2291.000	135.094	52.493	99.9	12.621	256.686	0.01	0.1	99.9	23.35	2.617	12.813		chang4+5
地200-47	2291.125	137.578	52.032	99.9	11.013	256.285	0.01	0.1	99.9	23.145	2.62	11.063		chang4+5
地200-47	2291.250	135.725	51.498	99.9	10.904	252.651	0.01	0.1	99.9	23.288	2.632	10.818		chang4+5
地200-47	2291.375	130.407	50.873	98.235	12.126	244.826	0.01	0.1	99.9	22.824	2.649	11.942		chang4+5
地200-47	2291.500	123.221	50.152	88.386	14.09	236.16	0.01	0.1	99.9	21.541	2.663	13.906		chang4+5
地200-47	2291.625	114.552	49.336	73.391	15.86	233.068	0.01	0.1	99.9	20.064	2.666	15.739		chang4+5
地200-47	2291.750	106.128	48.431	59.799	16.835	234.853	0.01	0.1	99.9	19.097	2.661	16.817	干层	chang4+5
地200-47	2291.875	102.308	47.453	53.585	16.824	236.712	0.01	0.1	99.9	18.917	2.655	16.872	干层	chang4+5
地200-47	2292.000	104.49	46.422	56.042	16.282	236.216	0.01	0.1	99.9	19.168	2.657	16.339	干层	chang4+5
地200-47	2292.125	108.743	45.356	62.531	15.842	233.653	0.01	0.1	99.9	19.394	2.66	15.842	干层	chang4+5
地200-47	2292.250	108.398	44.282	63.087	16.061	230.86	0.01	0.1	99.9	19.407	2.654	15.989	干层	chang4+5
地200-47	2292.375	101.269	43.226	50.017	17.015	228.691	0.142	2.131	94.974	19.084	2.633	16.882	干层	chang4+5
地200-47	2292.500	90.395	42.217	21.489	18.403	226.32	0.735	10.741	73.474	18.302	2.605	18.28	干层	chang4+5
地200-47	2292.625	80.958	41.282	16.339	19.544	224.718	0.968	11.438	68.833	17.31	2.582	19.478	干层	chang4+5
地200-47	2292.750	75.629	40.454	13.773	20.125	225.623	1.23	12.083	65.607	16.69	2.571	20.101	干层	chang4+5
地200-47	2292.875	74.701	39.757	13.457	20.365	228.242	1.444	12.536	63.741	16.756	2.569	20.346	干层	chang4+5
地200-47	2293.000	76.559	39.212	14.453	20.551	231.305	1.566	12.771	62.703	17.25	2.571	20.539	干层	chang4+5
地200-47	2293.125	80.122	38.842	16.253	20.675	233.91	1.587	12.807	62.41	17.63	2.578	20.664	干层	chang4+5
地200-47	2293.250	84.848	38.653	18.601	20.955	234.465	1.407	12.456	63.223	17.605	2.586	20.891	干层	chang4+5
地200-47	2293.375	88.975	38.655	20.705	21.935	233.032	1.137	11.868	63.943	17.177	2.589	21.775	干层	chang4+5
地200-47	2293.500	89.938	38.851	21.211	23.682	230.491	0.953	11.408	63.22	16.633	2.584	23.508	干层	chang4+5
地200-47	2293.625	87.041	39.226	19.483	25.019	227.769	0.917	11.308	61.725	16.399	2.577	25.013	干层	chang4+5
地200-47	2293.750	84.259	39.773	17.728	24.302	226.094	0.94	11.372	62.094	16.881	2.581	24.551	干层	chang4+5
地200-47	2293.875	86.241	40.472	21.998	21.143	226.784	0.743	9.147	71.705	18.3	2.594	21.556		chang4+5
地200-47	2294.000	94.653	41.289	42.91	16.858	232.796	0.01	0.1	99.9	20.679	2.604	17.232		chang4+5
地200-47	2294.125	107.206	42.193	58.975	13.427	245.639	0.01	0.1	99.9	23.606	2.598	13.619		chang4+5
地200-47	2294.250	121.038	43.148	80.923	11.885	260.952	0.01	0.1	99.9	26.677	2.577	11.912		chang4+5
地200-47	2294.375	133.008	44.114	99.9	11.922	273.186	0.01	0.1	99.9	29.305	2.551	11.842		chang4+5
地200-47	2294.500	141.633	45.058	99.9	12.622	283.334	0.01	0.1	99.9	30.763	2.531	12.592		chang4+5
地200-47	2294.625	146.718	45.95	99.9	12.522	290.25	0.01	0.1	99.9	30.457	2.522	12.63		chang4+5
地200-47	2294.750	148.367	46.766	99.9	11.413	288.997	0.01	0.1	99.9	28.991	2.532	11.508		chang4+5
地200-47	2294.875	145.532	47.485	99.9	10.888	282.596	0.01	0.1	99.9	27.796	2.556	10.823		chang4+5
地200-47	2295.000	138.65	48.1	99.9	11.986	280.356	0.01	0.1	99.9	27.687	2.583	11.789		chang4+5
地200-47	2295.125	131.778	48.601	99.377	13.833	283.87	0.01	0.1	99.9	28.658	2.592	13.72		chang4+5
地200-47	2295.250	129.504	48.985	97.716	14.22	289.635	0.01	0.1	99.9	30.34	2.577	14.375		chang4+5
地200-47	2295.375	133.951	49.262	99.9	12.426	296.031	0.01	0.1	99.9	32.225	2.548	12.628		chang4+5
地200-47	2295.500	141.423	49.432	99.9	10.652	302.279	0.01	0.1	99.9	33.414	2.523	10.729		chang4+5
地200-47	2295.625	146.133	49.501	99.9	10.121	306.114	0.01	0.1	99.9	33.325	2.512	10.101		chang4+5
地200-47	2295.750	144.735	49.481	99.9	10.39	305.331	0.01	0.1	99.9	32.227	2.522	10.352		chang4+5
地200-47	2295.875	139.665	49.376	99.9	10.674	299.499	0.01	0.1	99.9	30.811	2.543	10.677		chang4+5
地200-47	2296.000	134.74	49.195	99.9	10.658	292.023	0.01	0.1	99.9	29.104	2.564	10.657		chang4+5
地200-47	2296.125	130.838	48.951	99.078	10.838	286.53	0.01	0.1	99.9	26.726	2.58	10.783		chang4+5
地200-47	2296.250	125.889	48.661	93.162	11.597	277.459	0.01	0.1	99.9	24.007	2.593	11.488		chang4+5
地200-47	2296.375	118.607	48.352	80.057	12.74	260.326	0.01	0.1	99.9	21.713	2.606	12.637		chang4+5
地200-47	2296.500	110.007	48.057	66.084	13.854	242.617	0.01	0.1	99.9	20.276	2.618	13.745		chang4+5
地200-47	2296.625	101.187	47.813	53.366	15.159	229.5	0.01	0.1	99.9	19.325	2.631	15.004		chang4+5
地200-47	2296.750	93.577	47.652	43.417	16.693	220.194	0.01	0.1	99.9	18.443	2.642	16.577		chang4+5
地200-47	2296.875	89.539	47.6	38.165	17.557	214.647	0.01	0.1	99.9	17.778	2.652	17.563		chang4+5
地200-47	2297.000	91.161	47.668	39.411	17.215	214.394	0.01	0.1	99.9	17.838	2.661	17.312		chang4+5
地200-47	2297.125	97.539	47.843	46.707	16.199	218.923	0.01	0.1	99.9	18.883	2.663	16.289		chang4+5
地200-47	2297.250	105.461	48.109	57.114	15.29	227.155	0.01	0.1	99.9	20.501	2.655	15.362		chang4+5
地200-47	2297.375	112.84	48.431	68.174	14.4	237.63	0.01	0.1	99.9	22.107	2.638	14.511		chang4+5
地200-47	2297.500	118.628	48.771	77.906	13.082	248.08	0.01	0.1	99.9	23.219	2.624	13.236		chang4+5
地200-47	2297.625	122.158	49.096	84.603	11.47	257.642	0.01	0.1	99.9	23.749	2.622	11.613		chang4+5
地200-47	2297.750	122.792	49.383	86.189	10.104	265.247	0.01	0.1	99.9	23.91	2.628	10.193		chang4+5
地200-47	2297.875	121.577	49.619	84.013	9.283	268.019	0.01	0.1	99.9	24.436	2.63	9.328		chang4+5
地200-47	2298.000	120.715	49.801	82.163	8.832	269.657	0.01	0.1	99.9	26.02	2.617	8.867		chang4+5
地200-47	2298.125	121.75	49.94	83.67	8.378	277.384	0.01	0.1	99.9	28.557	2.588	8.439		chang4+5
地200-47	2298.250	124.949	50.049	89.221	7.666	284.742	0.01	0.1	99.9	30.714	2.556	7.747	干层	chang4+5
地200-47	2298.375	130.08	50.144	97.302	6.896	283.511	0.01	0.1	99.9	31.298	2.535	6.947	干层	chang4+5
地200-47	2298.500	135.518	50.24	99.9	6.535	278.771	0.01	0.1	99.9	30.454	2.535	6.528	干层	chang4+5
地200-47	2298.625	138.083	50.346	99.9	6.814	272.487	0.01	0.1	99.9	28.99	2.558	6.74	干层	chang4+5
地200-47	2298.750	135.395	50.466	99.9	7.644	258.869	0.01	0.1	99.9	27.094	2.591	7.556	干层	chang4+5
地200-47	2298.875	129.123	50.599	97.896	8.471	245.68	0.01	0.1	99.9	25.116	2.622	8.421	干层	chang4+5
地200-47	2299.000	123.65	50.738	88.243	8.924	241.855	0.01	0.1	99.9	23.571	2.65	8.901	干层	chang4+5
地200-47	2299.125	120.158	50.876	81.784	9.225	240.297	0.01	0.1	99.9	22.616	2.673	9.184	干层	chang4+5
地200-47	2299.250	116.772	51.005	76.089	9.764	235.475	0.01	0.1	99.9	21.924	2.688	9.691	干层	chang4+5
地200-47	2299.375	112.917	51.116	69.68	10.63	231.556	0.01	0.1	99.9	21.077	2.695	10.528	干层	chang4+5
地200-47	2299.500	109.983	51.207	64.878	11.739	228.45	0.01	0.1	99.9	20.083	2.696	11.629	干层	chang4+5
地200-47	2299.625	108.417	51.275	62.442	12.891	224.888	0.01	0.1	99.9	19.229	2.693	12.789	干层	chang4+5
地200-47	2299.750	107.306	51.321	60.825	13.914	222.457	0.01	0.1	99.9	18.675	2.689	13.834	干层	chang4+5
地200-47	2299.875	106.337	51.351	59.343	14.765	220.796	0.01	0.1	99.9	18.233	2.685	14.687	干层	chang4+5
地200-47	2300.000	105.867	51.367	58.654	15.662	219.264	0.01	0.1	99.9	17.64	2.683	15.561	干层	chang4+5
地200-47	2300.125	104.969	51.373	57.643	16.756	218.26	0.01	0.1	99.9	17.018	2.682	16.648	干层	chang4+5
地200-47	2300.250	102.274	51.373	54.163	17.743	217.612	0.01	0.1	99.9	16.604	2.682	17.69	干层	chang4+5
地200-47	2300.375	98.599	51.364	49.271	18.026	217.708	0.01	0.1	99.9	16.433	2.681	18.067	差油层	chang4+5
地200-47	2300.500	95.605	51.345	45.438	17.474	218.298	0.01	0.1	99.9	16.399	2.678	17.553	差油层	chang4+5
地200-47	2300.625	93.28	51.311	42.657	16.709	219.197	0.01	0.1	99.9	16.391	2.674	16.763	差油层	chang4+5
地200-47	2300.750	91.138	51.256	40.144	16.188	220.918	0.01	0.1	99.9	16.395	2.672	16.226	差油层	chang4+5
地200-47	2300.875	89.485	51.175	38.227	15.774	221.79	0.01	0.1	99.9	16.463	2.674	15.816	差油层	chang4+5
地200-47	2301.000	88.123	51.064	36.803	15.43	220.284	0.01	0.1	99.9	16.422	2.679	15.439	差油层	chang4+5
地200-47	2301.125	85.759	50.916	34.508	15.603	217.717	0.01	0.1	99.9	16.021	2.683	15.525	差油层	chang4+5
地200-47	2301.250	82.108	50.728	30.74	16.515	215.048	0.01	0.1	99.9	15.401	2.685	16.411	差油层	chang4+5
地200-47	2301.375	80.038	50.49	28.355	17.309	213.761	0.01	0.1	99.9	15.081	2.684	17.308	差油层	chang4+5
地200-47	2301.500	82.545	50.189	30.296	16.813	216.908	0.01	0.1	99.9	15.426	2.681	16.978	差油层	chang4+5
地200-47	2301.625	90.105	49.809	37.911	14.899	225.086	0.01	0.1	99.9	16.581	2.674	15.114	差油层	chang4+5
地200-47	2301.750	99.917	49.326	49.507	12.848	235.802	0.01	0.1	99.9	18.395	2.659	12.985	差油层	chang4+5
地200-47	2301.875	109.433	48.716	62.773	11.685	247.184	0.01	0.1	99.9	20.627	2.638	11.725	差油层	chang4+5
地200-47	2302.000	117.154	47.971	75.135	11.476	256.011	0.01	0.1	99.9	22.705	2.613	11.446	差油层	chang4+5
地200-47	2302.125	122.945	47.077	85.588	11.943	259.7	0.01	0.1	99.9	24.114	2.589	11.863	差油层	chang4+5
地200-47	2302.250	125.938	46.046	91.908	12.808	258.652	0.01	0.1	99.9	24.898	2.565	12.722	差油层	chang4+5
地200-47	2302.375	124.379	44.908	89.982	13.638	254.976	0.01	0.1	99.9	25.022	2.544	13.579	差油层	chang4+5
地200-47	2302.500	117.459	43.701	78.469	14.306	249.75	0.01	0.1	99.9	24.105	2.528	14.235	差油层	chang4+5
地200-47	2302.625	106.551	42.483	57.32	15.348	244.018	0.229	2.379	94.56	22.451	2.52	15.183	差油层	chang4+5
地200-47	2302.750	94.778	41.312	25.421	17.586	239.076	1.192	11.996	70.774	21.33	2.518	17.266	差油层	chang4+5
地200-47	2302.875	84.409	40.247	19.185	21.109	235.97	1.469	12.58	63.135	21.386	2.518	20.751	差油层	chang4+5
地200-47	2303.000	76.947	39.334	15.306	24.368	234.835	1.792	13.165	56.889	22.177	2.522	24.192	差油层	chang4+5
地200-47	2303.125	72.991	38.612	13.37	25.503	234.534	2.021	13.533	54.321	22.609	2.532	25.571	差油层	chang4+5
地200-47	2303.250	72.263	38.107	12.984	24.659	234.605	2.083	13.627	54.91	22.523	2.537	24.766	差油层	chang4+5
地200-47	2303.375	73.002	37.814	13.302	24.266	234.638	2.046	13.571	55.769	22.697	2.527	24.128		chang4+5
地200-47	2303.500	74.31	37.734	13.799	25.7	234.897	1.973	13.46	54.528	23.627	2.506	25.573		chang4+5
地200-47	2303.625	78.607	37.846	15.887	25.322	240.163	2.117	13.663	53.848	24.927	2.498	25.759		chang4+5
地200-47	2303.750	89.311	38.105	22.41	19.821	253.88	2.699	14.446	58.121	25.839	2.53	20.531		chang4+5
地200-47	2303.875	105.684	38.468	40.569	13.304	267.621	2.52	12.07	72.928	26.362	2.58	13.67		chang4+5
地200-47	2304.000	122.613	38.877	82.745	10.229	273.723	0.01	0.1	99.9	26.834	2.616	10.324		chang4+5
地200-47	2304.125	134.405	39.269	99.9	9.783	274.66	0.01	0.1	99.9	27.139	2.635	9.692		chang4+5
地200-47	2304.250	139.296	39.587	99.9	11.261	269.329	0.01	0.1	99.9	26.637	2.657	11.006		chang4+5
地200-47	2304.375	137.991	39.785	99.9	13.793	255.554	0.01	0.1	99.9	25.098	2.662	13.6		chang4+5
地200-47	2304.500	132.855	39.834	99.047	15.538	242.837	0.01	0.1	99.9	23.315	2.652	15.449		chang4+5
地200-47	2304.625	125.119	39.72	92.192	16.578	237.392	0.01	0.1	99.9	21.751	2.634	16.459		chang4+5
地200-47	2304.750	115.456	39.461	75.134	18.14	235.547	0.01	0.1	99.9	20.331	2.61	17.926		chang4+5
地200-47	2304.875	104.383	39.079	54.233	20.542	233.26	0.162	2.197	93.376	18.92	2.591	20.29		chang4+5
地200-47	2305.000	93.093	38.61	23.437	23.078	231.078	0.849	11.096	65.134	17.677	2.579	22.876		chang4+5
地200-47	2305.125	84.37	38.099	18.438	24.934	230.122	1.12	11.826	60.26	16.986	2.576	24.829		chang4+5
地200-47	2305.250	79.695	37.582	16.026	25.641	230.409	1.346	12.338	57.712	16.909	2.577	25.669		chang4+5
地200-47	2305.375	77.973	37.092	15.258	25.269	231.102	1.478	12.603	57.285	17.179	2.576	25.321		chang4+5
地200-47	2305.500	76.614	36.657	14.747	25.01	231.776	1.588	12.809	57.061	17.426	2.571	24.964		chang4+5
地200-47	2305.625	74.119	36.303	13.784	25.979	232.592	1.779	13.142	55.24	17.35	2.563	25.779		chang4+5
地200-47	2305.750	70.336	36.049	12.273	28.471	233.109	2.05	13.575	51.75	16.936	2.555	28.154		chang4+5
地200-47	2305.875	66.059	35.91	10.531	32.095	232.813	2.317	13.958	47.81	16.337	2.547	31.698		chang4+5
地200-47	2306.000	62.779	35.905	9.142	36.426	232.001	2.488	14.188	44.255	15.693	2.542	35.997		chang4+5
地200-47	2306.125	61.958	36.038	8.699	40.544	231.22	2.488	14.187	41.728	15.143	2.541	40.265		chang4+5
地200-47	2306.250	63.439	36.313	9.109	42.667	229.969	2.292	13.92	41.068	14.688	2.543	42.668		chang4+5
地200-47	2306.375	66.115	36.728	9.877	41.788	226.483	1.852	13.248	42.974	14.261	2.553	42.072		chang4+5
地200-47	2306.500	68.469	37.264	10.409	38.877	220.955	1.325	12.282	47.073	13.939	2.573	39.122		chang4+5
地200-47	2306.625	69.752	37.909	10.606	36.418	216.861	1.019	11.581	50.603	13.861	2.6	36.614		chang4+5
地200-47	2306.750	71.103	38.643	10.943	34.006	215.377	0.9	11.259	53.226	14.038	2.628	34.309		chang4+5
地200-47	2306.875	74.586	39.442	12.255	30.675	215.532	0.793	10.94	56.919	14.479	2.643	31.012		chang4+5
地200-47	2307.000	79.678	40.289	14.66	27.477	218.298	0.739	10.765	60.633	15.235	2.642	27.684		chang4+5
地200-47	2307.125	83.353	41.169	16.928	25.711	223.222	0.826	11.037	61.766	16.55	2.626	25.773		chang4+5
地200-47	2307.250	84.147	42.065	17.735	25.09	226.848	0.967	11.444	61.133	18.414	2.606	25.139		chang4+5
地200-47	2307.375	84.57	42.963	18.077	24.137	229.857	1.102	11.786	60.977	20.021	2.591	24.328		chang4+5
地200-47	2307.500	88.516	43.848	20.424	21.778	235.779	1.277	12.19	62.523	20.416	2.583	22.075		chang4+5
地200-47	2307.625	97.458	44.699	31.138	18.68	243.49	1.13	10.059	71.966	19.883	2.586	18.955		chang4+5
地200-47	2307.750	109.288	45.495	62.223	16.158	249.219	0.01	0.1	99.9	19.808	2.595	16.299		chang4+5
地200-47	2307.875	119.421	46.222	78.962	15.009	252.365	0.01	0.1	99.9	21.011	2.603	15.036		chang4+5
地200-47	2308.000	124.499	46.86	88.961	15.012	255.363	0.01	0.1	99.9	22.995	2.601	14.945		chang4+5
地200-47	2308.125	125.461	47.398	90.925	15.89	258.796	0.01	0.1	99.9	24.916	2.593	15.769		chang4+5
地200-47	2308.250	126.358	47.839	92.351	17.116	261.115	0.01	0.1	99.9	25.674	2.594	17.015		chang4+5
地200-47	2308.375	128.395	48.18	96.413	17.931	261.149	0.01	0.1	99.9	24.669	2.608	17.915		chang4+5
地200-47	2308.500	129.424	48.429	99.0	17.863	258.782	0.01	0.1	99.9	22.708	2.628	17.926		chang4+5
地200-47	2308.625	127.863	48.603	96.298	17.17	253.148	0.01	0.1	99.9	21.339	2.641	17.241		chang4+5
地200-47	2308.750	124.498	48.708	89.882	16.551	243.975	0.01	0.1	99.9	20.91	2.645	16.576		chang4+5
地200-47	2308.875	120.635	48.759	82.773	16.4	235.137	0.01	0.1	99.9	20.92	2.643	16.387		chang4+5
地200-47	2309.000	116.68	48.765	75.946	16.544	230.916	0.01	0.1	99.9	20.814	2.641	16.529		chang4+5
地200-47	2309.125	112.707	48.731	69.39	16.621	230.551	0.01	0.1	99.9	20.612	2.641	16.634		chang4+5
地200-47	2309.250	109.528	48.662	64.221	16.457	232.107	0.01	0.1	99.9	20.458	2.641	16.477		chang4+5
地200-47	2309.375	108.29	48.56	62.03	16.267	235.674	0.01	0.1	99.9	20.595	2.636	16.278		chang4+5
地200-47	2309.500	109.624	48.423	63.633	16.134	241.897	0.01	0.1	99.9	21.274	2.627	16.15		chang4+5
地200-47	2309.625	113.412	48.254	69.257	15.866	248.66	0.01	0.1	99.9	22.342	2.619	15.913		chang4+5
地200-47	2309.750	118.183	48.054	77.134	15.327	251.713	0.01	0.1	99.9	22.991	2.619	15.386		chang4+5
地200-47	2309.875	121.835	47.831	83.982	14.843	248.971	0.01	0.1	99.9	22.626	2.626	14.853		chang4+5
地200-47	2310.000	122.385	47.599	85.589	14.97	241.633	0.01	0.1	99.9	21.222	2.636	14.903		chang4+5
地200-47	2310.125	119.645	47.377	81.155	15.878	232.435	0.01	0.1	99.9	19.274	2.645	15.749		chang4+5
地200-47	2310.250	114.799	47.186	73.034	17.189	223.809	0.01	0.1	99.9	17.209	2.655	17.081		chang4+5
地200-47	2310.375	109.617	47.047	64.801	18.226	217.606	0.01	0.1	99.9	15.837	2.666	18.155		chang4+5
地200-47	2310.500	105.341	46.983	58.249	19.011	215.408	0.01	0.1	99.9	15.674	2.672	18.931		chang4+5
地200-47	2310.625	103.896	47.007	55.61	19.736	218.738	0.01	0.1	99.9	16.687	2.667	19.699		chang4+5
地200-47	2310.750	107.979	47.125	60.528	19.591	228.132	0.01	0.1	99.9	18.349	2.644	19.731		chang4+5
地200-47	2310.875	119.753	47.339	77.326	17.459	245.09	0.01	0.1	99.9	20.47	2.603	17.807		chang4+5
地200-47	2311.000	138.76	47.638	99.9	13.799	269.162	0.01	0.1	99.9	23.72	2.542	14.131		chang4+5
地200-47	2311.125	160.457	48.01	99.9	10.807	293.498	0.01	0.1	99.9	28.823	2.47	10.959	干层	chang4+5
地200-47	2311.250	178.694	48.439	99.9	9.675	310.039	0.01	0.1	99.9	34.586	2.404	9.666	干层	chang4+5
地200-47	2311.375	187.076	48.903	99.9	10.105	313.149	0.01	0.1	99.9	36.879	2.37	9.987	干层	chang4+5
地200-47	2311.500	184.625	49.385	99.9	11.472	303.396	0.01	0.1	99.9	34.061	2.382	11.318	干层	chang4+5
地200-47	2311.625	174.273	49.867	99.9	12.9	286.376	0.01	0.1	99.9	29.817	2.428	12.814	干层	chang4+5
地200-47	2311.750	161.631	50.333	99.9	13.692	272.57	0.01	0.1	99.9	27.105	2.468	13.646	干层	chang4+5
地200-47	2311.875	151.373	50.771	99.9	14.249	268.571	0.01	0.1	99.9	26.047	2.459	14.18	干层	chang4+5
地200-47	2312.000	146.021	51.173	99.9	15.09	273.001	0.01	0.1	99.9	26.451	2.403	14.986	干层	chang4+5
地200-47	2312.125	144.744	51.534	99.9	16.201	277.551	0.01	0.1	99.9	27.933	2.349	16.096	干层	chang4+5
地200-47	2312.250	143.218	51.853	99.9	17.23	275.99	0.01	0.1	99.9	29.052	2.336	17.156	干层	chang4+5
地200-47	2312.375	136.546	52.137	99.467	17.985	265.316	0.01	0.1	99.9	27.979	2.382	17.923	干层	chang4+5
地200-47	2312.500	124.978	52.393	92.909	18.622	248.185	0.01	0.1	99.9	24.761	2.467	18.567	干层	chang4+5
地200-47	2312.625	112.542	52.631	70.194	18.964	231.691	0.01	0.1	99.9	21.277	2.551	18.988	干层	chang4+5
地200-47	2312.750	104.847	52.863	57.504	18.38	223.499	0.01	0.1	99.9	18.762	2.603	18.512	干层	chang4+5
地200-47	2312.875	104.382	53.099	55.984	16.82	223.736	0.01	0.1	99.9	17.444	2.624	17.002	干层	chang4+5
地200-47	2313.000	109.352	53.343	62.876	15.071	229.096	0.01	0.1	99.9	17.222	2.631	15.192	干层	chang4+5
地200-47	2313.125	114.756	53.599	71.613	14.019	235.823	0.01	0.1	99.9	17.903	2.637	14.064	干层	chang4+5
地200-47	2313.250	116.975	53.864	75.848	13.722	241.134	0.01	0.1	99.9	19.032	2.641	13.708	干层	chang4+5
地200-47	2313.375	116.195	54.131	74.678	13.948	244.226	0.01	0.1	99.9	20.37	2.64	13.909		chang4+5
地200-47	2313.500	115.253	54.395	72.882	14.38	246.718	0.01	0.1	99.9	21.623	2.636	14.335		chang4+5
地200-47	2313.625	116.202	54.647	74.035	14.887	248.571	0.01	0.1	99.9	22.477	2.635	14.835		chang4+5
地200-47	2313.750	119.196	54.882	79.062	15.506	247.704	0.01	0.1	99.9	22.736	2.639	15.434		chang4+5
地200-47	2313.875	121.653	55.095	83.804	16.328	244.969	0.01	0.1	99.9	22.347	2.645	16.237		chang4+5
地200-47	2314.000	121.164	55.281	83.617	17.166	243.25	0.01	0.1	99.9	21.413	2.649	17.118		chang4+5
地200-47	2314.125	117.884	55.439	77.83	17.311	244.0	0.01	0.1	99.9	20.437	2.648	17.383		chang4+5
地200-47	2314.250	116.208	55.564	74.17	16.156	247.444	0.01	0.1	99.9	20.238	2.643	16.354		chang4+5
地200-47	2314.375	119.818	55.649	79.544	13.971	252.453	0.01	0.1	99.9	21.046	2.635	14.191		chang4+5
地200-47	2314.500	126.755	55.691	92.209	11.896	253.849	0.01	0.1	99.9	22.339	2.631	12.027		chang4+5
地200-47	2314.625	129.974	55.679	99.118	10.856	248.352	0.01	0.1	99.9	22.841	2.635	10.869		chang4+5
地200-47	2314.750	124.814	55.609	91.988	11.029	238.585	0.01	0.1	99.9	21.947	2.646	10.94		chang4+5
地200-47	2314.875	113.74	55.479	72.437	12.039	230.039	0.01	0.1	99.9	20.252	2.661	11.93		chang4+5
地200-47	2315.000	104.24	55.288	56.97	12.899	226.731	0.01	0.1	99.9	18.832	2.673	12.89		chang4+5
地200-47	2315.125	101.586	55.04	52.462	12.721	231.366	0.01	0.1	99.9	18.113	2.678	12.802		chang4+5
地200-47	2315.250	104.706	54.744	56.351	11.843	241.664	0.01	0.1	99.9	18.083	2.671	11.93		chang4+5
地200-47	2315.375	109.07	54.407	62.933	11.132	249.444	0.01	0.1	99.9	18.225	2.657	11.15		chang4+5
地200-47	2315.500	110.042	54.039	65.084	11.279	246.867	0.01	0.1	99.9	17.723	2.647	11.186		chang4+5
地200-47	2315.625	106.098	53.649	60.024	12.869	235.704	0.01	0.1	99.9	16.094	2.648	12.582		chang4+5
地200-47	2315.750	97.397	53.244	48.955	16.971	221.723	0.01	0.1	99.9	14.084	2.66	16.345		chang4+5
地200-47	2315.875	85.257	52.829	35.062	23.563	210.144	0.01	0.1	99.9	12.432	2.68	22.968		chang4+5
地200-47	2316.000	73.272	52.409	23.19	28.969	204.37	0.01	0.1	99.9	11.303	2.696	28.684		chang4+5
地200-47	2316.125	65.986	51.988	16.512	30.796	207.729	0.01	0.1	99.9	10.676	2.699	30.909		chang4+5
地200-47	2316.250	67.023	51.568	16.738	28.268	219.954	0.01	0.1	99.9	10.666	2.686	28.816		chang4+5
地200-47	2316.375	75.692	51.153	23.568	22.542	233.254	0.01	0.1	99.9	11.412	2.664	23.053	干层	chang4+5
地200-47	2316.500	87.505	50.748	35.08	17.885	239.293	0.01	0.1	99.9	13.006	2.641	18.135	干层	chang4+5
地200-47	2316.625	95.924	50.359	45.116	15.895	237.261	0.01	0.1	99.9	15.13	2.626	15.923	干层	chang4+5
地200-47	2316.750	98.359	49.992	48.749	16.307	231.004	0.01	0.1	99.9	16.827	2.621	16.103	干层	chang4+5
地200-47	2316.875	96.549	49.657	46.613	18.802	223.101	0.01	0.1	99.9	17.251	2.627	18.495	干层	chang4+5
地200-47	2317.000	94.392	49.361	43.853	21.566	217.034	0.01	0.1	99.9	16.632	2.639	21.426	干层	chang4+5
地200-47	2317.125	93.597	49.11	42.735	22.215	217.475	0.01	0.1	99.9	15.975	2.649	22.349	干层	chang4+5
地200-47	2317.250	94.373	48.907	43.487	20.456	225.489	0.01	0.1	99.9	15.966	2.651	20.699	干层	chang4+5
地200-47	2317.375	96.847	48.751	46.241	18.011	234.71	0.01	0.1	99.9	16.838	2.646	18.206	干层	chang4+5
地200-47	2317.500	101.196	48.636	51.628	16.305	240.941	0.01	0.1	99.9	18.434	2.638	16.378	干层	chang4+5
地200-47	2317.625	106.242	48.553	58.551	15.747	246.935	0.01	0.1	99.9	20.353	2.631	15.749	干层	chang4+5
地200-47	2317.750	110.423	48.493	64.897	15.761	256.358	0.01	0.1	99.9	21.974	2.624	15.753	干层	chang4+5
地200-47	2317.875	112.675	48.444	68.665	15.765	264.456	0.01	0.1	99.9	23.057	2.616	15.782	干层	chang4+5
地200-47	2318.000	113.055	48.4	69.439	15.659	264.683	0.01	0.1	99.9	23.757	2.606	15.652	干层	chang4+5
地200-47	2318.125	112.521	48.353	68.634	15.914	261.69	0.01	0.1	99.9	24.501	2.598	15.85	干层	chang4+5
地200-47	2318.250	112.096	48.301	67.823	16.458	263.103	0.01	0.1	99.9	25.568	2.588	16.44	干层	chang4+5
地200-47	2318.375	113.022	48.242	68.956	16.252	271.037	0.01	0.1	99.9	26.936	2.562	16.362	干层	chang4+5
地200-47	2318.500	116.668	48.175	74.33	14.806	286.086	0.01	0.1	99.9	28.473	2.511	15.003	干层	chang4+5
地200-47	2318.625	124.034	48.1	86.406	12.741	308.559	0.01	0.1	99.9	30.714	2.451	12.924	干层	chang4+5
地200-47	2318.750	133.907	48.015	99.9	10.862	332.856	0.01	0.1	99.9	34.238	2.424	11.02	干层	chang4+5
地200-47	2318.875	142.936	47.92	99.9	9.256	347.242	0.01	0.1	99.9	37.792	2.445	9.388	干层	chang4+5
地200-47	2319.000	147.391	47.811	99.9	7.995	341.08	0.01	0.1	99.9	38.232	2.501	8.079	干层	chang4+5
地200-47	2319.125	146.646	47.687	99.9	7.276	323.102	0.01	0.1	99.9	35.028	2.559	7.303	干层	chang4+5
地200-47	2319.250	142.296	47.545	99.9	7.151	304.79	0.01	0.1	99.9	31.186	2.604	7.127	干层	chang4+5
地200-47	2319.375	136.715	47.384	99.9	7.487	289.611	0.01	0.1	99.9	28.847	2.632	7.437	干层	chang4+5
地200-47	2319.500	131.328	47.202	99.177	8.007	281.747	0.01	0.1	99.9	27.893	2.643	7.962	干层	chang4+5
地200-47	2319.625	127.606	46.997	95.503	8.4	283.16	0.01	0.1	99.9	27.687	2.634	8.383	干层	chang4+5
地200-47	2319.750	126.273	46.77	92.623	8.562	284.178	0.01	0.1	99.9	27.512	2.62	8.552	干层	chang4+5
地200-47	2319.875	125.285	46.516	91.143	8.8	278.707	0.01	0.1	99.9	26.408	2.616	8.749	干层	chang4+5
地200-47	2320.000	121.589	46.232	84.971	9.599	266.511	0.01	0.1	99.9	23.744	2.624	9.466	干层	chang4+5
地200-47	2320.125	114.629	45.914	73.303	11.37	248.648	0.01	0.1	99.9	20.264	2.641	11.122	干层	chang4+5
地200-47	2320.250	106.307	45.555	60.452	14.435	229.55	0.01	0.1	99.9	17.563	2.663	14.049	干层	chang4+5
地200-47	2320.375	98.233	45.149	49.407	18.59	215.904	0.01	0.1	99.9	16.359	2.686	18.191	干层	chang4+5
地200-47	2320.500	91.024	44.685	40.501	22.346	210.968	0.01	0.1	99.9	16.244	2.703	22.111	干层	chang4+5
地200-47	2320.625	86.337	44.149	34.861	23.98	214.789	0.01	0.1	99.9	16.667	2.707	24.03	干层	chang4+5
地200-47	2320.750	86.265	43.528	34.341	23.038	224.113	0.01	0.1	99.9	17.455	2.693	23.221	干层	chang4+5
地200-47	2320.875	90.319	42.795	38.443	21.364	236.891	0.01	0.1	99.9	18.63	2.666	21.456	干层	chang4+5
地200-47	2321.000	96.559	41.922	45.629	20.687	251.825	0.01	0.1	99.9	20.149	2.635	20.68	干层	chang4+5
地200-47	2321.125	103.139	40.888	54.083	20.696	263.498	0.01	0.1	99.9	21.697	2.609	20.71	干层	chang4+5
地200-47	2321.250	109.199	39.65	62.761	20.346	267.528	0.01	0.1	99.9	22.933	2.591	20.426	干层	chang4+5
地200-47	2321.375	113.914	38.185	70.27	19.448	265.64	0.01	0.1	99.9	23.681	2.582	19.543	干层	chang4+5
地200-47	2321.500	116.513	36.477	74.842	18.423	262.237	0.01	0.1	99.9	23.754	2.577	18.521	干层	chang4+5
地200-47	2321.625	116.894	34.516	75.789	17.163	258.138	0.01	0.1	99.9	23.513	2.572	17.329	干层	chang4+5
地200-47	2321.750	115.422	32.326	73.594	15.14	253.036	0.01	0.1	99.9	23.549	2.566	15.387	干层	chang4+5
地200-47	2321.875	112.069	29.952	63.236	12.441	247.854	0.197	2.299	98.065	23.897	2.557	12.709	干层	chang4+5
地200-47	2322.000	105.466	27.464	32.767	9.76	243.447	1.01	11.555	91.878	23.772	2.549	9.97	干层	chang4+5
地200-47	2322.125	94.553	24.965	25.495	7.74	239.384	1.215	12.044	98.365	22.621	2.543	7.878	干层	chang4+5
地200-47	2322.250	80.878	22.58	17.742	6.438	235.576	1.609	12.827	99.9	21.092	2.537	6.52	干层	chang4+5
地200-47	2322.375	67.383	20.442	11.467	5.665	234.171	2.308	13.916	99.9	19.987	2.529	5.713	干层	chang4+5
地200-47	2322.500	56.919	18.665	7.505	5.197	235.575	3.315	15.126	99.9	19.429	2.518	5.229	干层	chang4+5
地200-47	2322.625	50.531	17.385	5.366	4.908	237.551	4.271	16.037	99.9	18.993	2.506	4.924	干层	chang4+5
地200-47	2322.750	48.679	16.687	4.768	4.79	239.354	4.828	16.496	99.9	18.584	2.495	4.788	干层	chang4+5
地200-47	2322.875	51.066	16.598	5.471	4.863	240.135	4.752	16.431	99.9	18.377	2.491	4.843	干层	chang4+5
地200-47	2323.000	56.884	17.152	7.225	5.148	238.602	3.936	15.726	99.9	18.44	2.497	5.105		chang4+5
地200-47	2323.125	65.072	18.306	9.907	5.682	235.305	2.791	14.531	99.9	18.654	2.516	5.614		chang4+5
地200-47	2323.250	74.426	19.983	13.38	6.511	231.857	1.818	13.18	99.9	18.884	2.546	6.411		chang4+5
地200-47	2323.375	84.133	22.1	17.687	7.673	230.675	1.204	12.025	99.346	19.271	2.577	7.542		chang4+5
地200-47	2323.500	93.263	24.53	22.906	9.037	235.189	1.048	11.655	95.686	19.877	2.597	8.916		chang4+5
地200-47	2323.625	101.487	27.15	33.97	10.163	244.471	0.94	9.648	91.965	20.567	2.601	10.097		chang4+5
地200-47	2323.750	108.988	29.841	62.258	10.652	253.524	0.01	0.1	99.9	21.388	2.596	10.657		chang4+5
地200-47	2323.875	115.417	32.491	72.437	10.599	257.875	0.01	0.1	99.9	22.392	2.594	10.605		chang4+5
地200-47	2324.000	119.717	35.001	80.123	10.663	256.923	0.01	0.1	99.9	23.312	2.599	10.627		chang4+5
地200-47	2324.125	121.196	37.295	83.13	11.025	251.868	0.01	0.1	99.9	23.788	2.605	10.997		chang4+5
地200-47	2324.250	120.839	39.337	82.568	11.071	247.654	0.01	0.1	99.9	23.741	2.605	11.126		chang4+5
地200-47	2324.375	120.367	41.087	81.605	10.227	249.803	0.01	0.1	99.9	23.689	2.596	10.364		chang4+5
地200-47	2324.500	120.818	42.544	82.181	8.851	258.033	0.01	0.1	99.9	23.923	2.585	8.959		chang4+5
地200-47	2324.625	122.493	43.729	85.059	7.949	266.619	0.01	0.1	99.9	24.335	2.574	7.976		chang4+5
地200-47	2324.750	124.602	44.654	89.079	8.002	271.448	0.01	0.1	99.9	24.459	2.566	7.918		chang4+5
地200-47	2324.875	125.573	45.357	91.332	9.259	269.221	0.01	0.1	99.9	23.845	2.57	9.055		chang4+5
地200-47	2325.000	123.837	45.873	88.735	11.707	259.214	0.01	0.1	99.9	22.618	2.589	11.412		chang4+5
地200-47	2325.125	118.279	46.23	79.496	14.842	245.247	0.01	0.1	99.9	21.212	2.617	14.55		chang4+5
地200-47	2325.250	109.291	46.469	65.211	17.852	232.459	0.01	0.1	99.9	19.875	2.648	17.595		chang4+5
地200-47	2325.375	99.481	46.616	51.171	20.472	222.706	0.01	0.1	99.9	18.737	2.673	20.256		chang4+5
地200-47	2325.500	91.955	46.695	41.377	22.377	216.926	0.01	0.1	99.9	17.782	2.687	22.291		chang4+5
地200-47	2325.625	88.253	46.73	36.95	22.769	215.165	0.01	0.1	99.9	16.9	2.692	22.855		chang4+5
地200-47	2325.750	86.388	46.733	34.966	21.82	214.864	0.01	0.1	99.9	16.006	2.692	21.918		chang4+5
地200-47	2325.875	84.053	46.714	32.706	21.646	213.685	0.01	0.1	99.9	15.087	2.69	21.46		chang4+5
地200-47	2326.000	80.364	46.676	29.156	25.149	210.75	0.01	0.1	99.9	14.214	2.686	24.468		chang4+5
地200-47	2326.125	76.081	46.621	25.13	31.768	206.875	0.01	0.1	99.9	13.492	2.68	31.297		chang4+5
地200-47	2326.250	72.55	46.547	21.892	35.916	204.384	0.01	0.1	99.9	13.035	2.669	35.729		chang4+5
地200-47	2326.375	70.968	46.456	20.349	36.937	205.376	0.01	0.1	99.9	13.011	2.654	37.068		chang4+5
地200-47	2326.500	72.232	46.347	21.162	35.142	209.368	0.01	0.1	99.9	13.465	2.635	35.404		chang4+5
地200-47	2326.625	75.953	46.22	24.338	31.281	214.331	0.01	0.1	99.9	14.31	2.615	31.891		chang4+5
地200-47	2326.750	79.505	46.079	27.735	25.861	218.686	0.01	0.1	99.9	15.206	2.598	26.115		chang4+5
地200-47	2326.875	81.049	45.925	29.403	23.743	221.783	0.01	0.1	99.9	15.801	2.59	23.804		chang4+5
地200-47	2327.000	81.209	45.758	29.487	23.071	223.08	0.01	0.1	99.9	16.185	2.595	23.14		chang4+5
地200-47	2327.125	83.105	45.574	30.996	22.043	223.54	0.01	0.1	99.9	16.907	2.615	22.207		chang4+5
地200-47	2327.250	89.586	45.367	37.274	20.13	225.11	0.01	0.1	99.9	18.378	2.638	20.348		chang4+5
地200-47	2327.375	101.322	45.125	50.96	17.732	229.708	0.01	0.1	99.9	20.714	2.643	17.972		chang4+5
地200-47	2327.500	115.617	44.832	71.768	15.056	239.937	0.01	0.1	99.9	23.181	2.622	15.334		chang4+5
地200-47	2327.625	127.915	44.472	92.858	12.154	257.41	0.01	0.1	99.9	24.793	2.591	12.412		chang4+5
地200-47	2327.750	133.748	44.03	99.9	9.75	274.929	0.01	0.1	99.9	25.171	2.57	9.895		chang4+5
地200-47	2327.875	131.074	43.487	97.88	8.66	281.942	0.01	0.1	99.9	24.959	2.556	8.655		chang4+5
地200-47	2328.000	120.944	42.834	85.173	9.189	276.653	0.01	0.1	99.9	24.317	2.568	9.027		chang4+5
地200-47	2328.125	108.414	42.062	64.131	11.383	263.838	0.01	0.1	99.9	23.061	2.604	11.068		chang4+5
地200-47	2328.250	98.683	41.162	49.626	14.488	245.971	0.01	0.1	99.9	21.684	2.631	14.257		chang4+5
地200-47	2328.375	95.281	40.135	44.675	16.316	232.696	0.01	0.1	99.9	20.94	2.644	16.295		chang4+5
地200-47	2328.500	97.323	38.983	46.733	16.0	234.077	0.01	0.1	99.9	21.227	2.641	16.156		chang4+5
地200-47	2328.625	102.779	37.717	53.559	14.198	245.185	0.01	0.1	99.9	22.317	2.621	14.4		chang4+5
地200-47	2328.750	108.731	36.37	62.23	12.175	254.298	0.01	0.1	99.9	23.506	2.596	12.335		chang4+5
地200-47	2328.875	110.316	34.985	65.782	10.713	257.108	0.01	0.1	99.9	23.545	2.577	10.794		chang4+5
地200-47	2329.000	103.249	33.626	53.604	10.064	252.968	0.352	2.622	97.029	21.822	2.569	10.075		chang4+5
地200-47	2329.125	88.479	32.369	22.766	10.042	242.87	1.779	13.147	84.894	19.11	2.567	10.022		chang4+5
地200-47	2329.250	72.631	31.303	13.558	10.224	231.129	1.776	13.141	84.219	16.842	2.567	10.215		chang4+5
地200-47	2329.375	62.047	30.504	8.423	10.251	222.986	1.744	13.088	84.256	15.529	2.568	10.264		chang4+5
地200-47	2329.500	57.806	30.031	6.569	10.124	219.866	1.743	13.086	84.728	15.204	2.57	10.134		chang4+5
地200-47	2329.625	57.717	29.936	6.433	10.127	219.761	1.744	13.087	84.839	15.457	2.573	10.102		chang4+5
地200-47	2329.750	60.457	30.222	7.344	10.584	220.686	1.68	12.974	83.913	15.777	2.577	10.497		chang4+5
地200-47	2329.875	65.653	30.876	9.109	11.837	220.223	1.426	12.48	82.195	15.659	2.586	11.644		chang4+5
地200-47	2330.000	72.441	31.869	11.457	14.373	216.407	0.953	11.365	80.167	15.103	2.603	14.023		chang4+5
地200-47	2330.125	78.441	33.13	13.616	17.917	211.587	0.561	10.1	77.28	14.53	2.624	17.629		chang4+5
地200-47	2330.250	82.954	34.603	15.531	20.22	211.224	0.433	9.537	74.947	14.395	2.641	20.184		chang4+5
地200-47	2330.375	88.855	36.219	18.825	19.698	218.683	0.509	9.862	74.066	15.03	2.637	19.959		chang4+5
地200-47	2330.500	98.944	37.905	31.181	16.79	236.278	0.581	8.647	79.534	16.976	2.593	17.092		chang4+5
地200-47	2330.625	111.836	39.603	65.886	14.066	263.199	0.01	0.1	99.9	20.651	2.512	14.207		chang4+5
地200-47	2330.750	124.343	41.262	86.442	12.803	293.654	0.01	0.1	99.9	26.226	2.414	12.865		chang4+5
地200-47	2330.875	134.373	42.844	99.9	12.169	319.397	0.01	0.1	99.9	32.254	2.334	12.223		chang4+5
地200-47	2331.000	142.028	44.315	99.9	11.609	333.495	0.01	0.1	99.9	35.1	2.292	11.658		chang4+5
地200-47	2331.125	147.42	45.658	99.9	11.204	330.137	0.01	0.1	99.9	33.727	2.302	11.215		chang4+5
地200-47	2331.250	150.645	46.864	99.9	11.195	313.058	0.01	0.1	99.9	31.193	2.361	11.17		chang4+5
地200-47	2331.375	151.476	47.925	99.9	11.445	290.184	0.01	0.1	99.9	29.115	2.453	11.425		chang4+5
地200-47	2331.500	149.65	48.847	99.9	11.568	267.366	0.01	0.1	99.9	27.384	2.552	11.579		chang4+5
地200-47	2331.625	146.254	49.632	99.9	11.416	249.781	0.01	0.1	99.9	25.873	2.629	11.439		chang4+5
地200-47	2331.750	142.702	50.286	99.9	11.231	242.182	0.01	0.1	99.9	24.666	2.671	11.234		chang4+5
地200-47	2331.875	139.899	50.826	99.9	11.275	243.157	0.01	0.1	99.9	23.834	2.684	11.253		chang4+5
地200-47	2332.000	137.421	51.256	99.9	11.579	245.998	0.01	0.1	99.9	23.321	2.685	11.533		chang4+5
地200-47	2332.125	134.262	51.59	99.9	12.184	247.078	0.01	0.1	99.9	23.011	2.684	12.101		chang4+5
地200-47	2332.250	129.197	51.848	97.394	13.215	244.932	0.01	0.1	99.9	22.6	2.684	13.085		chang4+5
地200-47	2332.375	121.095	52.043	83.139	14.655	239.708	0.01	0.1	99.9	21.662	2.685	14.507		chang4+5
地200-47	2332.500	111.09	52.193	64.395	16.008	233.209	0.01	0.1	99.9	20.328	2.689	15.933		chang4+5
地200-47	2332.625	103.113	52.316	51.032	16.514	227.372	0.01	0.1	99.9	19.287	2.693	16.537		chang4+5
地200-47	2332.750	99.999	52.426	45.827	16.144	223.505	0.01	0.1	99.9	18.85	2.698	16.206		chang4+5
地200-47	2332.875	101.301	52.533	47.475	15.572	222.904	0.01	0.1	99.9	18.956	2.702	15.603		chang4+5
地200-47	2333.000	103.081	52.644	50.197	15.316	224.363	0.01	0.1	99.9	19.32	2.705	15.324		chang4+5
地200-47	2333.125	103.515	52.762	50.967	15.223	225.885	0.01	0.1	99.9	19.745	2.707	15.236		chang4+5
地200-47	2333.250	103.457	52.885	50.767	15.078	226.927	0.01	0.1	99.9	20.238	2.706	15.094		chang4+5
地200-47	2333.375	104.547	53.008	52.12	14.921	228.184	0.01	0.1	99.9	20.782	2.701	14.931		chang4+5
地200-47	2333.500	107.405	53.125	56.264	14.797	229.925	0.01	0.1	99.9	21.189	2.696	14.812		chang4+5
地200-47	2333.625	111.402	53.231	62.646	14.58	231.892	0.01	0.1	99.9	21.23	2.694	14.613		chang4+5
地200-47	2333.750	115.598	53.32	69.9	14.208	233.804	0.01	0.1	99.9	20.994	2.697	14.248		chang4+5
地200-47	2333.875	119.368	53.388	77.068	13.824	235.738	0.01	0.1	99.9	20.838	2.699	13.851		chang4+5
地200-47	2334.000	121.917	53.435	82.258	13.535	238.586	0.01	0.1	99.9	21.201	2.695	13.562		chang4+5
地200-47	2334.125	123.757	53.458	85.929	13.147	245.105	0.01	0.1	99.9	22.39	2.683	13.207		chang4+5
地200-47	2334.250	126.177	53.456	90.843	12.38	258.966	0.01	0.1	99.9	24.458	2.657	12.482		chang4+5
地200-47	2334.375	129.276	53.43	97.096	11.244	277.352	0.01	0.1	99.9	26.513	2.621	11.361		chang4+5
地200-47	2334.500	131.318	53.378	99.9	10.135	290.884	0.01	0.1	99.9	27.092	2.587	10.206		chang4+5
地200-47	2334.625	130.118	53.299	98.814	9.584	293.767	0.01	0.1	99.9	26.057	2.572	9.587		chang4+5
地200-47	2334.750	125.844	53.192	91.975	9.769	288.325	0.01	0.1	99.9	25.024	2.585	9.703		chang4+5
地200-47	2334.875	120.409	53.055	80.542	10.527	275.214	0.01	0.1	99.9	24.683	2.615	10.444		chang4+5
地200-47	2335.000	116.435	52.889	72.379	11.197	259.647	0.01	0.1	99.9	24.614	2.645	11.184		chang4+5
地200-47	2335.125	115.491	52.697	70.178	11.063	251.59	0.01	0.1	99.9	24.15	2.662	11.139		chang4+5
地200-47	2335.250	116.117	52.481	71.584	10.208	251.675	0.01	0.1	99.9	23.442	2.667	10.299		chang4+5
地200-47	2335.375	114.409	52.25	69.247	9.392	253.576	0.01	0.1	99.9	22.834	2.664	9.433		chang4+5
地200-47	2335.500	109.425	52.012	60.991	9.151	255.11	0.01	0.1	99.9	22.315	2.658	9.128		chang4+5
地200-47	2335.625	104.66	51.776	52.886	9.515	254.736	0.01	0.1	99.9	21.876	2.651	9.452		chang4+5
地200-47	2335.750	104.005	51.549	51.324	10.259	251.24	0.01	0.1	99.9	21.717	2.65	10.173		chang4+5
地200-47	2335.875	106.656	51.337	55.196	11.282	246.876	0.01	0.1	99.9	22.021	2.656	11.162		chang4+5
地200-47	2336.000	109.167	51.138	59.49	12.667	242.102	0.01	0.1	99.9	22.388	2.67	12.513		chang4+5
地200-47	2336.125	109.166	50.945	59.87	14.299	235.444	0.01	0.1	99.9	21.919	2.686	14.149		chang4+5
地200-47	2336.250	107.169	50.744	56.818	15.658	229.029	0.01	0.1	99.9	20.682	2.7	15.587		chang4+5
地200-47	2336.375	105.12	50.517	53.423	16.103	226.176	0.01	0.1	99.9	19.394	2.706	16.134		chang4+5
地200-47	2336.500	105.003	50.239	52.895	15.522	226.924	0.01	0.1	99.9	18.656	2.706	15.635		chang4+5
地200-47	2336.625	107.111	49.887	55.908	14.286	230.962	0.01	0.1	99.9	18.715	2.694	14.411		chang4+5
地200-47	2336.750	110.079	49.45	60.702	13.075	239.322	0.01	0.1	99.9	19.656	2.668	13.162		chang4+5
地200-47	2336.875	112.224	48.915	64.471	12.285	250.539	0.01	0.1	99.9	21.07	2.635	12.327		chang4+5
地200-47	2337.000	112.848	48.29	65.832	11.98	257.394	0.01	0.1	99.9	21.937	2.605	11.974		chang4+5
地200-47	2337.125	111.252	47.601	63.645	12.265	254.894	0.01	0.1	99.9	20.815	2.587	12.185		chang4+5
地200-47	2337.250	106.007	46.881	56.073	13.512	246.206	0.01	0.1	99.9	18.402	2.583	13.303		chang4+5
地200-47	2337.375	96.244	46.174	42.672	15.959	233.57	0.01	0.1	99.9	16.54	2.591	15.679		chang4+5
地200-47	2337.500	84.413	45.53	28.469	18.584	219.77	0.01	0.1	99.9	16.014	2.606	18.423		chang4+5
地200-47	2337.625	75.065	44.993	18.553	19.508	211.706	0.01	0.1	99.9	16.297	2.619	19.606		chang4+5
地200-47	2337.750	72.134	44.591	15.467	18.15	212.738	0.01	0.1	99.9	16.962	2.626	18.352		chang4+5
地200-47	2337.875	74.554	44.342	17.314	16.255	217.573	0.01	0.1	99.9	17.925	2.626	16.372		chang4+5
地200-47	2338.000	79.409	44.246	21.727	15.395	222.697	0.01	0.1	99.9	19.286	2.624	15.384		chang4+5
地200-47	2338.125	84.727	44.275	26.997	15.702	227.678	0.01	0.1	99.9	20.632	2.621	15.63		chang4+5
地200-47	2338.250	90.869	44.401	33.642	16.45	233.579	0.01	0.1	99.9	21.374	2.616	16.385		chang4+5
地200-47	2338.375	98.308	44.581	42.775	17.018	240.975	0.01	0.1	99.9	21.896	2.602	16.994		chang4+5
地200-47	2338.500	106.057	44.769	53.824	17.181	249.075	0.01	0.1	99.9	22.839	2.581	17.188		chang4+5
地200-47	2338.625	112.338	44.924	64.188	16.936	256.203	0.01	0.1	99.9	23.906	2.561	16.998		chang4+5
地200-47	2338.750	115.855	45.012	70.808	16.049	260.029	0.01	0.1	99.9	24.246	2.553	16.187		chang4+5
地200-47	2338.875	116.344	45.015	72.15	14.472	258.664	0.01	0.1	99.9	23.494	2.561	14.645		chang4+5
地200-47	2339.000	114.366	44.915	68.946	12.762	253.075	0.01	0.1	99.9	22.447	2.576	12.889		chang4+5
地200-47	2339.125	110.723	44.714	62.842	11.63	246.15	0.01	0.1	99.9	21.66	2.586	11.685		chang4+5
地200-47	2339.250	106.465	44.42	55.993	11.211	240.431	0.01	0.1	99.9	21.108	2.588	11.212		chang4+5
地200-47	2339.375	102.818	44.047	50.222	11.265	236.681	0.01	0.1	99.9	20.612	2.589	11.246		chang4+5
地200-47	2339.500	101.348	43.619	47.775	11.414	234.896	0.01	0.1	99.9	20.448	2.594	11.412		chang4+5
地200-47	2339.625	101.92	43.162	48.482	11.362	234.256	0.01	0.1	99.9	20.744	2.6	11.384		chang4+5
地200-47	2339.750	102.325	42.704	49.396	11.136	233.831	0.01	0.1	99.9	20.928	2.601	11.157		chang4+5
地200-47	2339.875	100.146	42.273	46.718	11.013	232.5	0.01	0.1	99.9	20.441	2.591	11.003		chang4+5
地200-47	2340.000	95.893	41.897	41.077	11.265	230.101	0.01	0.1	99.9	19.891	2.572	11.208		chang4+5
地200-47	2340.125	92.42	41.593	36.297	11.899	228.076	0.01	0.1	99.9	20.02	2.55	11.833		chang4+5
地200-47	2340.250	92.98	41.367	36.409	12.372	229.625	0.01	0.1	99.9	20.662	2.536	12.38		chang4+5
地200-47	2340.375	98.582	41.219	43.063	11.963	235.912	0.01	0.1	99.9	20.723	2.538	12.078		chang4+5
地200-47	2340.500	107.303	41.139	55.572	10.794	242.439	0.01	0.1	99.9	19.742	2.553	10.892		chang4+5
地200-47	2340.625	114.185	41.112	67.555	10.015	244.685	0.01	0.1	99.9	18.395	2.572	10.025		chang4+5
地200-47	2340.750	115.049	41.129	70.399	10.205	243.558	0.01	0.1	99.9	17.618	2.585	10.118		chang4+5
地200-47	2340.875	109.578	41.18	61.533	11.202	238.786	0.01	0.1	99.9	17.64	2.594	11.095		chang4+5
地200-47	2341.000	102.352	41.265	50.202	12.173	230.869	0.01	0.1	99.9	18.044	2.602	12.124		chang4+5
地200-47	2341.125	96.345	41.39	41.702	12.516	225.327	0.01	0.1	99.9	18.289	2.61	12.526		chang4+5
地200-47	2341.250	91.804	41.56	35.917	12.448	225.838	0.01	0.1	99.9	18.148	2.617	12.445		chang4+5
地200-47	2341.375	88.285	41.778	31.651	12.636	229.549	0.01	0.1	99.9	17.993	2.623	12.584		chang4+5
地200-47	2341.500	86.779	42.043	29.626	13.276	233.382	0.01	0.1	99.9	18.227	2.629	13.196		chang4+5
地200-47	2341.625	88.545	42.339	31.279	14.065	235.112	0.01	0.1	99.9	18.881	2.635	14.007		chang4+5
地200-47	2341.750	93.024	42.648	36.325	14.519	235.333	0.01	0.1	99.9	19.567	2.642	14.515		chang4+5
地200-47	2341.875	98.582	42.948	43.426	14.485	234.93	0.01	0.1	99.9	20.053	2.649	14.506		chang4+5
地200-47	2342.000	103.045	43.215	49.886	14.354	232.879	0.01	0.1	99.9	20.217	2.653	14.344		chang4+5
地200-47	2342.125	104.765	43.431	52.889	14.727	229.496	0.01	0.1	99.9	19.817	2.653	14.63		chang4+5
地200-47	2342.250	103.275	43.586	51.021	16.074	226.149	0.01	0.1	99.9	18.722	2.649	15.874		chang4+5
地200-47	2342.375	99.931	43.678	46.386	18.38	222.554	0.01	0.1	99.9	17.353	2.643	18.124		chang4+5
地200-47	2342.500	96.226	43.711	41.329	20.796	218.789	0.01	0.1	99.9	16.275	2.637	20.642		chang4+5
地200-47	2342.625	93.371	43.7	37.589	21.9	215.726	0.01	0.1	99.9	15.574	2.633	21.921		chang4+5
地200-47	2342.750	91.261	43.659	35.06	21.443	212.167	0.01	0.1	99.9	14.896	2.628	21.542		chang4+5
地200-47	2342.875	88.478	43.602	32.067	20.883	207.071	0.01	0.1	99.9	14.046	2.622	20.82		chang4+5
地200-47	2343.000	83.861	43.546	27.209	22.294	202.275	0.01	0.1	99.9	13.194	2.619	21.99		chang4+5
地200-47	2343.125	78.335	43.503	21.617	25.768	201.39	0.01	0.1	99.9	12.891	2.618	25.39		chang4+5
地200-47	2343.250	74.089	43.484	17.452	28.633	205.728	0.01	0.1	99.9	13.527	2.617	28.636		chang4+5
地200-47	2343.375	72.932	43.494	16.159	27.441	213.824	0.01	0.1	99.9	15.007	2.611	27.823		chang4+5
地200-47	2343.500	75.216	43.541	17.904	23.072	224.27	0.01	0.1	99.9	16.516	2.606	23.551		chang4+5
地200-47	2343.625	80.367	43.626	22.555	18.577	234.643	0.01	0.1	99.9	17.349	2.605	18.854		chang4+5
地200-47	2343.750	86.958	43.749	29.265	16.093	240.677	0.01	0.1	99.9	17.534	2.611	16.217		chang4+5
地200-47	2343.875	93.738	43.91	37.153	15.081	240.961	0.01	0.1	99.9	17.688	2.619	15.105		chang4+5
地200-47	2344.000	99.086	44.104	44.292	15.014	236.345	0.01	0.1	99.9	17.868	2.624	14.977		chang4+5
地200-47	2344.125	101.734	44.331	48.264	15.573	229.515	0.01	0.1	99.9	17.915	2.624	15.482		chang4+5
地200-47	2344.250	102.22	44.586	49.088	16.658	223.11	0.01	0.1	99.9	17.892	2.624	16.53		chang4+5
地200-47	2344.375	102.164	44.863	48.926	17.889	218.706	0.01	0.1	99.9	17.788	2.629	17.805		chang4+5
地200-47	2344.500	102.719	45.154	49.64	18.422	218.141	0.01	0.1	99.9	17.717	2.639	18.457		chang4+5
地200-47	2344.625	104.027	45.446	51.398	17.677	223.008	0.01	0.1	99.9	17.998	2.65	17.833		chang4+5
地200-47	2344.750	106.806	45.72	55.267	15.949	230.091	0.01	0.1	99.9	18.876	2.658	16.126		chang4+5
地200-47	2344.875	111.927	45.949	63.195	14.235	235.471	0.01	0.1	99.9	20.224	2.66	14.354		chang4+5
地200-47	2345.000	118.521	46.104	74.941	13.138	239.192	0.01	0.1	99.9	21.814	2.658	13.2		chang4+5
地200-47	2345.125	124.132	46.158	86.387	12.577	242.903	0.01	0.1	99.9	23.279	2.658	12.607		chang4+5
地200-47	2345.250	127.118	46.081	93.367	12.33	247.93	0.01	0.1	99.9	24.187	2.657	12.336		chang4+5
地200-47	2345.375	127.112	45.858	93.849	12.389	253.407	0.01	0.1	99.9	24.238	2.649	12.355		chang4+5
地200-47	2345.500	124.633	45.49	89.092	12.969	255.035	0.01	0.1	99.9	23.636	2.631	12.864		chang4+5
地200-47	2345.625	118.68	44.99	78.233	14.5	250.634	0.01	0.1	99.9	22.584	2.605	14.261		chang4+5
地200-47	2345.750	107.784	44.391	56.069	17.43	241.457	0.194	2.291	93.676	20.959	2.583	17.067		chang4+5
地200-47	2345.875	93.939	43.739	21.869	21.325	230.733	0.973	11.461	66.582	19.105	2.573	20.954		chang4+5
地200-47	2346.000	81.692	43.084	13.889	24.801	222.178	1.044	11.645	61.143	17.574	2.57	24.588		chang4+5
地200-47	2346.125	75.234	42.476	10.413	26.546	220.144	1.217	12.053	57.708	16.663	2.57	26.507		chang4+5
地200-47	2346.250	73.675	41.961	9.862	26.66	223.36	1.503	12.646	55.7	16.256	2.569	26.72		chang4+5
地200-47	2346.375	73.97	41.569	10.264	25.934	226.898	1.759	13.112	55.049	16.204	2.569	26.024		chang4+5
地200-47	2346.500	74.629	41.313	10.594	24.841	227.996	1.817	13.209	55.882	16.376	2.57	24.974		chang4+5
地200-47	2346.625	76.634	41.202	11.447	23.475	228.595	1.739	13.079	57.819	16.554	2.573	23.593		chang4+5
地200-47	2346.750	80.027	41.23	13.145	22.686	230.332	1.648	12.921	59.421	16.602	2.579	22.651		chang4+5
地200-47	2346.875	82.852	41.381	14.889	23.844	233.749	1.705	13.016	58.106	16.31	2.591	23.551		chang4+5
地200-47	2347.000	83.131	41.646	15.622	28.37	238.507	2.057	13.574	52.441	15.363	2.61	27.621		chang4+5
地200-47	2347.125	79.854	42.01	14.42	35.127	241.225	2.597	14.324	44.714	13.563	2.637	34.782		chang4+5
地200-47	2347.250	73.764	42.459	11.386	38.763	237.217	2.772	14.537	41.961	11.31	2.665	38.433		chang4+5
地200-47	2347.375	66.872	42.984	7.675	41.391	226.412	2.317	13.936	41.723	9.351	2.686	41.353		chang4+5
地200-47	2347.500	62.588	43.567	5.078	40.762	213.684	1.573	12.752	44.757	8.207	2.693	41.062		chang4+5
地200-47	2347.625	63.254	44.195	4.588	37.666	204.861	0.998	11.505	49.968	7.996	2.689	37.931		chang4+5
地200-47	2347.750	68.817	44.849	6.283	32.951	202.669	0.684	10.572	55.969	8.697	2.68	33.831		chang4+5
地200-47	2347.875	78.202	45.506	13.001	24.267	206.895	0.461	8.205	71.18	10.316	2.672	24.918		chang4+5
地200-47	2348.000	89.934	46.145	32.181	18.409	214.407	0.01	0.1	99.9	12.645	2.667	18.706		chang4+5
地200-47	2348.125	101.405	46.742	46.842	15.754	221.933	0.01	0.1	99.9	15.319	2.667	15.885		chang4+5
地200-47	2348.250	109.698	47.283	59.679	14.557	226.913	0.01	0.1	99.9	17.634	2.667	14.622		chang4+5
地200-47	2348.375	114.519	47.75	68.161	13.907	229.798	0.01	0.1	99.9	19.194	2.666	13.958		chang4+5
地200-47	2348.500	117.227	48.138	73.167	13.366	232.599	0.01	0.1	99.9	20.278	2.664	13.415		chang4+5
地200-47	2348.625	119.185	48.449	76.947	12.883	237.13	0.01	0.1	99.9	21.283	2.662	12.917		chang4+5
地200-47	2348.750	120.649	48.688	79.817	12.617	243.667	0.01	0.1	99.9	22.044	2.665	12.619		chang4+5
地200-47	2348.875	121.988	48.869	82.455	12.715	251.998	0.01	0.1	99.9	21.965	2.672	12.678		chang4+5
地200-47	2349.000	122.87	49.009	84.586	13.294	259.809	0.01	0.1	99.9	20.828	2.68	13.196		chang4+5
地200-47	2349.125	121.083	49.125	81.943	14.69	262.475	0.01	0.1	99.9	19.175	2.685	14.476		chang4+5
地200-47	2349.250	115.066	49.236	71.124	17.156	259.017	0.01	0.1	99.9	17.642	2.685	16.88		chang4+5
地200-47	2349.375	107.228	49.355	57.673	19.631	253.819	0.01	0.1	99.9	16.601	2.684	19.508		chang4+5
地200-47	2349.500	101.781	49.49	48.614	20.045	247.677	0.01	0.1	99.9	16.119	2.684	20.214		chang4+5
地200-47	2349.625	102.117	49.641	48.352	17.736	241.847	0.01	0.1	99.9	16.349	2.683	18.07		chang4+5
地200-47	2349.750	107.605	49.803	56.086	14.446	241.52	0.01	0.1	99.9	17.332	2.677	14.691		chang4+5
地200-47	2349.875	115.345	49.966	69.031	12.259	246.726	0.01	0.1	99.9	18.945	2.669	12.366		chang4+5
地200-47	2350.000	121.614	50.118	81.243	11.392	251.256	0.01	0.1	99.9	20.759	2.66	11.411		chang4+5
地200-47	2350.125	124.689	50.245	88.181	11.387	253.146	0.01	0.1	99.9	22.353	2.655	11.341		chang4+5
地200-47	2350.250	124.263	50.342	87.932	11.989	252.22	0.01	0.1	99.9	23.494	2.655	11.907		chang4+5
地200-47	2350.375	120.68	50.403	81.278	12.893	247.547	0.01	0.1	99.9	23.698	2.662	12.802		chang4+5
地200-47	2350.500	114.601	50.429	70.007	13.794	239.578	0.01	0.1	99.9	22.624	2.672	13.726		chang4+5
地200-47	2350.625	108.629	50.426	59.371	14.394	231.287	0.01	0.1	99.9	20.796	2.68	14.366		chang4+5
地200-47	2350.750	105.79	50.397	54.303	14.506	226.637	0.01	0.1	99.9	19.329	2.679	14.537		chang4+5
地200-47	2350.875	106.607	50.346	55.197	13.973	228.518	0.01	0.1	99.9	18.822	2.672	14.069		chang4+5
地200-47	2351.000	109.587	50.275	59.729	12.88	237.017	0.01	0.1	99.9	19.531	2.66	12.999		chang4+5
地200-47	2351.125	113.777	50.179	66.553	11.687	248.703	0.01	0.1	99.9	21.257	2.65	11.782		chang4+5
地200-47	2351.250	119.121	50.051	76.132	10.815	260.161	0.01	0.1	99.9	23.384	2.639	10.866		chang4+5
地200-47	2351.375	124.935	49.884	87.771	10.355	268.792	0.01	0.1	99.9	24.773	2.627	10.378		chang4+5
地200-47	2351.500	130.207	49.668	98.082	10.145	273.062	0.01	0.1	99.9	25.096	2.613	10.155		chang4+5
地200-47	2351.625	133.821	49.395	99.9	10.081	271.877	0.01	0.1	99.9	25.028	2.603	10.075		chang4+5
地200-47	2351.750	135.003	49.061	99.9	10.257	267.021	0.01	0.1	99.9	24.92	2.599	10.214		chang4+5
地200-47	2351.875	133.859	48.662	99.9	10.844	260.894	0.01	0.1	99.9	24.338	2.602	10.758		chang4+5
地200-47	2352.000	131.031	48.202	99.18	11.772	253.651	0.01	0.1	99.9	23.251	2.61	11.684		chang4+5
地200-47	2352.125	126.403	47.688	93.44	12.664	245.642	0.01	0.1	99.9	22.416	2.618	12.591		chang4+5
地200-47	2352.250	118.601	47.132	72.575	13.579	238.999	0.123	2.061	96.731	21.9	2.621	13.462		chang4+5
地200-47	2352.375	108.039	46.551	31.555	15.186	233.796	0.613	10.317	82.123	20.955	2.616	14.952		chang4+5
地200-47	2352.500	98.614	45.966	23.912	18.337	227.813	0.691	10.605	74.894	19.19	2.605	17.888		chang4+5
地200-47	2352.625	92.902	45.396	19.491	23.886	221.358	0.636	10.401	67.417	17.246	2.593	23.19		chang4+5
地200-47	2352.750	89.877	44.861	17.315	30.488	216.539	0.55	10.068	60.692	15.801	2.582	30.061		chang4+5
地200-47	2352.875	86.101	44.376	15.242	34.098	214.17	0.562	10.112	57.064	14.953	2.572	33.98		chang4+5
地200-47	2353.000	80.37	43.95	12.429	35.004	213.979	0.717	10.678	54.454	14.739	2.563	35.004		chang4+5
地200-47	2353.125	75.857	43.584	10.311	33.731	215.904	0.966	11.435	52.834	15.234	2.558	34.148		chang4+5
地200-47	2353.250	77.378	43.277	10.932	28.359	219.75	1.128	11.853	56.027	16.252	2.56	29.079		chang4+5
地200-47	2353.375	86.608	43.019	15.515	21.47	223.656	0.972	11.436	65.418	17.505	2.569	21.932		chang4+5
地200-47	2353.500	98.745	42.801	22.698	17.265	225.9	0.647	10.423	76.278	18.655	2.577	17.492		chang4+5
地200-47	2353.625	107.753	42.614	29.284	15.32	227.041	0.433	9.534	84.399	19.626	2.581	15.391		chang4+5
地200-47	2353.750	110.268	42.449	31.642	14.78	227.949	0.394	9.329	86.798	20.305	2.581	14.78		chang4+5
地200-47	2353.875	108.291	42.3	30.418	14.891	228.57	0.448	9.606	85.363	20.562	2.58	14.854		chang4+5
地200-47	2354.000	104.719	42.165	27.789	15.372	228.603	0.536	10.007	82.521	20.599	2.583	15.306		chang4+5
地200-47	2354.125	102.061	42.04	25.8	16.235	228.426	0.604	10.282	79.546	20.651	2.588	16.118		chang4+5
地200-47	2354.250	101.082	41.922	25.101	17.825	228.882	0.648	10.449	75.909	20.676	2.592	17.598		chang4+5
地200-47	2354.375	100.657	41.809	25.044	20.885	230.171	0.703	10.643	70.354	20.555	2.585	20.452		chang4+5
地200-47	2354.500	98.358	41.697	23.945	25.972	232.02	0.847	11.092	62.225	20.272	2.564	25.388		chang4+5
地200-47	2354.625	93.023	41.582	21.056	31.707	234.529	1.186	11.958	53.634	19.913	2.539	31.284		chang4+5
地200-47	2354.750	86.257	41.46	17.361	35.344	237.306	1.747	13.076	47.512	19.5	2.52	35.205		chang4+5
地200-47	2354.875	81.833	41.324	15.001	35.79	238.983	2.226	13.833	45.083	19.112	2.516	35.989		chang4+5
地200-47	2355.000	80.889	41.171	14.416	34.145	238.931	2.326	13.972	45.932	19.01	2.521	34.188		chang4+5
地200-47	2355.125	81.454	41.001	14.639	34.552	237.656	2.161	13.74	46.43	19.283	2.527	34.313		chang4+5
地200-47	2355.250	80.924	40.813	14.313	37.674	236.212	2.058	13.59	44.907	19.599	2.529	37.248		chang4+5
地200-47	2355.375	79.827	40.612	13.642	41.562	235.504	2.073	13.611	42.47	19.818	2.527	41.348		chang4+5
地200-47	2355.500	80.277	40.408	13.822	43.604	236.251	2.108	13.664	41.246	20.191	2.517	43.468		chang4+5
地200-47	2355.625	82.166	40.213	14.912	44.838	238.08	2.128	13.693	40.541	20.787	2.503	44.77		chang4+5
地200-47	2355.750	83.366	40.04	15.796	45.361	239.804	2.191	13.783	40.061	21.17	2.488	45.357		chang4+5
地200-47	2355.875	82.442	39.902	15.417	45.478	239.747	2.266	13.89	39.779	20.735	2.479	45.449		chang4+5
地200-47	2356.000	80.385	39.815	14.186	46.395	237.284	2.215	13.816	39.617	19.565	2.478	46.167		chang4+5
地200-47	2356.125	78.469	39.79	12.911	49.138	233.165	2.0	13.498	39.161	17.642	2.485	48.808		chang4+5
地200-47	2356.250	76.492	39.833	11.664	52.692	228.204	1.735	13.068	38.659	14.863	2.499	52.352		chang4+5
地200-47	2356.375	73.144	39.954	9.834	56.524	221.86	1.48	12.603	38.27	12.257	2.518	56.117		chang4+5
地200-47	2356.500	68.183	40.155	7.303	60.352	213.964	1.244	12.113	37.964	10.72	2.544	60.111		chang4+5
地200-47	2356.625	63.603	40.436	5.024	61.419	205.794	1.012	11.556	38.74	10.2	2.576	61.669		chang4+5
地200-47	2356.750	61.807	40.8	3.863	58.367	199.098	0.776	10.877	41.444	10.109	2.61	58.743		chang4+5
地200-47	2356.875	64.005	41.238	4.321	53.791	196.329	0.596	10.251	44.854	10.106	2.637	54.354		chang4+5
地200-47	2357.000	69.118	41.746	6.164	47.443	198.342	0.518	9.932	48.675	10.232	2.652	48.119		chang4+5
地200-47	2357.125	76.124	42.313	9.235	39.135	204.055	0.512	9.905	53.484	10.783	2.656	40.17		chang4+5
地200-47	2357.250	84.144	42.925	13.37	29.486	211.516	0.538	10.017	60.937	12.04	2.651	30.067		chang4+5
地200-47	2357.375	92.455	43.567	18.324	24.133	218.567	0.548	10.059	66.859	13.879	2.644	24.44		chang4+5
地200-47	2357.500	100.134	44.224	28.467	21.082	224.021	0.427	8.061	76.352	15.784	2.64	21.317		chang4+5
地200-47	2357.625	106.763	44.877	54.997	18.638	228.722	0.01	0.1	99.9	17.103	2.639	18.853		chang4+5
地200-47	2357.750	113.171	45.511	65.261	16.49	233.723	0.01	0.1	99.9	18.048	2.64	16.658		chang4+5
地200-47	2357.875	120.507	46.11	78.469	14.888	238.908	0.01	0.1	99.9	19.278	2.642	14.994		chang4+5
地200-47	2358.000	128.496	46.663	93.319	13.888	243.595	0.01	0.1	99.9	20.955	2.645	13.95		chang4+5
地200-47	2358.125	135.101	47.16	99.9	13.278	246.878	0.01	0.1	99.9	22.602	2.649	13.322		chang6
地200-47	2358.250	138.199	47.598	99.9	12.822	248.419	0.01	0.1	99.9	23.904	2.651	12.862		chang6
地200-47	2358.375	138.211	47.974	99.9	12.422	249.097	0.01	0.1	99.9	24.85	2.65	12.455		chang6
地200-47	2358.500	136.471	48.291	99.9	12.102	249.439	0.01	0.1	99.9	25.458	2.649	12.125		chang6
地200-47	2358.625	134.143	48.555	99.9	11.874	249.782	0.01	0.1	99.9	25.403	2.649	11.892		chang6
地200-47	2358.750	132.237	48.772	99.9	11.709	250.258	0.01	0.1	99.9	24.643	2.651	11.721		chang6
地200-47	2358.875	131.335	48.951	99.9	11.623	250.457	0.01	0.1	99.9	23.95	2.652	11.623		chang6
地200-47	2270.375--2358.875(平均)	110.099	46.79	61.051	16.218	244.333	0.302	2.548	93.077	21.383	2.603	16.219		
地200-47	2270.375--2358.875(最大)	200.389	56.654	99.9	61.419	347.242	4.828	16.496	99.9	40.069	2.741	61.669		
地200-47	2270.375--2358.875(最小)	48.679	16.598	3.863	4.79	196.329	0.01	0.1	37.964	7.996	2.269	4.788		
