井名	深度	GR	SP	SH	SS	AT90	AC	PERM2024	PERM	POR2024	POR	SW	SW2024	RT	DEN	解释结论	层位
地207-44	2323.750	101.210	63.358	69.113	30.887	10.362	249.641	0.000	0.010	0.000	0.100	99.900	0.000	10.375	2.520		
地207-44	2323.875	103.002	63.514	71.754	28.246	10.656	252.707	0.000	0.010	0.000	0.100	99.900	0.000	10.765	2.502		
地207-44	2324.000	104.733	63.645	73.909	26.091	11.116	259.371	0.000	0.010	0.000	0.100	99.900	0.000	11.253	2.493		
地207-44	2324.125	108.241	63.738	79.548	20.452	11.413	268.836	0.000	0.010	0.000	0.100	99.900	0.000	11.476	2.491		
地207-44	2324.250	110.760	63.793	82.914	17.086	11.335	279.982	0.000	0.010	0.000	0.100	99.900	0.000	11.280	2.494		
地207-44	2324.375	116.489	63.818	92.072	7.928	11.135	289.452	0.000	0.010	0.000	0.100	99.900	0.000	11.079	2.499		
地207-44	2324.500	123.654	63.776	99.900	0.100	11.064	293.197	0.000	0.010	0.000	0.100	99.900	0.000	11.058	2.505		长4+5!1^(1_1)
地207-44	2324.625	126.415	63.593	99.900	0.100	10.969	289.108	0.000	0.010	0.000	0.100	99.900	0.000	10.934	2.515		长4+5!1^(1_1)
地207-44	2324.750	122.506	63.304	99.900	0.100	10.590	279.130	0.000	0.010	0.000	0.100	99.900	0.000	10.457	2.531		长4+5!1^(1_1)
地207-44	2324.875	114.212	63.008	91.836	8.164	10.073	268.419	0.000	0.010	0.000	0.100	99.900	0.000	9.924	2.556		长4+5!1^(1_1)
地207-44	2325.000	103.860	62.736	75.139	24.861	9.951	257.962	0.000	0.010	0.000	0.100	99.900	0.000	9.961	2.585		长4+5!1^(1_1)
地207-44	2325.125	93.588	62.514	60.411	39.589	10.504	246.650	0.000	0.010	0.000	0.100	99.900	0.000	10.715	2.610		长4+5!1^(1_1)
地207-44	2325.250	85.335	62.354	50.111	49.889	11.675	234.835	0.000	0.010	0.000	0.100	99.900	0.000	12.047	2.626		长4+5!1^(1_1)
地207-44	2325.375	78.310	62.258	42.193	57.807	13.170	225.400	0.000	0.010	0.000	0.100	99.900	0.000	13.606	2.627		长4+5!1^(1_1)
地207-44	2325.500	72.666	62.219	36.358	63.642	14.613	219.794	0.000	0.010	0.000	0.100	99.900	0.000	15.003	2.615		长4+5!1^(1_1)
地207-44	2325.625	69.284	62.220	32.158	67.842	15.734	217.509	0.000	0.010	0.000	0.100	99.900	0.000	16.017	2.596		长4+5!1^(1_1)
地207-44	2325.750	75.085	62.242	36.630	63.370	16.290	218.202	0.000	0.010	0.000	0.100	99.900	0.000	16.396	2.573		长4+5!1^(1_1)
地207-44	2325.875	88.551	62.269	50.977	49.023	16.228	222.667	0.000	0.010	0.000	0.100	99.900	0.000	16.162	2.550		长4+5!1^(1_1)
地207-44	2326.000	101.881	62.292	68.396	31.604	15.526	232.263	0.000	0.010	0.000	0.100	99.900	0.000	15.279	2.528		长4+5!1^(1_1)
地207-44	2326.125	114.518	62.293	86.340	13.660	14.173	246.766	0.000	0.010	0.000	0.100	99.900	0.000	13.745	2.508		长4+5!1^(1_1)
地207-44	2326.250	134.489	62.249	99.900	0.100	12.602	263.849	0.000	0.010	0.000	0.100	99.900	0.000	12.160	2.491		长4+5!1^(1_1)
地207-44	2326.375	157.042	62.149	99.900	0.100	11.343	278.242	0.000	0.010	0.000	0.100	99.900	0.000	11.027	2.478		长4+5!1^(1_1)
地207-44	2326.500	166.128	62.001	99.900	0.100	10.740	283.927	0.000	0.010	0.000	0.100	99.900	0.000	10.629	2.476		长4+5!1^(1_1)
地207-44	2326.625	151.389	61.824	99.900	0.100	10.794	276.262	0.000	0.010	0.000	0.100	99.900	0.000	10.859	2.487		长4+5!1^(1_1)
地207-44	2326.750	121.628	61.627	99.900	0.100	11.392	256.776	0.000	0.010	0.000	0.100	99.900	0.000	11.599	2.507		长4+5!1^(1_1)
地207-44	2326.875	99.852	61.411	68.982	31.018	12.141	237.803	0.000	0.010	0.000	0.100	99.900	0.000	12.351	2.534		长4+5!1^(1_1)
地207-44	2327.000	92.235	61.175	57.241	42.759	12.418	228.172	0.000	0.010	0.000	0.100	99.900	0.000	12.444	2.563		长4+5!1^(1_1)
地207-44	2327.125	93.422	60.930	58.598	41.402	12.078	229.315	0.000	0.010	0.000	0.100	99.900	0.000	11.935	2.581		长4+5!1^(1_1)
地207-44	2327.250	95.436	60.700	61.230	38.770	11.588	235.092	0.000	0.010	0.000	0.100	99.900	0.000	11.453	2.584		长4+5!1^(1_1)
地207-44	2327.375	97.399	60.495	63.680	36.320	11.290	238.084	0.000	0.010	0.000	0.100	99.900	0.000	11.227	2.569		长4+5!1^(1_1)
地207-44	2327.500	100.536	60.314	67.571	32.429	11.029	239.021	0.000	0.010	0.000	0.100	99.900	0.000	10.952	2.543		长4+5!1^(1_1)
地207-44	2327.625	105.886	60.153	75.353	24.647	10.390	243.177	0.000	0.010	0.000	0.100	99.900	0.000	10.172	2.519		长4+5!1^(1_1)
地207-44	2327.750	110.962	60.013	83.619	16.381	9.506	253.753	0.000	0.010	0.000	0.100	99.900	0.000	9.248	2.508		长4+5!1^(1_1)
地207-44	2327.875	114.240	59.900	89.446	10.554	8.840	264.661	0.000	0.010	0.000	0.100	99.900	0.000	8.682	2.514		长4+5!1^(1_1)
地207-44	2328.000	115.470	59.817	92.163	7.837	8.655	268.934	0.000	0.010	0.000	0.100	99.900	0.000	8.645	2.532		长4+5!1^(1_1)
地207-44	2328.125	113.729	59.764	89.836	10.164	8.758	264.694	0.000	0.010	0.000	0.100	99.900	0.000	8.801	2.551		长4+5!1^(1_1)
地207-44	2328.250	108.872	59.732	82.179	17.821	8.941	257.557	0.000	0.010	0.000	0.100	99.900	0.000	8.996	2.559		长4+5!1^(1_1)
地207-44	2328.375	101.973	59.707	72.178	27.822	9.254	257.320	0.000	0.010	0.000	0.100	99.900	0.000	9.354	2.541		长4+5!1^(1_1)
地207-44	2328.500	92.502	59.681	59.016	40.984	9.726	269.189	0.000	0.010	0.000	0.100	99.900	0.000	9.871	2.494		长4+5!1^(1_1)
地207-44	2328.625	85.067	59.652	48.823	51.177	10.248	290.716	0.000	0.010	0.000	0.100	99.900	0.000	10.394	2.445		长4+5!1^(1_1)
地207-44	2328.750	85.305	59.630	48.795	51.205	10.910	309.039	0.000	0.010	0.000	0.100	99.900	0.000	11.109	2.417		长4+5!1^(1_1)
地207-44	2328.875	86.724	59.626	51.310	48.690	12.142	309.040	0.000	0.010	0.000	0.100	99.900	0.000	12.542	2.422		长4+5!1^(1_1)
地207-44	2329.000	81.595	59.651	46.550	53.450	14.183	287.569	0.000	0.010	0.000	0.100	99.900	0.000	14.819	2.453		长4+5!1^(1_2)
地207-44	2329.125	69.554	59.712	34.140	65.860	16.296	256.152	0.000	0.010	0.000	0.100	99.900	0.000	16.868	2.497		长4+5!1^(1_2)
地207-44	2329.250	59.517	59.818	24.578	75.422	17.332	233.221	0.000	0.010	0.000	0.100	99.900	0.000	17.512	2.536		长4+5!1^(1_2)
地207-44	2329.375	57.476	59.978	22.419	77.581	17.453	223.750	0.000	0.010	0.000	0.100	99.900	0.000	17.431	2.555		长4+5!1^(1_2)
地207-44	2329.500	60.258	60.204	24.889	75.111	18.176	221.485	0.000	0.010	0.000	0.100	99.900	0.000	18.464	2.554		长4+5!1^(1_2)
地207-44	2329.625	60.189	60.495	25.074	74.926	20.360	220.617	0.000	0.010	0.000	0.100	99.900	0.000	21.094	2.550		长4+5!1^(1_2)
地207-44	2329.750	58.465	60.829	23.268	76.732	22.768	222.627	0.000	0.010	0.000	0.100	99.900	0.000	23.416	2.552		长4+5!1^(1_2)
地207-44	2329.875	61.282	61.161	25.084	74.916	21.906	229.868	0.000	0.010	0.000	0.100	99.900	0.000	21.321	2.562		长4+5!1^(1_2)
地207-44	2330.000	68.040	61.453	30.860	69.140	18.623	239.667	0.000	0.010	0.000	0.100	99.900	0.000	17.577	2.573		长4+5!1^(1_2)
地207-44	2330.125	74.489	61.668	36.852	63.148	15.702	247.741	0.000	0.010	0.000	0.100	99.900	0.000	14.975	2.579		长4+5!1^(1_2)
地207-44	2330.250	81.581	61.786	43.509	56.491	14.065	254.474	0.000	0.010	0.000	0.100	99.900	0.000	13.713	2.576		长4+5!1^(1_2)
地207-44	2330.375	93.014	61.800	56.418	43.582	13.108	264.010	0.000	0.010	0.000	0.100	99.900	0.000	12.873	2.563		长4+5!1^(1_2)
地207-44	2330.500	105.545	61.703	74.351	25.649	12.246	276.564	0.000	0.010	0.000	0.100	99.900	0.000	12.003	2.543		长4+5!1^(1_2)
地207-44	2330.625	112.516	61.485	87.019	12.981	11.122	288.266	0.000	0.010	0.000	0.100	99.900	0.000	10.781	2.526		长4+5!1^(1_2)
地207-44	2330.750	110.722	61.159	85.686	14.314	9.939	292.697	0.000	0.010	0.000	0.100	99.900	0.000	9.613	2.516		长4+5!1^(1_2)
地207-44	2330.875	100.748	60.773	71.556	28.444	9.260	287.248	0.000	0.010	0.000	0.100	99.900	0.000	9.123	2.518		长4+5!1^(1_2)
地207-44	2331.000	84.428	60.378	50.329	49.671	9.595	272.685	0.000	0.010	0.000	0.100	99.900	0.000	9.778	2.530		长4+5!1^(1_2)
地207-44	2331.125	69.289	60.024	33.324	66.676	10.735	253.929	0.000	0.010	0.000	0.100	99.900	0.000	11.106	2.544		长4+5!1^(1_2)
地207-44	2331.250	64.099	59.741	28.108	71.892	11.927	238.679	0.000	0.010	0.000	0.100	99.900	0.000	12.245	2.550		长4+5!1^(1_2)
地207-44	2331.375	64.300	59.531	28.018	71.982	12.563	231.327	0.000	0.010	0.000	0.100	99.900	0.000	12.686	2.544		长4+5!1^(1_2)
地207-44	2331.500	67.042	59.392	30.149	69.851	13.158	232.103	0.000	0.010	0.000	0.100	99.900	0.000	13.341	2.527		长4+5!1^(1_2)
地207-44	2331.625	72.014	59.326	34.522	65.478	14.332	238.662	0.000	0.010	0.000	0.100	99.900	0.000	14.717	2.506		长4+5!1^(1_2)
地207-44	2331.750	77.975	59.331	40.612	59.388	15.601	249.806	0.000	0.010	0.000	0.100	99.900	0.000	15.943	2.484		长4+5!1^(1_2)
地207-44	2331.875	82.095	59.385	45.048	54.952	15.543	265.081	0.000	0.010	0.000	0.100	99.900	0.000	15.389	2.467		长4+5!1^(1_2)
地207-44	2332.000	85.844	59.474	48.953	51.047	13.993	281.788	0.000	0.010	0.000	0.100	99.900	0.000	13.452	2.462		长4+5!1^(1_2)
地207-44	2332.125	90.963	59.600	55.516	44.484	12.353	291.707	0.000	0.010	0.000	0.100	99.900	0.000	11.927	2.471		长4+5!1^(1_2)
地207-44	2332.250	92.074	59.780	58.072	41.928	11.520	284.450	0.000	0.010	0.000	0.100	99.900	0.000	11.362	2.492		长4+5!1^(1_2)
地207-44	2332.375	85.936	60.024	51.006	48.994	11.484	264.615	0.000	0.010	0.000	0.100	99.900	0.000	11.531	2.523		长4+5!1^(1_2)
地207-44	2332.500	77.988	60.331	41.514	58.486	11.877	243.571	0.000	0.010	0.000	0.100	99.900	0.000	12.011	2.558		长4+5!1^(1_2)
地207-44	2332.625	76.041	60.688	38.433	61.567	12.375	231.447	0.000	0.010	0.000	0.100	99.900	0.000	12.516	2.590		长4+5!1^(1_2)
地207-44	2332.750	82.187	61.076	44.740	55.260	12.928	230.767	0.000	0.010	0.000	0.100	99.900	0.000	13.087	2.614		长4+5!1^(1_2)
地207-44	2332.875	88.288	61.479	52.294	47.706	13.585	234.065	0.000	0.010	0.000	0.100	99.900	0.000	13.778	2.630		长4+5!1^(1_2)
地207-44	2333.000	89.635	61.882	54.644	45.356	14.219	236.249	0.000	0.010	0.000	0.100	99.900	0.000	14.391	2.637		长4+5!1^(1_2)
地207-44	2333.125	86.546	62.261	50.904	49.096	14.601	235.355	0.000	0.010	0.000	0.100	99.900	0.000	14.683	2.636		长4+5!1^(1_2)
地207-44	2333.250	84.130	62.587	47.743	52.257	14.492	232.691	0.000	0.010	0.000	0.100	99.900	0.000	14.418	2.630		长4+5!1^(1_2)
地207-44	2333.375	84.457	62.842	47.878	52.122	13.934	231.351	0.000	0.010	0.000	0.100	99.900	0.000	13.746	2.624		长4+5!1^(1_2)
地207-44	2333.500	86.388	63.028	49.993	50.007	13.218	232.006	0.000	0.010	0.000	0.100	99.900	0.000	13.013	2.620		长4+5!1^(1_2)
地207-44	2333.625	88.842	63.156	52.935	47.065	12.876	233.471	0.000	0.010	0.000	0.100	99.900	0.000	12.823	2.617		长4+5!1^(1_2)
地207-44	2333.750	90.736	63.235	55.466	44.534	13.318	234.589	0.000	0.010	0.000	0.100	99.900	0.000	13.509	2.615		长4+5!1^(1_2)
地207-44	2333.875	91.007	63.263	56.058	43.942	14.636	235.686	0.000	0.010	0.000	0.100	99.900	0.000	15.073	2.610		长4+5!1^(1_2)
地207-44	2334.000	89.903	63.225	54.494	45.506	16.180	237.195	0.000	0.010	0.000	0.100	99.900	0.000	16.610	2.603		长4+5!1^(1_2)
地207-44	2334.125	90.533	63.102	54.682	45.318	16.636	238.753	0.000	0.010	0.000	0.100	99.900	0.000	16.646	2.597		长4+5!1^(1_2)
地207-44	2334.250	94.619	62.892	59.887	40.113	15.676	239.100	0.000	0.010	0.000	0.100	99.900	0.000	15.300	2.595		长4+5!1^(1_2)
地207-44	2334.375	97.949	62.613	64.725	35.275	14.311	237.703	0.000	0.010	0.000	0.100	99.900	0.000	13.927	2.594		长4+5!1^(1_2)
地207-44	2334.500	98.855	62.275	66.053	33.947	13.119	236.781	0.000	0.010	0.000	0.100	99.900	0.000	12.805	2.588		长4+5!1^(1_2)
地207-44	2334.625	99.819	61.875	66.650	33.350	11.853	240.682	0.000	0.010	0.000	0.100	99.900	0.000	11.484	2.573		长4+5!1^(1_2)
地207-44	2334.750	104.880	61.404	73.666	26.334	10.471	251.627	0.000	0.010	0.000	0.100	99.900	0.000	10.079	2.554		长4+5!1^(1_2)
地207-44	2334.875	110.973	60.858	83.443	16.557	9.468	263.337	0.000	0.010	0.000	0.100	99.900	0.000	9.231	2.537		长4+5!1^(1_2)
地207-44	2335.000	114.677	60.232	90.975	9.025	9.167	269.887	0.000	0.010	0.000	0.100	99.900	0.000	9.142	2.532		长4+5!1^(1_2)
地207-44	2335.125	112.075	59.518	87.163	12.837	9.593	269.515	0.000	0.010	0.000	0.100	99.900	0.000	9.769	2.537		长4+5!1^(1_3)
地207-44	2335.250	106.993	58.716	78.743	21.257	10.548	263.759	0.000	0.010	0.000	0.100	99.900	0.000	10.851	2.548		长4+5!1^(1_3)
地207-44	2335.375	102.281	57.839	72.667	27.333	11.887	255.296	0.000	0.010	0.000	0.100	99.900	0.000	12.288	2.560		长4+5!1^(1_3)
地207-44	2335.500	91.964	56.908	32.565	67.435	13.557	245.372	0.395	3.137	10.448	13.435	63.186	0.487	14.049	2.567	干层	长4+5!1^(1_3)
地207-44	2335.625	78.164	55.961	23.658	76.342	15.454	235.813	0.490	2.283	10.887	12.482	63.002	0.442	15.999	2.569	干层	长4+5!1^(1_3)
地207-44	2335.750	66.100	55.050	17.104	82.896	17.316	228.409	0.621	1.752	11.371	11.741	62.851	0.407	17.826	2.565	干层	长4+5!1^(1_3)
地207-44	2335.875	58.598	54.235	13.473	86.527	18.364	222.982	0.690	1.365	11.586	11.194	64.105	0.394	18.573	2.554	干层	长4+5!1^(1_3)
地207-44	2336.000	54.575	53.570	11.520	88.480	17.940	219.337	0.703	1.058	11.625	10.820	67.588	0.409	17.695	2.540	干层	长4+5!1^(1_3)
地207-44	2336.125	54.531	53.112	11.236	88.764	16.317	217.455	0.640	0.842	11.433	10.620	72.696	0.446	15.784	2.526	干层	长4+5!1^(1_3)
地207-44	2336.250	56.713	52.883	11.926	88.074	14.746	216.860	0.555	0.740	11.144	10.561	76.616	0.479	14.344	2.515	干层	长4+5!1^(1_3)
地207-44	2336.375	59.222	52.865	12.822	87.178	14.145	216.407	0.477	0.706	10.836	10.514	77.658	0.486	14.067	2.508	干层	长4+5!1^(1_3)
地207-44	2336.500	60.899	53.043	13.448	86.552	14.573	216.395	0.438	0.732	10.660	10.492	75.927	0.469	14.769	2.503	干层	长4+5!1^(1_3)
地207-44	2336.625	62.162	53.407	13.992	86.008	15.158	218.726	0.000	0.830	0.000	10.648	73.651	0.000	15.308	2.493	干层	长4+5!1^(1_3)
地207-44	2336.750	65.376	53.928	15.726	84.274	14.716	227.144	0.000	1.182	0.000	11.387	71.542	0.000	14.487	2.476	干层	长4+5!1^(1_3)
地207-44	2336.875	73.464	54.553	34.954	65.046	13.192	241.953	0.000	0.010	0.000	0.100	99.900	0.000	12.690	2.459		长4+5!1^(1_3)
地207-44	2337.000	88.164	55.249	50.193	49.807	11.688	260.043	0.000	0.010	0.000	0.100	99.900	0.000	11.299	2.445		长4+5!1^(1_3)
地207-44	2337.125	103.603	55.994	70.866	29.134	10.833	276.542	0.000	0.010	0.000	0.100	99.900	0.000	10.653	2.432		长4+5!1^(1_3)
地207-44	2337.250	114.571	56.776	89.125	10.875	10.309	289.591	0.000	0.010	0.000	0.100	99.900	0.000	10.176	2.417		长4+5!1^(1_3)
地207-44	2337.375	119.744	57.580	99.641	0.359	9.411	300.960	0.000	0.010	0.000	0.100	99.900	0.000	9.114	2.398		长4+5!1^(1_3)
地207-44	2337.500	117.968	58.388	98.687	1.313	8.347	307.417	0.000	0.010	0.000	0.100	99.900	0.000	8.049	2.376		长4+5!1^(1_3)
地207-44	2337.625	106.176	59.173	79.916	20.084	7.787	301.267	0.000	0.010	0.000	0.100	99.900	0.000	7.685	2.363		长4+5!1^(1_3)
地207-44	2337.750	89.269	59.913	55.912	44.088	8.117	278.642	0.000	0.010	0.000	0.100	99.900	0.000	8.284	2.371		长4+5!1^(1_3)
地207-44	2337.875	75.342	60.598	39.287	60.713	8.982	252.121	0.000	0.010	0.000	0.100	99.900	0.000	9.252	2.403		长4+5!1^(1_3)
地207-44	2338.000	69.390	61.221	32.614	67.386	9.784	233.029	0.000	0.010	0.000	0.100	99.900	0.000	9.990	2.457		长4+5!1^(1_3)
地207-44	2338.125	70.876	61.767	33.955	66.045	10.377	224.452	0.000	0.010	0.000	0.100	99.900	0.000	10.527	2.520		长4+5!1^(1_3)
地207-44	2338.250	72.291	62.223	35.589	64.411	11.267	222.201	0.000	0.010	0.000	0.100	99.900	0.000	11.553	2.576		长4+5!1^(1_3)
地207-44	2338.375	71.563	62.592	34.720	65.280	12.781	221.570	0.000	0.010	0.000	0.100	99.900	0.000	13.256	2.609		长4+5!1^(1_3)
地207-44	2338.500	72.481	62.885	35.338	64.662	14.241	223.606	0.000	0.010	0.000	0.100	99.900	0.000	14.622	2.620		长4+5!1^(1_3)
地207-44	2338.625	75.312	63.116	38.139	61.861	14.462	229.350	0.000	0.010	0.000	0.100	99.900	0.000	14.400	2.620		长4+5!1^(1_3)
地207-44	2338.750	77.504	63.300	40.602	59.398	13.453	236.567	0.000	0.010	0.000	0.100	99.900	0.000	13.086	2.614		长4+5!1^(1_3)
地207-44	2338.875	78.060	63.448	40.942	59.058	12.261	241.184	0.000	0.010	0.000	0.100	99.900	0.000	11.941	2.602		长4+5!1^(1_3)
地207-44	2339.000	80.337	63.559	43.265	56.735	11.481	242.102	0.000	0.010	0.000	0.100	99.900	0.000	11.302	2.588		长4+5!1^(1_3)
地207-44	2339.125	82.493	63.628	46.164	53.836	11.157	240.864	0.000	0.010	0.000	0.100	99.900	0.000	11.100	2.576		长4+5!1^(1_3)
地207-44	2339.250	80.604	63.654	44.296	55.704	11.216	239.288	0.000	0.010	0.000	0.100	99.900	0.000	11.261	2.574		长4+5!1^(1_3)
地207-44	2339.375	77.675	63.645	40.955	59.045	11.497	237.404	0.000	0.010	0.000	0.100	99.900	0.000	11.589	2.584		长4+5!1^(1_3)
地207-44	2339.500	76.776	63.598	39.815	60.185	11.872	234.738	0.000	0.010	0.000	0.100	99.900	0.000	11.982	2.601		长4+5!1^(1_3)
地207-44	2339.625	77.631	63.515	40.529	59.471	12.412	232.233	0.000	0.010	0.000	0.100	99.900	0.000	12.579	2.616		长4+5!1^(1_3)
地207-44	2339.750	79.348	63.405	42.592	57.408	13.299	232.112	0.000	0.010	0.000	0.100	99.900	0.000	13.578	2.617		长4+5!1^(1_3)
地207-44	2339.875	78.923	63.287	42.303	57.697	14.594	234.310	0.000	0.010	0.000	0.100	99.900	0.000	14.988	2.598		长4+5!1^(1_3)
地207-44	2340.000	77.344	63.173	40.710	59.290	16.091	237.280	0.000	0.010	0.000	0.100	99.900	0.000	16.519	2.564		长4+5!1^(1_3)
地207-44	2340.125	75.360	63.074	38.791	61.209	17.326	239.764	0.000	0.010	0.000	0.100	99.900	0.000	17.638	2.529		长4+5!1^(1_3)
地207-44	2340.250	72.876	62.989	36.188	63.812	17.818	241.604	0.000	0.010	0.000	0.100	99.900	0.000	17.888	2.502		长4+5!1^(1_3)
地207-44	2340.375	71.974	62.913	35.001	64.999	17.291	243.795	0.000	0.010	0.000	0.100	99.900	0.000	17.060	2.489		长4+5!1^(1_3)
地207-44	2340.500	74.101	62.840	36.546	63.454	16.223	248.245	0.000	0.010	0.000	0.100	99.900	0.000	15.899	2.489		长4+5!1^(1_3)
地207-44	2340.625	80.633	62.765	42.531	57.469	15.272	257.293	0.000	0.010	0.000	0.100	99.900	0.000	15.029	2.493		长4+5!1^(1_3)
地207-44	2340.750	91.539	62.684	55.034	44.966	14.741	271.233	0.000	0.010	0.000	0.100	99.900	0.000	14.629	2.495		长4+5!1^(1_3)
地207-44	2340.875	101.020	62.588	68.413	31.587	14.309	283.458	0.000	0.010	0.000	0.100	99.900	0.000	14.184	2.497		长4+5!1^(1_3)
地207-44	2341.000	104.453	62.472	74.791	25.209	13.775	286.332	0.000	0.010	0.000	0.100	99.900	0.000	13.616	2.501		长4+5!1^(1_3)
地207-44	2341.125	100.203	62.334	69.518	30.482	13.650	275.834	0.000	0.010	0.000	0.100	99.900	0.000	13.664	2.510		长4+5!1^(1_3)
地207-44	2341.250	91.084	62.177	57.451	42.549	14.259	254.982	0.000	0.010	0.000	0.100	99.900	0.000	14.489	2.521		长4+5!1^(1_3)
地207-44	2341.375	81.479	62.010	45.716	54.284	15.022	235.223	0.000	0.010	0.000	0.100	99.900	0.000	15.229	2.529		长4+5!1^(1_3)
地207-44	2341.500	75.662	61.834	38.609	61.391	14.939	225.238	0.000	0.010	0.000	0.100	99.900	0.000	14.827	2.533		长4+5!1^(1_3)
地207-44	2341.625	77.942	61.646	40.037	59.963	14.246	230.292	0.000	0.010	0.000	0.100	99.900	0.000	14.020	2.532		长4+5!1^(1_3)
地207-44	2341.750	86.499	61.433	49.378	50.622	13.523	250.648	0.000	0.010	0.000	0.100	99.900	0.000	13.331	2.525		长4+5!1^(1_3)
地207-44	2341.875	94.081	61.184	58.977	41.023	12.865	276.012	0.000	0.010	0.000	0.100	99.900	0.000	12.684	2.514		长4+5!1^(1_3)
地207-44	2342.000	98.806	60.890	65.704	34.296	12.217	296.011	0.000	0.010	0.000	0.100	99.900	0.000	12.036	2.507		长4+5!1^(1_3)
地207-44	2342.125	100.207	60.539	68.693	31.307	11.688	301.522	0.000	0.010	0.000	0.100	99.900	0.000	11.554	2.508		长4+5!1^(1_3)
地207-44	2342.250	95.659	60.129	63.063	36.937	11.510	287.958	0.000	0.010	0.000	0.100	99.900	0.000	11.493	2.517		长4+5!1^(1_3)
地207-44	2342.375	87.623	59.666	53.061	46.939	11.771	264.478	0.000	0.010	0.000	0.100	99.900	0.000	11.879	2.530		长4+5!1^(1_3)
地207-44	2342.500	78.530	59.153	42.902	57.098	12.418	240.756	0.000	0.010	0.000	0.100	99.900	0.000	12.627	2.544		长4+5!1^(1_3)
地207-44	2342.625	69.718	58.595	33.392	66.608	13.397	224.338	0.000	0.010	0.000	0.100	99.900	0.000	13.696	2.554		长4+5!1^(1_3)
地207-44	2342.750	67.748	58.001	30.759	69.241	14.621	219.540	0.000	0.010	0.000	0.100	99.900	0.000	14.979	2.554		长4+5!1^(1_3)
地207-44	2342.875	73.088	57.379	35.306	64.694	15.644	224.573	0.000	0.010	0.000	0.100	99.900	0.000	15.902	2.544		长4+5!1^(1_3)
地207-44	2343.000	81.206	56.727	43.637	56.363	15.628	235.744	0.000	0.010	0.000	0.100	99.900	0.000	15.522	2.532		长4+5!1^(1_3)
地207-44	2343.125	87.952	56.040	51.527	48.473	14.955	245.976	0.000	0.010	0.000	0.100	99.900	0.000	14.736	2.524		长4+5!1^(1_3)
地207-44	2343.250	92.032	55.321	57.090	42.910	14.515	247.496	0.000	0.010	0.000	0.100	99.900	0.000	14.429	2.522		长4+5!1^(1_3)
地207-44	2343.375	91.951	54.582	57.572	42.428	14.360	241.569	0.000	0.010	0.000	0.100	99.900	0.000	14.334	2.525		长4+5!1^(1_3)
地207-44	2343.500	88.125	53.825	53.253	46.747	13.938	233.489	0.000	0.010	0.000	0.100	99.900	0.000	13.785	2.533		长4+5!1^(1_3)
地207-44	2343.625	82.256	53.033	46.164	53.836	13.309	227.982	0.000	0.010	0.000	0.100	99.900	0.000	13.124	2.544		长4+5!1^(2_1)
地207-44	2343.750	78.855	52.189	42.190	57.810	13.166	226.757	0.000	0.010	0.000	0.100	99.900	0.000	13.182	2.555		长4+5!1^(2_1)
地207-44	2343.875	78.068	51.298	40.942	59.058	13.830	227.425	0.000	0.010	0.000	0.100	99.900	0.000	14.080	2.563		长4+5!1^(2_1)
地207-44	2344.000	80.166	50.393	43.331	56.669	15.128	227.959	0.000	0.010	0.000	0.100	99.900	0.000	15.534	2.560		长4+5!1^(2_1)
地207-44	2344.125	80.004	49.527	44.107	55.893	16.530	227.417	0.000	0.010	0.000	0.100	99.900	0.000	16.916	2.548		长4+5!1^(2_1)
地207-44	2344.250	72.699	48.747	37.208	62.792	17.670	226.193	0.000	0.010	0.000	0.100	99.900	0.000	17.961	2.531		长4+5!1^(2_1)
地207-44	2344.375	61.586	48.076	26.770	73.230	18.691	225.107	0.000	0.010	0.000	0.100	99.900	0.000	18.974	2.513		长4+5!1^(2_1)
地207-44	2344.500	54.088	47.539	20.556	79.444	19.838	224.586	0.000	0.010	0.000	0.100	99.900	0.000	20.173	2.497		长4+5!1^(2_1)
地207-44	2344.625	49.693	47.184	17.131	82.869	20.794	225.688	0.000	0.010	0.000	0.100	99.900	0.000	21.035	2.487		长4+5!1^(2_1)
地207-44	2344.750	48.207	47.039	15.846	84.154	21.170	229.606	0.000	0.010	0.000	0.100	99.900	0.000	21.223	2.486		长4+5!1^(2_1)
地207-44	2344.875	49.955	47.078	16.726	83.274	21.068	234.651	0.000	0.010	0.000	0.100	99.900	0.000	21.008	2.485		长4+5!1^(2_1)
地207-44	2345.000	55.605	47.255	20.476	79.524	20.722	238.912	0.000	0.010	0.000	0.100	99.900	0.000	20.611	2.476		长4+5!1^(2_1)
地207-44	2345.125	65.197	47.498	27.547	72.453	19.970	243.386	0.000	0.010	0.000	0.100	99.900	0.000	19.722	2.457		长4+5!1^(2_1)
地207-44	2345.250	80.082	47.737	41.264	58.736	18.647	253.204	0.000	0.010	0.000	0.100	99.900	0.000	18.231	2.433		长4+5!1^(2_1)
地207-44	2345.375	96.187	47.918	60.524	39.476	17.175	270.071	0.000	0.010	0.000	0.100	99.900	0.000	16.766	2.410		长4+5!1^(2_1)
地207-44	2345.500	108.288	48.008	78.580	21.420	15.963	289.547	0.000	0.010	0.000	0.100	99.900	0.000	15.652	2.397		长4+5!1^(2_1)
地207-44	2345.625	114.970	47.989	91.237	8.763	15.070	302.729	0.000	0.010	0.000	0.100	99.900	0.000	14.844	2.396		长4+5!1^(2_1)
地207-44	2345.750	113.054	47.881	89.430	10.570	14.318	300.785	0.000	0.010	0.000	0.100	99.900	0.000	14.115	2.405		长4+5!1^(2_1)
地207-44	2345.875	103.800	47.751	76.100	23.900	13.606	286.242	0.000	0.010	0.000	0.100	99.900	0.000	13.409	2.418		长4+5!1^(2_1)
地207-44	2346.000	87.108	47.667	53.875	46.125	12.927	265.611	0.000	0.010	0.000	0.100	99.900	0.000	12.740	2.430		长4+5!1^(2_1)
地207-44	2346.125	68.791	47.706	33.656	66.344	12.285	246.350	0.000	0.010	0.000	0.100	99.900	0.000	12.109	2.438		长4+5!1^(2_1)
地207-44	2346.250	56.777	47.919	22.555	77.445	11.660	233.693	0.000	0.010	0.000	0.100	99.900	0.000	11.487	2.439		长4+5!1^(2_1)
地207-44	2346.375	53.471	48.308	19.385	80.615	10.961	227.720	0.000	0.010	0.000	0.100	99.900	0.000	10.757	2.430		长4+5!1^(2_1)
地207-44	2346.500	57.764	48.864	21.922	78.078	10.124	229.196	0.000	0.010	0.000	0.100	99.900	0.000	9.878	2.411		长4+5!1^(2_1)
地207-44	2346.625	69.275	49.575	31.001	68.999	9.210	239.090	0.000	0.010	0.000	0.100	99.900	0.000	8.951	2.396		长4+5!1^(2_1)
地207-44	2346.750	84.466	50.400	46.399	53.601	8.417	255.294	0.000	0.010	0.000	0.100	99.900	0.000	8.210	2.397		长4+5!1^(2_1)
地207-44	2346.875	96.639	51.271	62.220	37.780	7.880	270.076	0.000	0.010	0.000	0.100	99.900	0.000	7.753	2.412		长4+5!1^(2_1)
地207-44	2347.000	101.423	52.125	69.990	30.010	7.575	278.650	0.000	0.010	0.000	0.100	99.900	0.000	7.506	2.433		长4+5!1^(2_1)
地207-44	2347.125	99.599	52.893	67.805	32.195	7.390	280.712	0.000	0.010	0.000	0.100	99.900	0.000	7.345	2.451		长4+5!1^(2_1)
地207-44	2347.250	96.368	53.525	62.474	37.526	7.358	278.233	0.000	0.010	0.000	0.100	99.900	0.000	7.362	2.462		长4+5!1^(2_1)
地207-44	2347.375	98.550	54.007	64.842	35.158	7.640	274.154	0.000	0.010	0.000	0.100	99.900	0.000	7.747	2.469		长4+5!1^(2_1)
地207-44	2347.500	103.497	54.336	72.304	27.696	8.321	270.086	0.000	0.010	0.000	0.100	99.900	0.000	8.544	2.481		长4+5!1^(2_1)
地207-44	2347.625	105.078	54.506	75.969	24.031	9.194	266.384	0.000	0.010	0.000	0.100	99.900	0.000	9.446	2.504		长4+5!1^(2_1)
地207-44	2347.750	99.839	54.532	68.763	31.237	10.119	260.938	0.000	0.010	0.000	0.100	99.900	0.000	10.380	2.537		长4+5!1^(2_1)
地207-44	2347.875	91.878	54.456	58.551	41.449	11.290	251.600	0.000	0.010	0.000	0.100	99.900	0.000	11.643	2.570		长4+5!1^(2_1)
地207-44	2348.000	81.122	54.317	45.977	54.023	12.913	239.240	0.000	0.010	0.000	0.100	99.900	0.000	13.406	2.594		长4+5!1^(2_1)
地207-44	2348.125	69.921	54.161	34.013	65.987	15.021	227.489	0.000	0.010	0.000	0.100	99.900	0.000	15.647	2.606		长4+5!1^(2_1)
地207-44	2348.250	63.758	54.036	27.955	72.045	17.619	220.699	0.000	0.010	0.000	0.100	99.900	0.000	18.383	2.610		长4+5!1^(2_1)
地207-44	2348.375	62.538	53.981	26.723	73.277	20.539	219.148	0.000	0.010	0.000	0.100	99.900	0.000	21.374	2.609		长4+5!1^(2_1)
地207-44	2348.500	63.107	54.026	27.219	72.781	23.208	220.488	0.000	0.010	0.000	0.100	99.900	0.000	23.919	2.607		长4+5!1^(2_1)
地207-44	2348.625	63.196	54.201	27.547	72.453	24.644	220.824	0.000	0.010	0.000	0.100	99.900	0.000	24.925	2.603		长4+5!1^(2_1)
地207-44	2348.750	60.838	54.512	25.771	74.229	24.689	217.220	0.000	0.010	0.000	0.100	99.900	0.000	24.597	2.598		长4+5!1^(2_1)
地207-44	2348.875	57.257	54.931	22.577	77.423	23.687	212.085	0.000	0.010	0.000	0.100	99.900	0.000	23.335	2.591		长4+5!1^(2_1)
地207-44	2349.000	57.676	55.431	22.252	77.748	21.691	210.351	0.000	0.010	0.000	0.100	99.900	0.000	21.053	2.578		长4+5!1^(2_1)
地207-44	2349.125	64.991	55.986	27.599	72.401	18.713	216.424	0.000	0.010	0.000	0.100	99.900	0.000	17.805	2.553		长4+5!1^(2_1)
地207-44	2349.250	77.288	56.564	39.038	60.962	15.246	230.752	0.000	0.010	0.000	0.100	99.900	0.000	14.254	2.518		长4+5!1^(2_1)
地207-44	2349.375	88.252	57.136	51.498	48.502	12.378	246.301	0.000	0.010	0.000	0.100	99.900	0.000	11.650	2.487		长4+5!1^(2_1)
地207-44	2349.500	94.552	57.681	60.540	39.460	10.652	256.683	0.000	0.010	0.000	0.100	99.900	0.000	10.266	2.479		长4+5!1^(2_1)
地207-44	2349.625	92.869	58.186	59.072	40.928	9.944	259.285	0.000	0.010	0.000	0.100	99.900	0.000	9.819	2.490		长4+5!1^(2_1)
地207-44	2349.750	87.540	58.645	52.031	47.969	9.755	256.260	0.000	0.010	0.000	0.100	99.900	0.000	9.731	2.512		长4+5!1^(2_1)
地207-44	2349.875	85.428	59.058	49.169	50.831	9.603	252.209	0.000	0.010	0.000	0.100	99.900	0.000	9.554	2.533		长4+5!1^(2_1)
地207-44	2350.000	85.631	59.425	49.697	50.303	9.496	247.679	0.000	0.010	0.000	0.100	99.900	0.000	9.474	2.546		长4+5!1^(2_1)
地207-44	2350.125	83.740	59.744	47.760	52.240	9.801	242.224	0.000	0.010	0.000	0.100	99.900	0.000	9.928	2.550		长4+5!1^(2_1)
地207-44	2350.250	80.894	60.018	44.156	55.844	10.534	238.388	0.000	0.010	0.000	0.100	99.900	0.000	10.769	2.553		长4+5!1^(2_1)
地207-44	2350.375	81.611	60.255	44.533	55.467	11.282	239.210	0.000	0.010	0.000	0.100	99.900	0.000	11.481	2.560		长4+5!1^(2_1)
地207-44	2350.500	84.976	60.458	48.332	51.668	11.565	243.679	0.000	0.010	0.000	0.100	99.900	0.000	11.597	2.568		长4+5!1^(2_1)
地207-44	2350.625	87.336	60.620	51.615	48.385	11.584	247.500	0.000	0.010	0.000	0.100	99.900	0.000	11.579	2.574		长4+5!1^(2_1)
地207-44	2350.750	86.129	60.738	50.197	49.803	11.770	246.510	0.000	0.010	0.000	0.100	99.900	0.000	11.844	2.571		长4+5!1^(2_1)
地207-44	2350.875	85.172	60.817	48.872	51.128	12.209	241.956	0.000	0.010	0.000	0.100	99.900	0.000	12.350	2.562		长4+5!1^(2_1)
地207-44	2351.000	85.704	60.871	49.431	50.569	12.628	236.531	0.000	0.010	0.000	0.100	99.900	0.000	12.736	2.556		长4+5!1^(2_1)
地207-44	2351.125	86.385	60.910	50.415	49.585	12.891	232.269	0.000	0.010	0.000	0.100	99.900	0.000	12.951	2.561		长4+5!1^(2_1)
地207-44	2351.250	85.664	60.937	49.740	50.260	13.099	229.933	0.000	0.010	0.000	0.100	99.900	0.000	13.157	2.575		长4+5!1^(2_1)
地207-44	2351.375	83.907	60.954	47.767	52.233	13.418	228.955	0.000	0.010	0.000	0.100	99.900	0.000	13.520	2.594		长4+5!1^(2_1)
地207-44	2351.500	82.039	60.961	45.628	54.372	13.906	229.655	0.000	0.010	0.000	0.100	99.900	0.000	14.055	2.615		长4+5!1^(2_1)
地207-44	2351.625	80.925	60.952	44.080	55.920	14.369	232.768	0.000	0.010	0.000	0.100	99.900	0.000	14.490	2.627		长4+5!1^(2_1)
地207-44	2351.750	82.365	60.921	45.384	54.616	14.642	237.964	0.000	0.010	0.000	0.100	99.900	0.000	14.701	2.626		长4+5!1^(2_1)
地207-44	2351.875	85.738	60.863	48.936	51.064	14.879	241.784	0.000	0.010	0.000	0.100	99.900	0.000	14.948	2.610		长4+5!1^(2_1)
地207-44	2352.000	90.126	60.775	54.569	45.431	15.340	240.847	0.000	0.010	0.000	0.100	99.900	0.000	15.492	2.590		长4+5!1^(2_1)
地207-44	2352.125	91.047	60.653	56.418	43.582	15.960	234.911	0.000	0.010	0.000	0.100	99.900	0.000	16.141	2.575		长4+5!1^(2_1)
地207-44	2352.250	88.721	60.495	52.316	47.684	16.492	228.151	0.000	0.010	0.000	0.100	99.900	0.000	16.628	2.569		长4+5!1^(2_1)
地207-44	2352.375	94.840	60.306	59.008	40.992	16.643	225.452	0.000	0.010	0.000	0.100	99.900	0.000	16.649	2.572		长4+5!1^(2_1)
地207-44	2352.500	105.220	60.089	74.578	25.422	16.354	227.945	0.000	0.010	0.000	0.100	99.900	0.000	16.240	2.581		长4+5!1^(2_1)
地207-44	2352.625	108.204	59.849	80.773	19.227	15.750	234.012	0.000	0.010	0.000	0.100	99.900	0.000	15.560	2.590		长4+5!1^(2_1)
地207-44	2352.750	103.299	59.596	73.533	26.467	14.946	240.907	0.000	0.010	0.000	0.100	99.900	0.000	14.708	2.597		长4+5!1^(2_1)
地207-44	2352.875	97.233	59.333	64.716	35.284	14.087	245.990	0.000	0.010	0.000	0.100	99.900	0.000	13.847	2.599		长4+5!1^(2_1)
地207-44	2353.000	92.515	59.062	58.166	41.834	13.472	247.680	0.000	0.010	0.000	0.100	99.900	0.000	13.326	2.594		长4+5!1^(2_1)
地207-44	2353.125	89.983	58.781	54.773	45.227	13.604	244.936	0.000	0.010	0.000	0.100	99.900	0.000	13.712	2.584		长4+5!1^(2_1)
地207-44	2353.250	88.893	58.494	53.443	46.557	14.645	237.636	0.000	0.010	0.000	0.100	99.900	0.000	15.007	2.573		长4+5!1^(2_1)
地207-44	2353.375	87.705	58.203	52.199	47.801	16.316	229.126	0.000	0.010	0.000	0.100	99.900	0.000	16.823	2.563		长4+5!1^(2_2)
地207-44	2353.500	85.457	57.910	49.555	50.445	18.129	222.322	0.000	0.010	0.000	0.100	99.900	0.000	18.635	2.561		长4+5!1^(2_2)
地207-44	2353.625	82.932	57.613	47.151	52.849	20.242	217.983	0.000	0.010	0.000	0.100	99.900	0.000	20.865	2.567		长4+5!1^(2_2)
地207-44	2353.750	77.305	57.308	41.248	58.752	23.283	215.704	0.000	0.010	0.000	0.100	99.900	0.000	24.220	2.578		长4+5!1^(2_2)
地207-44	2353.875	71.551	56.986	34.720	65.280	26.472	217.772	0.000	0.010	0.000	0.100	99.900	0.000	27.345	2.586		长4+5!1^(2_2)
地207-44	2354.000	73.362	56.633	35.241	64.759	26.551	228.609	0.000	0.010	0.000	0.100	99.900	0.000	26.244	2.581		长4+5!1^(2_2)
地207-44	2354.125	84.995	56.224	46.683	53.317	22.733	247.810	0.000	0.010	0.000	0.100	99.900	0.000	21.372	2.561		长4+5!1^(2_2)
地207-44	2354.250	99.406	55.737	65.653	34.347	18.320	266.474	0.000	0.010	0.000	0.100	99.900	0.000	17.138	2.533		长4+5!1^(2_2)
地207-44	2354.375	105.776	55.160	76.495	23.505	15.399	275.668	0.000	0.010	0.000	0.100	99.900	0.000	14.725	2.509		长4+5!1^(2_2)
地207-44	2354.500	103.368	54.476	73.538	26.462	13.848	275.999	0.000	0.010	0.000	0.100	99.900	0.000	13.508	2.497		长4+5!1^(2_2)
地207-44	2354.625	98.119	53.673	65.475	34.525	12.919	273.185	0.000	0.010	0.000	0.100	99.900	0.000	12.691	2.498		长4+5!1^(2_2)
地207-44	2354.750	96.089	52.765	62.482	37.518	12.207	269.945	0.000	0.010	0.000	0.100	99.900	0.000	12.020	2.507		长4+5!1^(2_2)
地207-44	2354.875	95.093	51.806	61.640	38.360	11.827	263.233	0.000	0.010	0.000	0.100	99.900	0.000	11.752	2.520		长4+5!1^(2_2)
地207-44	2355.000	90.839	50.851	56.955	43.045	12.003	250.970	0.000	0.010	0.000	0.100	99.900	0.000	12.100	2.534		长4+5!1^(2_2)
地207-44	2355.125	81.624	49.964	25.503	74.497	12.605	235.896	0.412	1.885	10.536	12.547	70.127	0.522	12.801	2.547	干层	长4+5!1^(2_2)
地207-44	2355.250	69.158	49.197	18.065	81.935	13.390	224.100	0.426	1.079	10.604	11.332	74.096	0.499	13.618	2.553	干层	长4+5!1^(2_2)
地207-44	2355.375	60.151	48.583	13.595	86.405	14.131	218.298	0.502	0.806	10.936	10.712	75.745	0.480	14.330	2.552	干层	长4+5!1^(2_2)
地207-44	2355.500	56.692	48.154	12.002	87.998	14.673	217.107	0.563	0.769	11.172	10.572	75.349	0.468	14.806	2.543	干层	长4+5!1^(2_2)
地207-44	2355.625	57.855	47.948	12.361	87.639	15.003	217.848	0.551	0.812	11.128	10.636	74.283	0.461	15.080	2.525	干层	长4+5!1^(2_2)
地207-44	2355.750	61.231	47.965	13.745	86.255	15.267	219.259	0.499	0.890	10.924	10.767	72.889	0.456	15.340	2.502	干层	长4+5!1^(2_2)
地207-44	2355.875	63.774	48.157	14.977	85.023	15.549	221.010	0.479	1.000	10.842	10.942	71.238	0.449	15.630	2.484	干层	长4+5!1^(2_2)
地207-44	2356.000	64.077	48.484	15.359	84.641	15.786	222.264	0.503	1.094	10.941	11.079	70.008	0.445	15.847	2.482	干层	长4+5!1^(2_2)
地207-44	2356.125	62.008	48.907	14.515	85.485	15.951	222.228	0.558	1.109	11.152	11.086	69.650	0.442	15.991	2.497	干层	长4+5!1^(2_2)
地207-44	2356.250	61.381	49.390	13.973	86.027	16.142	221.359	0.551	1.071	11.127	11.000	69.658	0.437	16.201	2.522	干层	长4+5!1^(2_2)
地207-44	2356.375	65.515	49.897	15.337	84.663	16.355	220.706	0.431	1.045	10.629	10.933	69.561	0.434	16.415	2.555	干层	长4+5!1^(2_2)
地207-44	2356.500	72.270	50.403	18.341	81.659	16.397	220.365	0.300	1.024	9.891	10.898	69.801	0.435	16.390	2.585	干层	长4+5!1^(2_2)
地207-44	2356.625	73.606	50.891	19.289	80.711	16.314	220.112	0.277	1.005	9.725	10.876	70.144	0.437	16.285	2.605	干层	长4+5!1^(2_2)
地207-44	2356.750	68.662	51.363	17.002	82.998	16.443	219.552	0.346	0.993	10.181	10.831	69.921	0.432	16.504	2.611	干层	长4+5!1^(2_2)
地207-44	2356.875	66.127	51.842	15.734	84.266	17.113	218.192	0.368	0.973	10.303	10.708	68.860	0.416	17.349	2.603	干层	长4+5!1^(2_2)
地207-44	2357.000	65.572	52.353	15.367	84.633	18.162	216.260	0.343	0.928	10.160	10.515	67.753	0.397	18.477	2.584	干层	长4+5!1^(2_2)
地207-44	2357.125	64.426	52.917	14.730	85.270	19.232	214.796	0.337	0.897	10.127	10.363	66.729	0.381	19.525	2.566	干层	长4+5!1^(2_2)
地207-44	2357.250	64.227	53.584	14.547	85.453	20.198	214.032	0.327	0.906	10.068	10.299	65.528	0.368	20.459	2.556	干层	长4+5!1^(2_2)
地207-44	2357.375	64.901	54.410	14.681	85.319	21.355	212.284	0.289	0.879	9.816	10.150	64.413	0.353	21.702	2.558	干层	长4+5!1^(2_2)
地207-44	2357.500	65.307	55.301	14.535	85.465	23.012	209.008	0.000	0.010	0.000	9.830	63.569	0.000	23.520	2.570	干层	长4+5!1^(2_2)
地207-44	2357.625	66.315	56.215	14.443	85.557	24.778	206.454	0.000	0.010	0.000	9.529	62.964	0.000	25.265	2.580	干层	长4+5!1^(2_2)
地207-44	2357.750	71.267	57.286	33.880	66.120	25.202	208.521	0.000	0.010	0.000	0.100	99.900	0.000	25.178	2.581		长4+5!1^(2_2)
地207-44	2357.875	76.773	58.437	39.399	60.601	23.666	215.164	0.000	0.010	0.000	0.100	99.900	0.000	23.080	2.569		长4+5!1^(2_2)
地207-44	2358.000	80.452	59.497	43.680	56.320	21.551	223.436	0.000	0.010	0.000	0.100	99.900	0.000	20.958	2.550		长4+5!1^(2_2)
地207-44	2358.125	80.376	60.441	44.080	55.920	20.019	229.634	0.000	0.010	0.000	0.100	99.900	0.000	19.655	2.535		长4+5!1^(2_2)
地207-44	2358.250	77.358	61.215	40.520	59.480	18.875	231.450	0.000	0.010	0.000	0.100	99.900	0.000	18.573	2.531		长4+5!1^(2_2)
地207-44	2358.375	77.267	61.772	40.289	59.711	17.592	230.405	0.000	0.010	0.000	0.100	99.900	0.000	17.212	2.539		长4+5!1^(2_2)
地207-44	2358.500	77.880	62.203	41.219	58.781	16.377	228.597	0.000	0.010	0.000	0.100	99.900	0.000	16.053	2.554		长4+5!1^(2_2)
地207-44	2358.625	76.309	62.539	39.636	60.364	15.653	228.435	0.000	0.010	0.000	0.100	99.900	0.000	15.497	2.568		长4+5!1^(2_2)
地207-44	2358.750	75.247	62.628	37.897	62.103	15.526	232.896	0.000	0.010	0.000	0.100	99.900	0.000	15.537	2.576		长4+5!1^(2_2)
地207-44	2358.875	79.751	62.532	41.909	58.091	15.662	242.315	0.000	0.010	0.000	0.100	99.900	0.000	15.711	2.577		长4+5!1^(2_2)
地207-44	2359.000	88.208	62.404	51.411	48.589	15.822	254.117	0.000	0.010	0.000	0.100	99.900	0.000	15.865	2.570		长4+5!1^(2_2)
地207-44	2359.125	95.151	62.251	60.765	39.235	16.175	263.030	0.000	0.010	0.000	0.100	99.900	0.000	16.295	2.558		长4+5!1^(2_2)
地207-44	2359.250	97.039	62.080	64.000	36.000	17.016	265.214	0.000	0.010	0.000	0.100	99.900	0.000	17.296	2.540		长4+5!1^(2_2)
地207-44	2359.375	95.032	61.894	61.105	38.895	18.366	265.261	0.000	0.010	0.000	0.100	99.900	0.000	18.781	2.516		长4+5!1^(2_2)
地207-44	2359.500	94.571	61.694	60.139	39.861	19.767	268.093	0.000	0.010	0.000	0.100	99.900	0.000	20.150	2.487		长4+5!1^(2_3)
地207-44	2359.625	96.255	61.494	62.261	37.739	20.747	273.117	0.000	0.010	0.000	0.100	99.900	0.000	20.979	2.453		长4+5!1^(2_3)
地207-44	2359.750	97.691	61.313	65.167	34.833	21.308	272.890	0.000	0.010	0.000	0.100	99.900	0.000	21.435	2.421		长4+5!1^(2_3)
地207-44	2359.875	93.196	61.166	59.955	40.045	21.751	263.517	0.000	0.010	0.000	0.100	99.900	0.000	21.874	2.401		长4+5!1^(2_3)
地207-44	2360.000	84.285	61.057	49.317	50.683	22.268	247.858	0.000	0.010	0.000	0.100	99.900	0.000	22.421	2.404		长4+5!1^(2_3)
地207-44	2360.125	74.347	60.985	38.396	61.604	22.839	232.114	0.000	0.010	0.000	0.100	99.900	0.000	23.001	2.428		长4+5!1^(2_3)
地207-44	2360.250	67.071	60.952	31.017	68.983	23.195	222.018	0.000	0.010	0.000	0.100	99.900	0.000	23.271	2.467		长4+5!1^(2_3)
地207-44	2360.375	64.294	60.958	28.245	71.755	23.056	218.012	0.000	0.010	0.000	0.100	99.900	0.000	22.973	2.511		长4+5!1^(2_3)
地207-44	2360.500	64.527	61.015	28.398	71.602	22.482	218.090	0.000	0.010	0.000	0.100	99.900	0.000	22.291	2.548		长4+5!1^(2_3)
地207-44	2360.625	64.873	61.125	28.940	71.060	22.016	219.081	0.000	0.010	0.000	0.100	99.900	0.000	21.909	2.571		长4+5!1^(2_3)
地207-44	2360.750	63.245	61.270	27.440	72.560	21.994	219.302	0.000	0.010	0.000	0.100	99.900	0.000	22.027	2.577		长4+5!1^(2_3)
地207-44	2360.875	63.273	61.415	26.888	73.112	22.062	221.149	0.000	0.010	0.000	0.100	99.900	0.000	22.075	2.567		长4+5!1^(2_3)
地207-44	2361.000	68.968	61.537	31.299	68.701	21.451	228.053	0.000	0.010	0.000	0.100	99.900	0.000	21.209	2.546		长4+5!1^(2_3)
地207-44	2361.125	79.394	61.617	41.012	58.988	20.281	241.637	0.000	0.010	0.000	0.100	99.900	0.000	19.921	2.520		长4+5!1^(2_3)
地207-44	2361.250	91.984	61.648	55.500	44.500	19.242	259.559	0.000	0.010	0.000	0.100	99.900	0.000	18.979	2.494		长4+5!1^(2_3)
地207-44	2361.375	101.640	61.633	69.730	30.270	18.902	273.854	0.000	0.010	0.000	0.100	99.900	0.000	18.872	2.475		长4+5!1^(2_3)
地207-44	2361.500	102.535	61.570	72.345	27.655	19.263	277.477	0.000	0.010	0.000	0.100	99.900	0.000	19.415	2.471		长4+5!1^(2_3)
地207-44	2361.625	96.403	61.450	64.113	35.887	20.038	268.157	0.000	0.010	0.000	0.100	99.900	0.000	20.280	2.479		长4+5!1^(2_3)
地207-44	2361.750	88.806	61.274	53.618	46.382	20.712	252.773	0.000	0.010	0.000	0.100	99.900	0.000	20.880	2.487		长4+5!1^(2_3)
地207-44	2361.875	86.289	61.053	50.093	49.907	20.991	245.117	0.000	0.010	0.000	0.100	99.900	0.000	21.034	2.485		长4+5!1^(2_3)
地207-44	2362.000	87.604	60.798	51.194	48.806	21.023	250.018	0.000	0.010	0.000	0.100	99.900	0.000	21.019	2.463		长4+5!1^(2_3)
地207-44	2362.125	91.776	60.527	56.065	43.935	21.044	261.395	0.000	0.010	0.000	0.100	99.900	0.000	21.053	2.425		长4+5!1^(2_3)
地207-44	2362.250	96.908	60.298	62.659	37.341	20.943	269.745	0.000	0.010	0.000	0.100	99.900	0.000	20.900	2.381		长4+5!1^(2_3)
地207-44	2362.375	102.213	60.129	69.721	30.279	20.469	275.831	0.000	0.010	0.000	0.100	99.900	0.000	20.302	2.351		长4+5!1^(2_3)
地207-44	2362.500	108.470	59.933	79.702	20.298	19.521	283.897	0.000	0.010	0.000	0.100	99.900	0.000	19.218	2.344		长4+5!1^(2_3)
地207-44	2362.625	110.261	59.656	84.853	15.147	18.347	290.260	0.000	0.010	0.000	0.100	99.900	0.000	18.010	2.358		长4+5!1^(2_3)
地207-44	2362.750	100.912	59.273	71.385	28.615	17.261	283.399	0.000	0.010	0.000	0.100	99.900	0.000	16.970	2.384		长4+5!1^(2_3)
地207-44	2362.875	87.339	58.803	52.972	47.028	16.471	264.775	0.000	0.010	0.000	0.100	99.900	0.000	16.277	2.413		长4+5!1^(2_3)
地207-44	2363.000	77.885	58.237	40.983	59.017	15.961	248.210	0.000	0.010	0.000	0.100	99.900	0.000	15.839	2.432		长4+5!1^(2_3)
地207-44	2363.125	79.829	57.573	41.408	58.592	15.617	248.405	0.000	0.010	0.000	0.100	99.900	0.000	15.531	2.433		长4+5!1^(2_3)
地207-44	2363.250	92.848	56.830	56.511	43.489	15.262	268.093	0.000	0.010	0.000	0.100	99.900	0.000	15.157	2.417		长4+5!1^(2_3)
地207-44	2363.375	102.935	56.001	71.493	28.507	14.866	291.171	0.000	0.010	0.000	0.100	99.900	0.000	14.753	2.390		长4+5!1^(2_3)
地207-44	2363.500	104.559	55.122	75.055	24.945	14.703	306.461	0.000	0.010	0.000	0.100	99.900	0.000	14.683	2.363		长4+5!1^(2_3)
地207-44	2363.625	100.178	54.215	68.938	31.062	15.253	310.580	0.000	0.010	0.000	0.100	99.900	0.000	15.474	2.348		长4+5!1^(2_3)
地207-44	2363.750	94.148	53.303	61.044	38.956	16.502	303.599	0.000	0.010	0.000	0.100	99.900	0.000	16.901	2.352		长4+5!1^(2_3)
地207-44	2363.875	85.932	52.442	51.411	48.589	17.901	287.576	0.000	0.010	0.000	0.100	99.900	0.000	18.288	2.375		长4+5!1^(2_3)
地207-44	2364.000	74.409	51.753	25.371	74.629	18.803	265.053	2.649	10.113	14.324	15.495	48.166	0.385	19.003	2.408	差油层	长4+5!1^(2_3)
地207-44	2364.125	63.607	51.309	17.564	82.436	19.448	243.290	1.510	4.071	13.181	13.274	54.015	0.377	19.620	2.439	差油层	长4+5!1^(2_3)
地207-44	2364.250	56.942	51.075	13.583	86.417	20.435	230.946	1.129	2.299	12.588	11.974	57.295	0.362	20.750	2.465	差油层	长4+5!1^(2_3)
地207-44	2364.375	52.194	51.051	11.388	88.612	21.850	226.870	1.168	1.965	12.657	11.534	57.075	0.343	22.276	2.482	差油层	长4+5!1^(2_3)
地207-44	2364.500	49.719	51.288	10.447	89.553	22.660	226.229	1.283	1.946	12.848	11.471	56.666	0.337	22.809	2.493	差油层	长4+5!1^(2_3)
地207-44	2364.625	48.486	51.831	9.908	90.092	21.894	225.561	1.320	1.784	12.907	11.416	58.550	0.352	21.539	2.503	差油层	长4+5!1^(2_3)
地207-44	2364.750	49.866	52.686	10.017	89.983	20.242	224.074	1.140	1.520	12.608	11.279	61.784	0.376	19.740	2.516	差油层	长4+5!1^(2_3)
地207-44	2364.875	56.656	53.749	12.145	87.855	19.460	221.971	0.724	1.335	11.682	11.077	63.360	0.382	19.351	2.531	差油层	长4+5!1^(2_3)
地207-44	2365.000	63.759	54.893	14.714	85.286	20.588	219.959	0.454	1.287	10.734	10.859	61.753	0.360	21.067	2.546	差油层	长4+5!1^(2_3)
地207-44	2365.125	68.386	56.024	16.492	83.508	23.512	220.322	0.000	1.474	0.000	10.834	57.421	0.000	24.460	2.557	差油层	长4+5!1^(2_3)
地207-44	2365.250	73.936	57.082	19.244	80.756	25.445	225.642	0.000	2.025	0.000	11.313	53.880	0.000	25.827	2.565	差油层	长4+5!1^(2_3)
地207-44	2365.375	81.159	58.036	43.604	56.396	23.430	233.744	0.000	0.010	0.000	0.100	99.900	0.000	22.501	2.569		长4+5!1^(2_3)
地207-44	2365.500	87.777	58.864	51.331	48.669	18.889	240.758	0.000	0.010	0.000	0.100	99.900	0.000	17.489	2.571		长4+5!1^(2_3)
地207-44	2365.625	91.919	59.542	56.788	43.212	15.076	243.757	0.000	0.010	0.000	0.100	99.900	0.000	14.141	2.572		长4+5!1^(2_3)
地207-44	2365.750	93.462	60.063	58.621	41.379	12.950	243.449	0.000	0.010	0.000	0.100	99.900	0.000	12.489	2.572		长4+5!1^(2_3)
地207-44	2365.875	96.687	60.460	61.486	38.514	11.803	246.317	0.000	0.010	0.000	0.100	99.900	0.000	11.538	2.567		长4+5!1^(2_3)
地207-44	2366.000	108.291	60.767	76.669	23.331	10.571	258.969	0.000	0.010	0.000	0.100	99.900	0.000	10.197	2.555		长4+5!1^(2_3)
地207-44	2366.125	125.875	61.015	99.900	0.100	9.101	281.466	0.000	0.010	0.000	0.100	99.900	0.000	8.676	2.533		长4+5!2^(1_1)
地207-44	2366.250	136.884	61.234	99.900	0.100	8.194	301.345	0.000	0.010	0.000	0.100	99.900	0.000	8.008	2.502		长4+5!2^(1_1)
地207-44	2366.375	130.107	61.438	99.900	0.100	8.366	303.027	0.000	0.010	0.000	0.100	99.900	0.000	8.505	2.475		长4+5!2^(1_1)
地207-44	2366.500	110.264	61.634	99.900	0.100	9.593	284.540	0.000	0.010	0.000	0.100	99.900	0.000	10.015	2.465		长4+5!2^(1_1)
地207-44	2366.625	90.991	61.825	82.825	17.175	11.146	258.181	0.000	0.010	0.000	0.100	99.900	0.000	11.585	2.474		长4+5!2^(1_1)
地207-44	2366.750	83.167	62.013	66.357	33.643	12.173	240.805	0.000	0.010	0.000	0.100	99.900	0.000	12.401	2.500		长4+5!2^(1_1)
地207-44	2366.875	82.950	62.194	65.607	34.393	12.940	235.284	0.000	0.010	0.000	0.100	99.900	0.000	13.150	2.535		长4+5!2^(1_1)
地207-44	2367.000	84.187	62.361	68.036	31.964	14.642	236.256	0.000	0.010	0.000	0.100	99.900	0.000	15.221	2.564		长4+5!2^(1_1)
地207-44	2367.125	84.531	62.500	68.096	31.904	17.668	240.942	0.000	0.010	0.000	0.100	99.900	0.000	18.616	2.576		长4+5!2^(1_1)
地207-44	2367.250	87.190	62.605	72.837	27.163	20.337	252.246	0.000	0.010	0.000	0.100	99.900	0.000	21.003	2.572		长4+5!2^(1_1)
地207-44	2367.375	89.865	62.679	78.156	21.844	19.758	267.108	0.000	0.010	0.000	0.100	99.900	0.000	19.276	2.560		长4+5!2^(1_1)
地207-44	2367.500	91.180	62.728	81.286	18.714	17.717	276.402	0.000	0.010	0.000	0.100	99.900	0.000	17.112	2.546		长4+5!2^(1_1)
地207-44	2367.625	89.794	62.753	79.756	20.244	16.811	274.363	0.000	0.010	0.000	0.100	99.900	0.000	16.694	2.531		长4+5!2^(1_1)
地207-44	2367.750	84.397	62.753	68.766	31.234	17.385	268.036	0.000	0.010	0.000	0.100	99.900	0.000	17.653	2.516		长4+5!2^(1_1)
地207-44	2367.875	83.338	62.733	65.829	34.171	18.077	270.549	0.000	0.010	0.000	0.100	99.900	0.000	18.241	2.501		长4+5!2^(1_1)
地207-44	2368.000	86.841	62.694	72.145	27.855	18.162	282.012	0.000	0.010	0.000	0.100	99.900	0.000	18.131	2.486		长4+5!2^(1_1)
地207-44	2368.125	88.922	62.637	77.882	22.118	18.080	291.314	0.000	0.010	0.000	0.100	99.900	0.000	18.060	2.470		长4+5!2^(1_1)
地207-44	2368.250	83.376	62.564	68.433	31.567	18.024	286.224	0.000	0.010	0.000	0.100	99.900	0.000	18.010	2.461		长4+5!2^(1_1)
地207-44	2368.375	75.288	62.478	54.235	45.765	17.580	270.228	0.000	0.010	0.000	0.100	99.900	0.000	17.414	2.467		长4+5!2^(1_1)
地207-44	2368.500	72.036	62.383	48.688	51.312	16.379	252.073	0.000	0.010	0.000	0.100	99.900	0.000	15.978	2.490		长4+5!2^(1_1)
地207-44	2368.625	72.563	62.279	49.580	50.420	14.767	239.093	0.000	0.010	0.000	0.100	99.900	0.000	14.297	2.521		长4+5!2^(1_1)
地207-44	2368.750	72.396	62.172	49.305	50.695	13.314	234.401	0.000	0.010	0.000	0.100	99.900	0.000	12.933	2.553		长4+5!2^(1_1)
地207-44	2368.875	72.777	62.065	49.332	50.668	12.454	235.223	0.000	0.010	0.000	0.100	99.900	0.000	12.268	2.577		长4+5!2^(1_1)
地207-44	2369.000	76.047	61.958	53.832	46.168	11.998	239.482	0.000	0.010	0.000	0.100	99.900	0.000	11.893	2.584		长4+5!2^(1_1)
地207-44	2369.125	80.960	61.847	61.437	38.563	11.363	245.760	0.000	0.010	0.000	0.100	99.900	0.000	11.158	2.577		长4+5!2^(1_1)
地207-44	2369.250	86.109	61.732	70.999	29.001	10.233	252.654	0.000	0.010	0.000	0.100	99.900	0.000	9.875	2.563		长4+5!2^(1_1)
地207-44	2369.375	88.029	61.617	75.071	24.929	9.134	257.085	0.000	0.010	0.000	0.100	99.900	0.000	8.846	2.556		长4+5!2^(1_1)
地207-44	2369.500	87.679	61.510	74.660	25.340	8.581	256.600	0.000	0.010	0.000	0.100	99.900	0.000	8.478	2.566		长4+5!2^(1_1)
地207-44	2369.625	86.347	61.422	72.219	27.781	8.677	252.987	0.000	0.010	0.000	0.100	99.900	0.000	8.754	2.587		长4+5!2^(1_1)
地207-44	2369.750	85.320	61.355	69.645	30.355	9.061	253.257	0.000	0.010	0.000	0.100	99.900	0.000	9.179	2.610		长4+5!2^(1_1)
地207-44	2369.875	87.210	61.299	73.116	26.884	9.370	260.041	0.000	0.010	0.000	0.100	99.900	0.000	9.444	2.626		长4+5!2^(1_1)
地207-44	2370.000	88.650	61.248	76.333	23.667	9.656	267.227	0.000	0.010	0.000	0.100	99.900	0.000	9.738	2.624		长4+5!2^(1_1)
地207-44	2370.125	87.020	61.200	75.176	24.824	10.380	264.992	0.000	0.010	0.000	0.100	99.900	0.000	10.629	2.608		长4+5!2^(1_1)
地207-44	2370.250	77.639	61.154	59.250	40.750	11.991	248.609	0.000	0.010	0.000	0.100	99.900	0.000	12.519	2.587		长4+5!2^(1_1)
地207-44	2370.375	67.201	61.109	43.164	56.836	14.650	228.557	0.000	0.010	0.000	0.100	99.900	0.000	15.475	2.572		长4+5!2^(1_1)
地207-44	2370.500	62.209	61.057	35.391	64.609	17.206	216.205	0.000	0.010	0.000	0.100	99.900	0.000	17.877	2.571		长4+5!2^(1_1)
地207-44	2370.625	66.837	60.996	40.097	59.903	17.819	217.647	0.000	0.010	0.000	0.100	99.900	0.000	17.797	2.577		长4+5!2^(1_1)
地207-44	2370.750	77.114	60.930	54.875	45.125	16.375	230.806	0.000	0.010	0.000	0.100	99.900	0.000	15.823	2.584		长4+5!2^(1_1)
地207-44	2370.875	84.854	60.861	68.042	31.958	14.955	245.718	0.000	0.010	0.000	0.100	99.900	0.000	14.618	2.586		长4+5!2^(1_1)
地207-44	2371.000	90.167	60.791	78.372	21.628	14.741	256.901	0.000	0.010	0.000	0.100	99.900	0.000	14.789	2.580		长4+5!2^(1_1)
地207-44	2371.125	92.819	60.719	84.731	15.269	15.273	262.408	0.000	0.010	0.000	0.100	99.900	0.000	15.460	2.571		长4+5!2^(1_1)
地207-44	2371.250	90.912	60.647	81.970	18.030	15.333	261.857	0.000	0.010	0.000	0.100	99.900	0.000	15.283	2.561		长4+5!2^(1_1)
地207-44	2371.375	85.031	60.580	70.748	29.252	14.817	256.968	0.000	0.010	0.000	0.100	99.900	0.000	14.636	2.557		长4+5!2^(1_1)
地207-44	2371.500	79.586	60.522	60.997	39.003	14.889	249.557	0.000	0.010	0.000	0.100	99.900	0.000	14.986	2.558		长4+5!2^(1_1)
地207-44	2371.625	76.143	60.468	55.102	44.898	16.232	242.755	0.000	0.010	0.000	0.100	99.900	0.000	16.715	2.560		长4+5!2^(1_1)
地207-44	2371.750	75.164	60.407	53.029	46.971	18.531	240.405	0.000	0.010	0.000	0.100	99.900	0.000	19.234	2.557		长4+5!2^(1_1)
地207-44	2371.875	77.016	60.329	55.930	44.070	20.367	242.508	0.000	0.010	0.000	0.100	99.900	0.000	20.805	2.546		长4+5!2^(1_1)
地207-44	2372.000	78.117	60.230	58.190	41.810	20.714	246.288	0.000	0.010	0.000	0.100	99.900	0.000	20.678	2.528		长4+5!2^(1_1)
地207-44	2372.125	76.536	60.107	55.958	44.042	19.771	248.183	0.000	0.010	0.000	0.100	99.900	0.000	19.420	2.508		长4+5!2^(1_1)
地207-44	2372.250	74.049	59.955	51.816	48.184	18.367	247.136	0.000	0.010	0.000	0.100	99.900	0.000	17.959	2.491		长4+5!2^(1_1)
地207-44	2372.375	73.869	59.774	50.923	49.077	17.334	245.183	0.000	0.010	0.000	0.100	99.900	0.000	17.092	2.484		长4+5!2^(1_1)
地207-44	2372.500	76.681	59.562	55.401	44.599	17.114	242.492	0.000	0.010	0.000	0.100	99.900	0.000	17.123	2.487		长4+5!2^(1_1)
地207-44	2372.625	78.150	59.330	57.755	42.245	17.413	238.256	0.000	0.010	0.000	0.100	99.900	0.000	17.525	2.497		长4+5!2^(1_1)
地207-44	2372.750	79.281	59.097	59.608	40.392	17.197	233.281	0.000	0.010	0.000	0.100	99.900	0.000	17.069	2.507		长4+5!2^(1_1)
地207-44	2372.875	79.805	58.882	61.062	38.938	16.163	229.443	0.000	0.010	0.000	0.100	99.900	0.000	15.811	2.513		长4+5!2^(1_1)
地207-44	2373.000	77.248	58.694	57.487	42.513	15.237	226.737	0.000	0.010	0.000	0.100	99.900	0.000	15.015	2.515		长4+5!2^(1_1)
地207-44	2373.125	72.619	58.535	49.972	50.028	14.939	225.775	0.000	0.010	0.000	0.100	99.900	0.000	14.910	2.522		长4+5!2^(1_1)
地207-44	2373.250	71.333	58.402	47.135	52.865	14.783	230.298	0.000	0.010	0.000	0.100	99.900	0.000	14.734	2.537		长4+5!2^(1_1)
地207-44	2373.375	75.492	58.289	52.895	47.105	14.051	240.721	0.000	0.010	0.000	0.100	99.900	0.000	13.786	2.562		长4+5!2^(1_1)
地207-44	2373.500	80.454	58.186	61.366	38.634	13.099	251.922	0.000	0.010	0.000	0.100	99.900	0.000	12.832	2.591		长4+5!2^(1_2)
地207-44	2373.625	81.711	58.076	64.134	35.866	12.545	256.317	0.000	0.010	0.000	0.100	99.900	0.000	12.434	2.613		长4+5!2^(1_2)
地207-44	2373.750	79.919	57.932	61.239	38.761	12.389	250.481	0.000	0.010	0.000	0.100	99.900	0.000	12.371	2.620		长4+5!2^(1_2)
地207-44	2373.875	77.497	57.729	57.736	42.264	12.138	241.203	0.000	0.010	0.000	0.100	99.900	0.000	12.047	2.609		长4+5!2^(1_2)
地207-44	2374.000	73.341	57.450	51.316	48.684	11.599	234.433	0.000	0.010	0.000	0.100	99.900	0.000	11.426	2.587		长4+5!2^(1_2)
地207-44	2374.125	70.521	57.007	46.069	53.931	11.021	232.651	0.000	0.010	0.000	0.100	99.900	0.000	10.865	2.565		长4+5!2^(1_2)
地207-44	2374.250	74.553	56.292	51.221	48.779	10.646	235.986	0.000	0.010	0.000	0.100	99.900	0.000	10.562	2.551		长4+5!2^(1_2)
地207-44	2374.375	80.936	55.357	62.161	37.839	10.497	243.306	0.000	0.010	0.000	0.100	99.900	0.000	10.472	2.547		长4+5!2^(1_2)
地207-44	2374.500	82.472	54.292	64.952	35.048	10.501	253.448	0.000	0.010	0.000	0.100	99.900	0.000	10.512	2.551		长4+5!2^(1_2)
地207-44	2374.625	83.234	53.122	65.989	34.011	10.700	262.533	0.000	0.010	0.000	0.100	99.900	0.000	10.773	2.555		长4+5!2^(1_2)
地207-44	2374.750	84.916	51.844	69.336	30.664	11.313	264.317	0.000	0.010	0.000	0.100	99.900	0.000	11.522	2.557		长4+5!2^(1_2)
地207-44	2374.875	84.200	50.451	69.298	30.702	12.774	256.828	0.000	0.010	0.000	0.100	99.900	0.000	13.260	2.557		长4+5!2^(1_2)
地207-44	2375.000	77.733	48.971	32.265	67.735	15.478	241.403	0.666	3.210	11.515	13.155	59.643	0.434	16.338	2.557	干层	长4+5!2^(1_2)
地207-44	2375.125	66.840	47.549	22.464	77.536	19.749	222.984	0.453	1.655	10.729	11.316	59.635	0.360	21.071	2.561	干层	长4+5!2^(1_2)
地207-44	2375.250	57.494	46.327	15.493	84.507	25.299	209.670	0.369	0.010	10.314	9.915	58.966	0.300	26.938	2.569	干层	长4+5!2^(1_2)
地207-44	2375.375	53.933	45.263	13.042	86.958	30.392	205.698	0.362	0.010	10.270	9.435	56.658	0.265	31.731	2.581	干层	长4+5!2^(1_2)
地207-44	2375.500	55.396	44.262	13.911	86.089	33.622	209.401	0.406	0.010	10.504	9.755	52.938	0.250	34.355	2.585	干层	长4+5!2^(1_2)
地207-44	2375.625	58.056	43.294	16.007	83.993	34.597	215.917	0.494	1.630	10.906	10.400	49.908	0.248	34.691	2.578	干层	长4+5!2^(1_2)
地207-44	2375.750	57.518	42.412	16.404	83.596	33.408	221.167	0.665	2.098	11.509	10.934	49.120	0.257	32.911	2.563	干层	长4+5!2^(1_2)
地207-44	2375.875	54.980	41.704	15.383	84.617	30.564	224.255	0.886	2.260	12.095	11.260	50.481	0.278	29.655	2.547	干层	长4+5!2^(1_2)
地207-44	2376.000	53.692	41.185	14.713	85.287	27.646	225.077	0.987	2.171	12.314	11.369	52.607	0.299	26.868	2.532	干层	长4+5!2^(1_2)
地207-44	2376.125	54.475	40.838	15.018	84.982	26.164	223.300	0.866	1.945	12.048	11.234	54.132	0.307	25.891	2.525	干层	长4+5!2^(1_2)
地207-44	2376.250	54.378	40.659	14.589	85.411	26.974	218.430	0.678	1.604	11.550	10.783	54.476	0.295	27.394	2.526	干层	长4+5!2^(1_2)
地207-44	2376.375	53.764	40.654	13.667	86.333	30.970	212.005	0.504	1.311	10.945	10.150	52.751	0.261	32.356	2.533	干层	长4+5!2^(1_2)
地207-44	2376.500	53.826	40.847	13.237	86.763	37.021	206.782	0.384	0.010	10.394	9.598	50.480	0.228	38.830	2.541	干层	长4+5!2^(1_2)
地207-44	2376.625	52.966	41.277	12.832	87.168	40.341	205.640	0.379	0.010	10.365	9.427	49.923	0.219	40.927	2.545	干层	长4+5!2^(1_2)
地207-44	2376.750	49.874	41.912	11.727	88.273	36.646	209.343	0.536	0.010	11.072	9.765	52.414	0.246	34.987	2.548	干层	长4+5!2^(1_2)
地207-44	2376.875	47.683	42.668	10.935	89.065	30.389	214.762	0.000	1.254	0.000	10.282	55.492	0.000	28.607	2.546	干层	长4+5!2^(1_2)
地207-44	2377.000	50.808	43.502	12.566	87.434	25.499	221.118	0.000	1.491	0.000	10.867	57.468	0.000	24.295	2.539	干层	长4+5!2^(1_2)
地207-44	2377.125	58.444	44.373	30.035	69.965	22.107	230.479	0.000	0.010	0.000	0.100	99.900	0.000	21.259	2.529		长4+5!2^(1_2)
地207-44	2377.250	69.920	45.241	44.025	55.975	19.416	244.277	0.000	0.010	0.000	0.100	99.900	0.000	18.702	2.520		长4+5!2^(1_2)
地207-44	2377.375	80.492	46.084	60.619	39.381	17.514	257.016	0.000	0.010	0.000	0.100	99.900	0.000	17.054	2.514		长4+5!2^(1_2)
地207-44	2377.500	84.836	46.886	70.587	29.413	17.112	261.469	0.000	0.010	0.000	0.100	99.900	0.000	17.134	2.513		长4+5!2^(1_2)
地207-44	2377.625	77.651	47.639	59.429	40.571	18.451	254.223	0.000	0.010	0.000	0.100	99.900	0.000	18.961	2.520		长4+5!2^(1_2)
地207-44	2377.750	66.170	48.349	42.211	57.789	21.334	239.227	0.000	0.010	0.000	0.100	99.900	0.000	22.253	2.531		长4+5!2^(1_2)
地207-44	2377.875	57.852	49.037	31.560	68.440	24.979	226.217	0.000	0.010	0.000	0.100	99.900	0.000	26.036	2.542		长4+5!2^(1_2)
地207-44	2378.000	53.127	49.721	26.206	73.794	28.255	219.125	0.000	0.010	0.000	0.100	99.900	0.000	29.115	2.549		长4+5!2^(1_2)
地207-44	2378.125	50.826	50.413	23.271	76.729	30.175	217.533	0.000	0.010	0.000	0.100	99.900	0.000	30.586	2.552		长4+5!2^(1_2)
地207-44	2378.250	53.868	51.109	25.527	74.473	29.216	220.575	0.000	0.010	0.000	0.100	99.900	0.000	28.685	2.551		长4+5!2^(1_2)
地207-44	2378.375	63.154	51.794	35.284	64.716	25.653	227.218	0.000	0.010	0.000	0.100	99.900	0.000	24.478	2.551		长4+5!2^(1_2)
地207-44	2378.500	75.297	52.448	51.885	48.115	21.379	235.991	0.000	0.010	0.000	0.100	99.900	0.000	20.177	2.558		长4+5!2^(1_2)
地207-44	2378.625	83.712	53.035	67.101	32.899	17.948	244.679	0.000	0.010	0.000	0.100	99.900	0.000	17.084	2.566		长4+5!2^(1_2)
地207-44	2378.750	84.259	53.525	68.025	31.975	15.479	252.854	0.000	0.010	0.000	0.100	99.900	0.000	14.857	2.567		长4+5!2^(1_2)
地207-44	2378.875	85.182	53.899	69.243	30.757	13.701	261.009	0.000	0.010	0.000	0.100	99.900	0.000	13.253	2.557		长4+5!2^(1_2)
地207-44	2379.000	87.651	54.139	74.054	25.946	12.611	267.212	0.000	0.010	0.000	0.100	99.900	0.000	12.361	2.541		长4+5!2^(1_2)
地207-44	2379.125	88.445	54.237	76.250	23.750	12.197	268.104	0.000	0.010	0.000	0.100	99.900	0.000	12.134	2.529		长4+5!2^(1_2)
地207-44	2379.250	86.649	54.207	72.575	27.425	12.334	261.679	0.000	0.010	0.000	0.100	99.900	0.000	12.411	2.530		长4+5!2^(1_2)
地207-44	2379.375	86.043	54.094	71.621	28.379	12.779	251.078	0.000	0.010	0.000	0.100	99.900	0.000	12.922	2.549		长4+5!2^(1_2)
地207-44	2379.500	84.183	53.932	69.413	30.587	13.342	239.021	0.000	0.010	0.000	0.100	99.900	0.000	13.504	2.579		长4+5!2^(1_2)
地207-44	2379.625	77.412	53.762	58.401	41.599	14.010	227.561	0.000	0.010	0.000	0.100	99.900	0.000	14.206	2.607		长4+5!2^(1_2)
地207-44	2379.750	69.275	53.625	45.890	54.110	14.921	218.294	0.000	0.010	0.000	0.100	99.900	0.000	15.197	2.618		长4+5!2^(1_2)
地207-44	2379.875	63.716	53.552	38.395	61.605	16.335	211.828	0.000	0.010	0.000	0.100	99.900	0.000	16.776	2.610		长4+5!2^(1_2)
地207-44	2380.000	59.815	53.571	33.300	66.700	18.761	208.789	0.000	0.010	0.000	0.100	99.900	0.000	19.531	2.589		长4+5!2^(1_2)
地207-44	2380.125	59.071	53.705	31.811	68.189	23.095	208.986	0.000	0.010	0.000	0.100	99.900	0.000	24.477	2.565		长4+5!2^(1_2)
地207-44	2380.250	62.482	53.959	35.756	64.244	28.245	211.162	0.000	0.010	0.000	0.100	99.900	0.000	29.706	2.545		长4+5!2^(1_2)
地207-44	2380.375	66.077	54.309	40.129	59.871	29.615	214.009	0.000	0.010	0.000	0.100	99.900	0.000	29.579	2.531		长4+5!2^(1_2)
地207-44	2380.500	70.252	54.731	45.396	54.604	24.824	217.802	0.000	0.010	0.000	0.100	99.900	0.000	22.981	2.524		长4+5!2^(1_2)
地207-44	2380.625	75.531	55.203	53.265	46.735	18.883	222.993	0.000	0.010	0.000	0.100	99.900	0.000	17.296	2.517		长4+5!2^(1_2)
地207-44	2380.750	79.044	55.707	58.938	41.062	14.943	230.385	0.000	0.010	0.000	0.100	99.900	0.000	14.031	2.503		长4+5!2^(1_2)
地207-44	2380.875	81.640	56.225	62.869	37.131	12.803	241.689	0.000	0.010	0.000	0.100	99.900	0.000	12.328	2.479		长4+5!2^(1_3)
地207-44	2381.000	85.722	56.745	69.761	30.239	11.203	259.757	0.000	0.010	0.000	0.100	99.900	0.000	10.767	2.446		长4+5!2^(1_3)
地207-44	2381.125	90.263	57.250	78.599	21.401	9.574	284.349	0.000	0.010	0.000	0.100	99.900	0.000	9.112	2.412		长4+5!2^(1_3)
地207-44	2381.250	92.807	57.725	84.611	15.389	8.404	307.908	0.000	0.010	0.000	0.100	99.900	0.000	8.130	2.384		长4+5!2^(1_3)
地207-44	2381.375	91.826	58.170	82.638	17.362	8.193	318.131	0.000	0.010	0.000	0.100	99.900	0.000	8.217	2.367		长4+5!2^(1_3)
地207-44	2381.500	91.630	58.591	80.570	19.430	8.995	308.671	0.000	0.010	0.000	0.100	99.900	0.000	9.297	2.364		长4+5!2^(1_3)
地207-44	2381.625	97.453	58.994	93.135	6.865	10.295	284.205	0.000	0.010	0.000	0.100	99.900	0.000	10.682	2.372		长4+5!2^(1_3)
地207-44	2381.750	101.168	59.372	99.900	0.100	11.355	258.659	0.000	0.010	0.000	0.100	99.900	0.000	11.615	2.389		长4+5!2^(1_3)
地207-44	2381.875	101.351	59.713	99.900	0.100	12.224	242.543	0.000	0.010	0.000	0.100	99.900	0.000	12.460	2.414		长4+5!2^(1_3)
地207-44	2382.000	103.301	60.010	99.900	0.100	13.497	235.901	0.000	0.010	0.000	0.100	99.900	0.000	13.899	2.449		长4+5!2^(1_3)
地207-44	2382.125	104.892	60.263	99.900	0.100	15.050	234.554	0.000	0.010	0.000	0.100	99.900	0.000	15.496	2.490		长4+5!2^(1_3)
地207-44	2382.250	102.042	60.479	99.900	0.100	16.034	235.523	0.000	0.010	0.000	0.100	99.900	0.000	16.242	2.529		长4+5!2^(1_3)
地207-44	2382.375	97.642	60.663	95.859	4.141	15.605	237.344	0.000	0.010	0.000	0.100	99.900	0.000	15.359	2.563		长4+5!2^(1_3)
地207-44	2382.500	93.767	60.813	86.137	13.863	14.327	239.459	0.000	0.010	0.000	0.100	99.900	0.000	13.927	2.588		长4+5!2^(1_3)
地207-44	2382.625	95.104	60.925	87.935	12.065	13.201	241.050	0.000	0.010	0.000	0.100	99.900	0.000	12.919	2.610		长4+5!2^(1_3)
地207-44	2382.750	99.560	61.007	98.551	1.449	12.864	241.110	0.000	0.010	0.000	0.100	99.900	0.000	12.842	2.629		长4+5!2^(1_3)
地207-44	2382.875	100.926	61.072	99.900	0.100	13.272	239.327	0.000	0.010	0.000	0.100	99.900	0.000	13.438	2.641		长4+5!2^(1_3)
地207-44	2383.000	99.939	61.131	99.900	0.100	14.102	236.076	0.000	0.010	0.000	0.100	99.900	0.000	14.359	2.636		长4+5!2^(1_3)
地207-44	2383.125	94.926	61.189	89.451	10.549	14.857	232.326	0.000	0.010	0.000	0.100	99.900	0.000	15.050	2.616		长4+5!2^(1_3)
地207-44	2383.250	92.652	61.250	83.900	16.100	15.136	229.606	0.000	0.010	0.000	0.100	99.900	0.000	15.169	2.588		长4+5!2^(1_3)
地207-44	2383.375	93.497	61.317	85.238	14.762	14.877	229.215	0.000	0.010	0.000	0.100	99.900	0.000	14.765	2.560		长4+5!2^(1_3)
地207-44	2383.500	95.863	61.389	89.952	10.048	14.281	231.691	0.000	0.010	0.000	0.100	99.900	0.000	14.094	2.543		长4+5!2^(1_3)
地207-44	2383.625	99.217	61.466	97.041	2.959	13.575	236.382	0.000	0.010	0.000	0.100	99.900	0.000	13.373	2.540		长4+5!2^(1_3)
地207-44	2383.750	103.258	61.542	99.900	0.100	12.849	241.733	0.000	0.010	0.000	0.100	99.900	0.000	12.646	2.549		长4+5!2^(1_3)
地207-44	2383.875	105.388	61.611	99.900	0.100	12.150	246.210	0.000	0.010	0.000	0.100	99.900	0.000	11.959	2.563		长4+5!2^(1_3)
地207-44	2384.000	106.915	61.669	99.900	0.100	11.597	248.816	0.000	0.010	0.000	0.100	99.900	0.000	11.456	2.577		长4+5!2^(1_3)
地207-44	2384.125	105.533	61.710	99.900	0.100	11.338	249.134	0.000	0.010	0.000	0.100	99.900	0.000	11.292	2.587		长4+5!2^(1_3)
地207-44	2384.250	102.134	61.736	99.900	0.100	11.420	248.469	0.000	0.010	0.000	0.100	99.900	0.000	11.470	2.590		长4+5!2^(1_3)
地207-44	2384.375	98.221	61.758	96.261	3.739	11.593	250.475	0.000	0.010	0.000	0.100	99.900	0.000	11.640	2.589		长4+5!2^(1_3)
地207-44	2384.500	97.245	61.781	93.698	6.302	11.594	258.195	0.000	0.010	0.000	0.100	99.900	0.000	11.576	2.587		长4+5!2^(1_3)
地207-44	2384.625	97.519	61.804	94.415	5.585	11.404	271.318	0.000	0.010	0.000	0.100	99.900	0.000	11.337	2.584		长4+5!2^(2_1)
地207-44	2384.750	97.069	61.821	94.210	5.790	11.212	283.868	0.000	0.010	0.000	0.100	99.900	0.000	11.164	2.580		长4+5!2^(2_1)
地207-44	2384.875	93.722	61.833	87.546	12.454	11.137	287.736	0.000	0.010	0.000	0.100	99.900	0.000	11.127	2.573		长4+5!2^(2_1)
地207-44	2385.000	88.518	61.845	77.128	22.872	11.167	280.325	0.000	0.010	0.000	0.100	99.900	0.000	11.182	2.566		长4+5!2^(2_1)
地207-44	2385.125	83.606	61.858	67.576	32.424	11.235	266.493	0.000	0.010	0.000	0.100	99.900	0.000	11.256	2.562		长4+5!2^(2_1)
地207-44	2385.250	81.351	61.864	63.060	36.940	11.284	255.523	0.000	0.010	0.000	0.100	99.900	0.000	11.295	2.564		长4+5!2^(2_1)
地207-44	2385.375	82.064	61.852	64.082	35.918	11.221	251.496	0.000	0.010	0.000	0.100	99.900	0.000	11.193	2.575		长4+5!2^(2_1)
地207-44	2385.500	83.679	61.814	66.613	33.387	11.057	252.052	0.000	0.010	0.000	0.100	99.900	0.000	11.005	2.593		长4+5!2^(2_1)
地207-44	2385.625	86.584	61.746	71.251	28.749	10.925	253.126	0.000	0.010	0.000	0.100	99.900	0.000	10.894	2.611		长4+5!2^(2_1)
地207-44	2385.750	91.500	61.656	80.766	19.234	10.902	252.984	0.000	0.010	0.000	0.100	99.900	0.000	10.905	2.625		长4+5!2^(2_1)
地207-44	2385.875	95.385	61.553	89.202	10.798	10.835	253.585	0.000	0.010	0.000	0.100	99.900	0.000	10.808	2.632		长4+5!2^(2_1)
地207-44	2386.000	97.106	61.439	93.896	6.104	10.563	256.826	0.000	0.010	0.000	0.100	99.900	0.000	10.468	2.629		长4+5!2^(2_1)
地207-44	2386.125	95.133	61.313	90.428	9.572	10.174	261.846	0.000	0.010	0.000	0.100	99.900	0.000	10.060	2.622		长4+5!2^(2_1)
地207-44	2386.250	90.477	61.167	80.613	19.387	9.992	264.577	0.000	0.010	0.000	0.100	99.900	0.000	9.965	2.617		长4+5!2^(2_1)
地207-44	2386.375	87.124	60.999	73.298	26.702	10.234	262.830	0.000	0.010	0.000	0.100	99.900	0.000	10.338	2.618		长4+5!2^(2_1)
地207-44	2386.500	87.500	60.815	73.607	26.393	10.783	258.304	0.000	0.010	0.000	0.100	99.900	0.000	10.955	2.621		长4+5!2^(2_1)
地207-44	2386.625	89.206	60.616	77.241	22.759	11.248	254.235	0.000	0.010	0.000	0.100	99.900	0.000	11.362	2.624		长4+5!2^(2_1)
地207-44	2386.750	89.299	60.395	77.353	22.647	11.501	252.582	0.000	0.010	0.000	0.100	99.900	0.000	11.555	2.620		长4+5!2^(2_1)
地207-44	2386.875	89.594	60.145	78.013	21.987	11.731	252.310	0.000	0.010	0.000	0.100	99.900	0.000	11.798	2.611		长4+5!2^(2_1)
地207-44	2387.000	89.463	59.856	77.906	22.094	11.950	252.401	0.000	0.010	0.000	0.100	99.900	0.000	12.009	2.599		长4+5!2^(2_1)
地207-44	2387.125	88.698	59.522	76.580	23.420	11.962	252.772	0.000	0.010	0.000	0.100	99.900	0.000	11.944	2.589		长4+5!2^(2_1)
地207-44	2387.250	87.352	59.144	74.124	25.876	11.726	254.044	0.000	0.010	0.000	0.100	99.900	0.000	11.642	2.587		长4+5!2^(2_1)
地207-44	2387.375	85.808	58.731	71.094	28.906	11.561	255.419	0.000	0.010	0.000	0.100	99.900	0.000	11.530	2.590		长4+5!2^(2_1)
地207-44	2387.500	84.964	58.285	69.728	30.272	11.778	255.051	0.000	0.010	0.000	0.100	99.900	0.000	11.874	2.592		长4+5!2^(2_1)
地207-44	2387.625	83.472	57.812	67.144	32.856	12.550	251.722	0.000	0.010	0.000	0.100	99.900	0.000	12.812	2.585		长4+5!2^(2_1)
地207-44	2387.750	81.345	57.326	64.239	35.761	13.805	245.988	0.000	0.010	0.000	0.100	99.900	0.000	14.189	2.573		长4+5!2^(2_1)
地207-44	2387.875	75.756	56.847	55.624	44.376	15.502	239.556	0.000	0.010	0.000	0.100	99.900	0.000	16.011	2.559		长4+5!2^(2_1)
地207-44	2388.000	68.474	56.382	44.816	55.184	17.954	232.785	0.000	0.010	0.000	0.100	99.900	0.000	18.707	2.547		长4+5!2^(2_1)
地207-44	2388.125	62.941	55.929	37.290	62.710	21.519	226.120	0.000	0.010	0.000	0.100	99.900	0.000	22.609	2.544		长4+5!2^(2_1)
地207-44	2388.250	59.742	55.482	33.439	66.561	25.974	221.513	0.000	0.010	0.000	0.100	99.900	0.000	27.278	2.550		长4+5!2^(2_1)
地207-44	2388.375	57.466	55.036	30.130	69.870	28.865	220.868	0.000	0.010	0.000	0.100	99.900	0.000	29.479	2.560		长4+5!2^(2_1)
地207-44	2388.500	60.953	54.583	33.036	66.964	27.735	224.627	0.000	0.010	0.000	0.100	99.900	0.000	27.059	2.568		长4+5!2^(2_1)
地207-44	2388.625	71.153	54.111	45.814	54.186	23.693	230.704	0.000	0.010	0.000	0.100	99.900	0.000	22.389	2.570		长4+5!2^(2_1)
地207-44	2388.750	80.774	53.603	61.595	38.405	19.803	235.220	0.000	0.010	0.000	0.100	99.900	0.000	18.801	2.564		长4+5!2^(2_1)
地207-44	2388.875	83.422	53.055	66.972	33.028	17.257	236.891	0.000	0.010	0.000	0.100	99.900	0.000	16.659	2.550		长4+5!2^(2_1)
地207-44	2389.000	81.772	52.474	64.773	35.227	15.801	237.234	0.000	0.010	0.000	0.100	99.900	0.000	15.469	2.531		长4+5!2^(2_1)
地207-44	2389.125	77.264	51.882	57.580	42.420	14.955	237.266	0.000	0.010	0.000	0.100	99.900	0.000	14.756	2.510		长4+5!2^(2_1)
地207-44	2389.250	72.316	51.298	49.540	50.460	14.418	235.935	0.000	0.010	0.000	0.100	99.900	0.000	14.287	2.493		长4+5!2^(2_1)
地207-44	2389.375	70.440	50.723	46.675	53.325	14.230	233.006	0.000	0.010	0.000	0.100	99.900	0.000	14.207	2.481		长4+5!2^(2_1)
地207-44	2389.500	69.661	50.148	45.666	54.334	14.729	230.075	0.000	0.010	0.000	0.100	99.900	0.000	14.931	2.479		长4+5!2^(2_1)
地207-44	2389.625	68.695	49.563	44.137	55.863	16.057	229.012	0.000	0.010	0.000	0.100	99.900	0.000	16.494	2.488		长4+5!2^(2_1)
地207-44	2389.750	69.261	48.965	44.449	55.551	17.958	230.780	0.000	0.010	0.000	0.100	99.900	0.000	18.526	2.506		长4+5!2^(2_1)
地207-44	2389.875	72.139	48.343	48.653	51.347	19.731	234.139	0.000	0.010	0.000	0.100	99.900	0.000	20.198	2.525		长4+5!2^(2_1)
地207-44	2390.000	73.274	47.678	51.108	48.892	21.093	237.727	0.000	0.010	0.000	0.100	99.900	0.000	21.440	2.536		长4+5!2^(2_1)
地207-44	2390.125	70.255	46.928	46.735	53.265	22.376	241.227	0.000	0.010	0.000	0.100	99.900	0.000	22.739	2.536		长4+5!2^(2_1)
地207-44	2390.250	68.235	46.058	43.139	56.861	23.692	245.887	0.000	0.010	0.000	0.100	99.900	0.000	24.062	2.524		长4+5!2^(2_1)
地207-44	2390.375	70.973	45.069	46.735	53.265	24.486	251.511	0.000	0.010	0.000	0.100	99.900	0.000	24.650	2.502		长4+5!2^(2_1)
地207-44	2390.500	74.135	43.975	51.557	48.443	24.511	255.350	0.000	0.010	0.000	0.100	99.900	0.000	24.456	2.479		长4+5!2^(2_2)
地207-44	2390.625	75.457	42.797	53.935	46.065	24.468	254.785	0.000	0.010	0.000	0.100	99.900	0.000	24.473	2.460		长4+5!2^(2_2)
地207-44	2390.750	74.746	41.552	52.895	47.105	25.182	250.033	0.000	0.010	0.000	0.100	99.900	0.000	25.456	2.447		长4+5!2^(2_2)
地207-44	2390.875	73.682	40.254	51.630	48.370	26.878	244.534	0.000	0.010	0.000	0.100	99.900	0.000	27.429	2.442		长4+5!2^(2_2)
地207-44	2391.000	70.912	38.916	47.853	52.147	29.254	239.672	0.000	0.010	0.000	0.100	99.900	0.000	29.962	2.444		长4+5!2^(2_2)
地207-44	2391.125	67.203	37.560	42.609	57.391	32.051	235.208	0.000	0.010	0.000	0.100	99.900	0.000	32.861	2.452		长4+5!2^(2_2)
地207-44	2391.250	64.316	36.221	21.319	78.681	35.791	230.747	0.767	1.413	11.800	11.947	72.737	0.236	36.927	2.462	油层	长4+5!2^(2_2)
地207-44	2391.375	59.483	34.922	18.254	81.746	41.777	227.112	0.815	1.375	11.924	11.571	68.725	0.208	43.656	2.471	油层	长4+5!2^(2_2)
地207-44	2391.500	53.798	33.671	15.250	84.750	49.875	225.576	1.007	1.497	12.355	11.391	63.635	0.182	52.285	2.475	油层	长4+5!2^(2_2)
地207-44	2391.625	46.932	32.470	12.013	87.987	57.850	226.613	1.508	1.792	13.178	11.471	59.053	0.164	60.006	2.474	油层	长4+5!2^(2_2)
地207-44	2391.750	42.096	31.323	9.995	90.005	62.309	229.248	2.210	2.160	13.955	11.729	56.472	0.157	63.201	2.464	油层	长4+5!2^(2_2)
地207-44	2391.875	40.456	30.227	9.379	90.621	63.705	231.548	2.703	2.471	14.366	11.969	55.209	0.156	63.900	2.451	油层	长4+5!2^(2_2)
地207-44	2392.000	41.351	29.185	9.803	90.197	64.876	232.220	2.673	2.649	14.342	12.064	54.268	0.153	65.254	2.439	油层	长4+5!2^(2_2)
地207-44	2392.125	42.495	28.207	10.154	89.846	68.233	230.219	2.276	2.597	14.015	11.904	53.223	0.146	69.387	2.431	油层	长4+5!2^(2_2)
地207-44	2392.250	43.738	27.304	10.216	89.784	74.283	225.569	1.683	2.260	13.401	11.459	52.457	0.137	76.180	2.427	油层	长4+5!2^(2_2)
地207-44	2392.375	46.646	26.482	11.053	88.947	83.537	220.637	1.127	1.963	12.585	10.967	51.117	0.125	86.388	2.428	油层	长4+5!2^(2_2)
地207-44	2392.500	48.904	25.740	11.906	88.094	98.297	216.800	0.825	1.884	11.950	10.585	48.257	0.110	102.912	2.434	油层	长4+5!2^(2_2)
地207-44	2392.625	47.920	25.074	11.201	88.799	118.063	213.664	0.739	1.907	11.726	10.287	45.048	0.095	123.934	2.444	油层	长4+5!2^(2_2)
地207-44	2392.750	47.699	24.477	10.674	89.326	136.403	209.979	0.619	0.010	11.365	9.939	43.443	0.087	141.235	2.459	油层	长4+5!2^(2_2)
地207-44	2392.875	49.770	23.939	11.298	88.702	141.441	205.602	0.445	0.010	10.693	9.513	45.031	0.087	141.521	2.483	油层	长4+5!2^(2_2)
地207-44	2393.000	50.143	23.463	11.161	88.839	125.532	201.498	0.354	0.010	10.227	9.094	50.941	0.099	119.336	2.513	油层	长4+5!2^(2_2)
地207-44	2393.125	50.072	23.053	10.739	89.261	93.078	199.551	0.322	0.010	10.031	8.855	62.506	0.129	82.902	2.548	油层	长4+5!2^(2_2)
地207-44	2393.250	53.630	22.702	12.323	87.677	63.430	201.784	0.301	0.010	9.894	9.034	74.855	0.174	55.884	2.580		长4+5!2^(2_2)
地207-44	2393.375	59.198	22.397	15.370	84.630	45.686	206.977	0.295	0.010	9.856	9.527	82.821	0.216	41.733	2.599		长4+5!2^(2_2)
地207-44	2393.500	65.010	22.126	19.011	80.989	37.825	212.891	0.297	0.503	9.867	10.110	84.451	0.240	36.310	2.592		长4+5!2^(2_2)
地207-44	2393.625	70.276	21.886	22.712	77.288	36.437	217.975	0.294	0.680	9.849	10.616	80.844	0.239	36.487	2.560		长4+5!2^(2_2)
地207-44	2393.750	73.829	21.676	25.680	74.320	38.713	221.966	0.301	0.923	9.896	11.014	75.253	0.225	39.576	2.516		长4+5!2^(2_2)
地207-44	2393.875	73.761	21.497	26.417	73.583	43.583	225.007	0.353	1.246	10.219	11.323	68.838	0.204	45.135	2.473		长4+5!2^(2_2)
地207-44	2394.000	68.528	21.347	23.797	76.203	52.670	226.755	0.504	1.696	10.946	11.512	61.170	0.174	55.589	2.442		长4+5!2^(2_2)
地207-44	2394.125	57.484	21.213	17.533	82.467	69.897	226.801	0.888	2.338	12.100	11.541	52.396	0.138	75.441	2.426	油层	长4+5!2^(2_2)
地207-44	2394.250	46.653	21.083	11.881	88.119	103.251	224.847	1.398	3.214	13.023	11.363	43.182	0.101	114.028	2.423	油层	长4+5!2^(2_2)
地207-44	2394.375	40.391	20.948	8.820	91.180	181.645	222.193	1.680	5.049	13.398	11.088	32.651	0.065	207.849	2.424	油层	长4+5!2^(2_2)
地207-44	2394.500	38.293	20.812	7.860	92.140	348.679	221.310	1.788	9.114	13.524	10.958	23.677	0.039	403.255	2.423	油层	长4+5!2^(2_2)
地207-44	2394.625	37.495	20.677	7.611	92.389	451.530	224.225	2.162	12.160	13.911	11.203	21.520	0.035	470.238	2.420	油层	长4+5!2^(2_2)
地207-44	2394.750	39.314	20.542	8.678	91.322	518.513	229.875	2.631	18.712	14.310	11.765	19.319	0.032	537.221	2.414	油层	长4+5!2^(2_2)
地207-44	2394.875	41.932	20.405	10.142	89.858	410.159	234.013	2.844	15.775	14.469	12.212	22.840	0.043	360.918	2.407	油层	长4+5!2^(2_2)
地207-44	2395.000	43.454	20.269	10.832	89.168	266.362	234.674	2.722	10.366	14.379	12.276	28.502	0.060	229.719	2.402	油层	长4+5!2^(2_2)
地207-44	2395.125	45.194	20.143	11.540	88.460	185.126	235.027	2.536	7.818	14.235	12.340	33.198	0.076	167.845	2.399	油层	长4+5!2^(2_2)
地207-44	2395.250	48.213	20.033	12.874	87.126	149.029	232.771	1.936	6.018	13.686	12.154	36.593	0.086	141.737	2.400	油层	长4+5!2^(2_2)
地207-44	2395.375	48.771	19.933	12.719	87.281	133.448	227.872	1.464	4.370	13.118	11.693	39.441	0.092	130.235	2.402	油层	长4+5!2^(2_2)
地207-44	2395.500	49.432	19.840	12.480	87.520	126.618	222.002	1.048	3.081	12.437	11.112	41.991	0.095	125.216	2.403	油层	长4+5!2^(2_2)
地207-44	2395.625	50.350	19.753	12.568	87.432	122.278	217.399	0.790	2.271	11.862	10.627	44.332	0.097	121.139	2.403	油层	长4+5!2^(2_2)
地207-44	2395.750	49.473	19.680	12.126	87.874	118.642	216.320	0.782	2.013	11.841	10.467	45.557	0.099	117.674	2.401	油层	长4+5!2^(2_2)
地207-44	2395.875	46.887	19.624	11.345	88.655	117.632	219.696	1.061	2.388	12.462	10.767	44.497	0.099	117.616	2.403	油层	长4+5!2^(2_2)
地207-44	2396.000	42.691	19.584	9.993	90.007	121.503	225.213	1.744	3.360	13.473	11.304	41.757	0.096	123.009	2.409	油层	长4+5!2^(2_2)
地207-44	2396.125	39.266	19.553	8.852	91.148	127.156	230.202	2.682	4.616	14.349	11.820	39.304	0.092	128.763	2.418	油层	长4+5!2^(2_2)
地207-44	2396.250	39.218	19.521	8.865	91.135	129.661	232.203	2.978	5.282	14.563	12.066	38.443	0.091	130.009	2.428	油层	长4+5!2^(2_2)
地207-44	2396.375	42.211	19.480	9.875	90.125	129.204	229.975	2.280	4.763	14.019	11.880	39.119	0.092	128.892	2.436	油层	长4+5!2^(2_2)
地207-44	2396.500	45.947	19.427	11.154	88.846	129.621	225.459	1.495	3.823	13.160	11.444	40.216	0.092	129.903	2.440	油层	长4+5!2^(2_2)
地207-44	2396.625	48.238	19.366	11.899	88.101	130.693	221.017	1.060	3.012	12.459	10.989	41.441	0.091	130.999	2.442	油层	长4+5!2^(2_2)
地207-44	2396.750	48.278	19.311	11.711	88.289	129.166	218.798	0.944	2.561	12.223	10.735	42.685	0.093	128.456	2.444	油层	长4+5!2^(2_2)
地207-44	2396.875	48.255	19.275	11.709	88.291	125.632	219.764	0.993	2.589	12.326	10.808	43.102	0.095	124.537	2.451	油层	长4+5!2^(2_2)
地207-44	2397.000	49.130	19.264	12.319	87.681	121.550	222.263	1.079	2.864	12.496	11.050	43.026	0.097	120.393	2.461	油层	长4+5!2^(2_2)
地207-44	2397.125	49.878	19.278	12.812	87.188	114.732	224.650	1.174	3.059	12.667	11.295	43.687	0.102	112.538	2.469	油层	长4+5!2^(2_2)
地207-44	2397.250	51.581	19.326	13.711	86.288	103.888	225.847	1.144	2.939	12.614	11.431	45.756	0.111	100.536	2.471	油层	长4+5!2^(2_2)
地207-44	2397.375	53.187	19.417	14.558	85.442	91.862	225.371	1.028	2.543	12.398	11.399	48.885	0.123	88.501	2.468	油层	长4+5!2^(2_2)
地207-44	2397.500	53.096	19.565	14.344	85.656	83.349	223.762	0.951	2.159	12.239	11.251	51.554	0.131	81.353	2.462	油层	长4+5!2^(2_2)
地207-44	2397.625	54.051	19.773	14.337	85.663	79.876	221.548	0.809	1.872	11.909	11.037	53.069	0.133	79.303	2.457	油层	长4+5!2^(2_2)
地207-44	2397.750	59.158	20.031	16.636	83.364	80.604	219.420	0.559	1.693	11.156	10.816	53.376	0.131	81.108	2.455	油层	长4+5!2^(2_2)
地207-44	2397.875	64.157	20.319	19.391	80.609	83.882	218.553	0.414	1.672	10.546	10.712	52.581	0.127	84.957	2.457	油层	长4+5!2^(2_2)
地207-44	2398.000	65.908	20.632	20.746	79.254	88.173	219.276	0.393	1.827	10.439	10.778	50.988	0.122	89.419	2.462	油层	长4+5!2^(2_2)
地207-44	2398.125	63.386	20.969	19.669	80.331	93.360	220.019	0.464	2.052	10.779	10.879	49.110	0.117	94.888	2.466	油层	长4+5!2^(2_2)
地207-44	2398.250	57.607	21.326	16.489	83.511	101.881	218.000	0.563	2.090	11.170	10.738	47.291	0.109	104.592	2.469	油层	长4+5!2^(2_2)
地207-44	2398.375	51.529	21.700	12.788	87.212	117.555	211.581	0.553	1.720	11.133	10.133	45.877	0.096	122.578	2.472	油层	长4+5!2^(2_2)
地207-44	2398.500	48.780	22.090	10.875	89.125	140.344	204.230	0.437	0.010	10.653	9.384	44.665	0.084	147.228	2.474	油层	长4+5!2^(2_2)
地207-44	2398.625	47.103	22.501	9.830	90.170	150.960	200.394	0.391	0.010	10.428	8.937	45.742	0.082	152.407	2.476	油层	长4+5!2^(2_2)
地207-44	2398.750	45.299	22.944	9.171	90.829	136.765	203.000	0.490	0.010	10.887	9.113	48.588	0.092	130.703	2.474	油层	长4+5!2^(2_2)
地207-44	2398.875	45.139	23.422	9.584	90.416	113.564	211.573	0.766	0.010	11.797	9.935	49.947	0.107	106.922	2.465	油层	长4+5!2^(2_2)
地207-44	2399.000	48.194	23.939	11.516	88.484	97.977	220.523	1.035	2.002	12.412	10.842	49.347	0.117	94.511	2.450	油层	长4+5!2^(2_2)
地207-44	2399.125	52.561	24.499	14.138	85.862	89.129	225.944	1.093	2.529	12.522	11.419	49.217	0.124	87.044	2.434	油层	长4+5!2^(2_2)
地207-44	2399.250	54.147	25.108	15.381	84.619	81.753	227.131	1.071	2.500	12.481	11.564	50.891	0.133	79.702	2.420	油层	长4+5!2^(2_2)
地207-44	2399.375	50.658	25.760	13.560	86.440	74.551	226.079	1.213	2.156	12.734	11.462	53.740	0.142	72.555	2.414	油层	长4+5!2^(2_2)
地207-44	2399.500	48.180	26.448	12.248	87.752	69.924	225.072	1.308	1.940	12.887	11.361	55.559	0.148	68.904	2.417	油层	长4+5!2^(2_2)
地207-44	2399.625	47.226	27.165	11.758	88.242	70.010	224.307	1.321	1.908	12.907	11.289	55.246	0.145	70.439	2.427	油层	长4+5!2^(2_2)
地207-44	2399.750	46.554	27.908	11.306	88.694	76.093	223.172	1.289	2.019	12.859	11.198	52.763	0.134	78.284	2.439	油层	长4+5!2^(2_2)
地207-44	2399.875	47.487	28.674	11.411	88.589	89.515	220.188	1.055	2.105	12.450	10.944	49.127	0.117	93.868	2.449	油层	长4+5!2^(2_2)
地207-44	2400.000	49.541	29.461	11.995	88.005	117.176	214.161	0.698	2.068	11.609	10.394	44.252	0.094	126.208	2.456	油层	长4+5!2^(2_2)
地207-44	2400.125	48.571	30.278	11.070	88.930	174.137	205.420	0.469	0.010	10.799	9.553	38.455	0.069	192.710	2.459	油层	长4+5!2^(2_2)
地207-44	2400.250	44.131	31.132	8.527	91.473	227.381	196.679	0.376	0.010	10.350	8.654	37.392	0.058	240.816	2.462	油层	长4+5!2^(2_2)
地207-44	2400.375	40.829	32.024	6.631	93.369	233.755	192.659	0.362	0.010	10.275	8.183	40.024	0.060	231.019	2.465	油层	长4+5!2^(2_2)
地207-44	2400.500	44.211	32.958	7.854	92.146	232.105	195.620	0.355	0.010	10.232	8.393	39.049	0.060	232.526	2.471	油层	长4+5!2^(2_2)
地207-44	2400.625	50.785	33.939	11.350	88.650	228.968	204.804	0.406	0.010	10.505	9.250	36.362	0.061	227.589	2.479	油层	长4+5!2^(2_2)
地207-44	2400.750	53.717	34.959	14.039	85.961	173.560	216.262	0.628	2.499	11.393	10.393	40.244	0.082	152.622	2.488	油层	长4+5!2^(2_2)
地207-44	2400.875	50.901	36.002	13.453	86.547	110.194	224.761	1.120	2.514	12.572	11.270	47.954	0.117	93.751	2.493	油层	长4+5!2^(2_2)
地207-44	2401.000	49.344	37.062	12.994	87.006	77.721	228.860	1.496	2.416	13.161	11.706	53.178	0.143	71.509	2.491	油层	长4+5!2^(2_2)
地207-44	2401.125	49.697	38.140	13.350	86.650	68.135	229.855	1.546	2.397	13.228	11.821	54.554	0.151	66.827	2.481	油层	长4+5!2^(2_2)
地207-44	2401.250	48.239	39.230	12.804	87.196	72.070	229.208	1.611	2.595	13.312	11.775	51.978	0.140	74.102	2.466	油层	长4+5!2^(2_2)
地207-44	2401.375	43.934	40.322	10.842	89.158	92.857	227.167	1.809	3.183	13.547	11.589	45.321	0.111	100.125	2.456	油层	长4+5!2^(2_2)
地207-44	2401.500	38.363	41.408	8.270	91.730	149.850	224.229	2.069	4.619	13.821	11.304	35.613	0.075	169.121	2.457	油层	长4+5!2^(2_2)
地207-44	2401.625	34.930	42.477	6.611	93.389	259.658	221.447	2.138	6.899	13.888	11.021	27.560	0.050	294.744	2.470	油层	长4+5!2^(2_2)
地207-44	2401.750	35.121	43.522	6.491	93.509	247.831	219.808	1.947	4.878	13.697	10.847	31.646	0.060	229.650	2.489	油层	长4+5!2^(2_2)
地207-44	2401.875	36.793	44.533	7.034	92.966	145.401	219.397	0.000	2.336	0.000	10.802	45.320	0.000	112.752	2.507	油层	长4+5!2^(2_2)
地207-44	2402.000	39.653	45.489	7.900	92.100	82.096	219.441	0.000	1.450	0.000	10.797	57.453	0.000	70.215	2.522	油层	长4+5!2^(2_2)
地207-44	2402.125	46.947	46.356	18.634	81.366	53.998	220.528	0.000	0.010	0.000	0.100	99.900	0.000	47.714	2.536		长4+5!2^(2_2)
地207-44	2402.250	58.291	47.116	29.643	70.357	36.338	224.585	0.000	0.010	0.000	0.100	99.900	0.000	31.930	2.549		长4+5!2^(2_2)
地207-44	2402.375	71.276	47.779	45.886	54.114	25.077	232.944	0.000	0.010	0.000	0.100	99.900	0.000	22.421	2.565		长4+5!2^(2_2)
地207-44	2402.500	81.550	48.353	62.653	37.347	18.905	241.979	0.000	0.010	0.000	0.100	99.900	0.000	17.542	2.582		长4+5!2^(2_2)
地207-44	2402.625	85.059	48.833	70.131	29.869	16.118	246.813	0.000	0.010	0.000	0.100	99.900	0.000	15.565	2.595		长4+5!2^(2_3)
地207-44	2402.750	82.162	49.217	65.649	34.351	15.199	244.504	0.000	0.010	0.000	0.100	99.900	0.000	15.057	2.602		长4+5!2^(2_3)
地207-44	2402.875	76.753	49.516	56.770	43.230	14.934	236.241	0.000	0.010	0.000	0.100	99.900	0.000	14.886	2.602		长4+5!2^(2_3)
地207-44	2403.000	71.643	49.736	48.864	51.136	14.805	228.056	0.000	0.010	0.000	0.100	99.900	0.000	14.773	2.599		长4+5!2^(2_3)
地207-44	2403.125	68.669	49.875	43.752	56.248	14.753	223.950	0.000	0.010	0.000	0.100	99.900	0.000	14.746	2.594		长4+5!2^(2_3)
地207-44	2403.250	71.604	49.931	47.061	52.939	14.646	225.569	0.000	0.010	0.000	0.100	99.900	0.000	14.608	2.588		长4+5!2^(2_3)
地207-44	2403.375	78.367	49.896	56.963	43.037	14.173	232.782	0.000	0.010	0.000	0.100	99.900	0.000	14.004	2.581		长4+5!2^(2_3)
地207-44	2403.500	85.259	49.753	68.980	31.020	13.177	243.326	0.000	0.010	0.000	0.100	99.900	0.000	12.856	2.574		长4+5!2^(2_3)
地207-44	2403.625	89.436	49.479	77.353	22.647	12.057	255.367	0.000	0.010	0.000	0.100	99.900	0.000	11.748	2.566		长4+5!2^(2_3)
地207-44	2403.750	90.998	49.080	80.266	19.734	11.229	266.379	0.000	0.010	0.000	0.100	99.900	0.000	11.028	2.555		长4+5!2^(2_3)
地207-44	2403.875	92.816	48.604	84.334	15.666	10.808	274.082	0.000	0.010	0.000	0.100	99.900	0.000	10.722	2.543		长4+5!2^(2_3)
地207-44	2404.000	92.817	48.093	84.833	15.167	10.630	277.897	0.000	0.010	0.000	0.100	99.900	0.000	10.594	2.533		长4+5!2^(2_3)
地207-44	2404.125	90.321	47.596	81.213	18.787	10.697	276.205	0.000	0.010	0.000	0.100	99.900	0.000	10.737	2.521		长4+5!2^(2_3)
地207-44	2404.250	82.183	47.157	66.951	33.049	11.500	267.381	0.000	0.010	0.000	0.100	99.900	0.000	11.796	2.505		长4+5!2^(2_3)
地207-44	2404.375	71.000	46.808	48.719	51.281	13.657	252.596	0.000	0.010	0.000	0.100	99.900	0.000	14.378	2.489		长4+5!2^(2_3)
地207-44	2404.500	63.291	46.581	37.791	62.209	17.657	238.608	0.000	0.010	0.000	0.100	99.900	0.000	18.928	2.475		长4+5!2^(2_3)
地207-44	2404.625	59.623	46.509	33.346	66.654	23.865	229.764	0.000	0.010	0.000	0.100	99.900	0.000	25.778	2.462		长4+5!2^(2_3)
地207-44	2404.750	56.253	46.604	29.683	70.317	32.871	226.064	0.000	0.010	0.000	0.100	99.900	0.000	35.620	2.452		长4+5!2^(2_3)
地207-44	2404.875	52.149	46.835	25.279	74.721	47.293	223.702	0.000	0.010	0.000	0.100	99.900	0.000	51.817	2.450		长4+5!2^(2_3)
地207-44	2405.000	48.846	47.178	21.805	78.195	69.155	218.991	0.000	0.010	0.000	0.100	99.900	0.000	75.874	2.459		长4+5!2^(2_3)
地207-44	2405.125	47.442	47.607	20.248	79.752	76.444	212.653	0.000	0.010	0.000	0.100	99.900	0.000	76.665	2.478		长4+5!2^(2_3)
地207-44	2405.250	48.551	48.088	20.654	79.346	56.122	207.931	0.000	0.010	0.000	0.100	99.900	0.000	48.161	2.503		长4+5!2^(2_3)
地207-44	2405.375	55.030	48.579	26.657	73.343	34.191	207.518	0.000	0.010	0.000	0.100	99.900	0.000	28.778	2.526		长4+5!2^(2_3)
地207-44	2405.500	63.962	49.047	37.259	62.741	22.089	210.402	0.000	0.010	0.000	0.100	99.900	0.000	19.497	2.541		长4+5!2^(2_3)
地207-44	2405.625	69.035	49.458	44.365	55.635	16.456	215.566	0.000	0.010	0.000	0.100	99.900	0.000	15.278	2.544		长4+5!2^(2_3)
地207-44	2405.750	71.113	49.789	46.632	53.368	14.026	222.697	0.000	0.010	0.000	0.100	99.900	0.000	13.540	2.539		长4+5!2^(2_3)
地207-44	2405.875	76.274	50.039	54.132	45.868	13.041	231.206	0.000	0.010	0.000	0.100	99.900	0.000	12.848	2.534		长4+5!2^(2_3)
地207-44	2406.000	80.656	50.212	62.171	37.829	12.769	238.254	0.000	0.010	0.000	0.100	99.900	0.000	12.739	2.540		长4+5!2^(2_3)
地207-44	2406.125	79.487	50.327	60.956	39.044	13.080	240.134	0.000	0.010	0.000	0.100	99.900	0.000	13.212	2.557		长4+5!2^(2_3)
地207-44	2406.250	74.603	50.419	54.104	45.896	14.277	234.011	0.000	0.010	0.000	0.100	99.900	0.000	14.690	2.581		长4+5!2^(2_3)
地207-44	2406.375	65.972	50.533	41.739	58.261	16.866	221.022	0.000	0.010	0.000	0.100	99.900	0.000	17.709	2.607		长4+5!2^(2_3)
地207-44	2406.500	59.329	50.703	32.710	67.290	20.649	209.029	0.000	0.010	0.000	0.100	99.900	0.000	21.788	2.625		长4+5!2^(2_3)
地207-44	2406.625	58.777	50.954	31.484	68.516	23.264	203.465	0.000	0.010	0.000	0.100	99.900	0.000	23.836	2.631		长4+5!2^(2_3)
地207-44	2406.750	62.421	51.293	35.380	64.620	22.961	205.135	0.000	0.010	0.000	0.100	99.900	0.000	22.622	2.623		长4+5!2^(2_3)
地207-44	2406.875	67.945	51.701	42.479	57.521	20.705	211.185	0.000	0.010	0.000	0.100	99.900	0.000	19.962	2.605		长4+5!2^(2_3)
地207-44	2407.000	72.049	52.163	48.512	51.488	18.148	217.701	0.000	0.010	0.000	0.100	99.900	0.000	17.445	2.582		长4+5!2^(2_3)
地207-44	2407.125	73.703	52.657	51.072	48.928	15.933	223.790	0.000	0.010	0.000	0.100	99.900	0.000	15.347	2.563		长4+5!2^(2_3)
地207-44	2407.250	74.675	53.158	52.159	47.841	14.176	229.432	0.000	0.010	0.000	0.100	99.900	0.000	13.722	2.549		长4+5!2^(2_3)
地207-44	2407.375	77.369	53.643	56.260	43.740	12.821	234.026	0.000	0.010	0.000	0.100	99.900	0.000	12.472	2.542		长4+5!2^(2_3)
地207-44	2407.500	79.757	54.102	60.418	39.582	11.906	236.707	0.000	0.010	0.000	0.100	99.900	0.000	11.686	2.540		长4+5!2^(2_3)
地207-44	2407.625	80.433	54.531	61.544	38.456	11.620	237.017	0.000	0.010	0.000	0.100	99.900	0.000	11.595	2.539		长4+5!2^(2_3)
地207-44	2407.750	80.844	54.935	62.499	37.501	11.921	235.525	0.000	0.010	0.000	0.100	99.900	0.000	12.048	2.543		长4+5!2^(2_3)
地207-44	2407.875	79.926	55.319	61.153	38.847	12.557	233.737	0.000	0.010	0.000	0.100	99.900	0.000	12.755	2.550		长4+5!2^(2_3)
地207-44	2408.000	78.459	55.683	58.441	41.559	13.221	233.212	0.000	0.010	0.000	0.100	99.900	0.000	13.402	2.562		长4+5!2^(2_3)
地207-44	2408.125	78.722	56.032	58.627	41.373	13.752	234.070	0.000	0.010	0.000	0.100	99.900	0.000	13.887	2.573		长4+5!2^(2_3)
地207-44	2408.250	80.302	56.365	60.790	39.210	14.067	235.192	0.000	0.010	0.000	0.100	99.900	0.000	14.137	2.583		长4+5!2^(2_3)
地207-44	2408.375	83.877	56.690	66.410	33.590	14.097	235.419	0.000	0.010	0.000	0.100	99.900	0.000	14.081	2.590		长4+5!2^(2_3)
地207-44	2408.500	88.936	57.008	75.934	24.066	13.939	234.732	0.000	0.010	0.000	0.100	99.900	0.000	13.884	2.591		长4+5!2^(2_3)
地207-44	2408.625	91.860	57.324	82.862	17.138	13.736	233.281	0.000	0.010	0.000	0.100	99.900	0.000	13.679	2.589		长4+5!2^(2_3)
地207-44	2408.750	89.744	57.636	79.514	20.486	13.612	231.553	0.000	0.010	0.000	0.100	99.900	0.000	13.586	2.585		长4+5!2^(2_3)
地207-44	2408.875	84.779	57.937	69.650	30.350	13.650	230.895	0.000	0.010	0.000	0.100	99.900	0.000	13.675	2.578		长4+5!2^(2_3)
地207-44	2409.000	82.736	58.221	65.026	34.974	13.856	231.955	0.000	0.010	0.000	0.100	99.900	0.000	13.926	2.569		长4+5!2^(2_3)
地207-44	2409.125	85.554	58.478	69.303	30.697	14.175	234.060	0.000	0.010	0.000	0.100	99.900	0.000	14.272	2.563		长4+5!2^(2_3)
地207-44	2409.250	90.800	58.702	79.538	20.462	14.579	236.053	0.000	0.010	0.000	0.100	99.900	0.000	14.698	2.561		长4+5!2^(2_3)
地207-44	2409.375	93.766	58.890	86.541	13.459	15.092	237.251	0.000	0.010	0.000	0.100	99.900	0.000	15.244	2.566		长4+5!2^(2_3)
地207-44	2409.500	92.471	59.035	84.934	15.066	15.787	238.126	0.000	0.010	0.000	0.100	99.900	0.000	15.997	2.577		长4+5!2^(2_3)
地207-44	2409.625	87.334	59.132	74.897	25.103	16.729	239.518	0.000	0.010	0.000	0.100	99.900	0.000	17.013	2.590		长4+5!2^(2_3)
地207-44	2409.750	82.165	59.187	65.437	34.563	17.796	241.823	0.000	0.010	0.000	0.100	99.900	0.000	18.099	2.597		长4+5!2^(2_3)
地207-44	2409.875	78.335	59.226	58.254	41.746	18.505	243.996	0.000	0.010	0.000	0.100	99.900	0.000	18.662	2.594		长4+5!2^(2_3)
地207-44	2410.000	78.779	59.274	58.352	41.648	18.785	244.472	0.000	0.010	0.000	0.100	99.900	0.000	18.833	2.582		长4+5!2^(2_3)
地207-44	2410.125	81.896	59.353	63.697	36.303	19.127	243.062	0.000	0.010	0.000	0.100	99.900	0.000	19.242	2.569		长4+5!2^(2_3)
地207-44	2410.250	83.319	59.476	67.101	32.899	19.956	240.839	0.000	0.010	0.000	0.100	99.900	0.000	20.233	2.561		长4+5!2^(2_3)
地207-44	2410.375	80.483	59.638	62.391	37.609	20.964	239.496	0.000	0.010	0.000	0.100	99.900	0.000	21.247	2.559		
地207-44	2410.500	77.546	59.834	57.065	42.935	21.619	239.780	0.000	0.010	0.000	0.100	99.900	0.000	21.764	2.561		
地207-44	2410.625	77.465	60.056	56.712	43.288	21.567	241.045	0.000	0.010	0.000	0.100	99.900	0.000	21.491	2.564		
地207-44	2410.750	78.170	60.293	58.264	41.736	21.028	241.849	0.000	0.010	0.000	0.100	99.900	0.000	20.848	2.564		
地207-44	2410.875	76.818	60.534	56.116	43.884	20.627	241.040	0.000	0.010	0.000	0.100	99.900	0.000	20.541	2.560		
地207-44	2411.000	75.918	60.768	54.235	45.765	21.222	239.023	0.000	0.010	0.000	0.100	99.900	0.000	21.486	2.553		
地207-44	2323.750--2411.000(平均)	78.185	52.950	48.698	51.302	29.858	241.463	0.190	0.480	2.319	2.378	90.279	0.042	29.863	2.526		
地207-44	2323.750--2411.000(最大)	166.128	63.818	99.900	93.509	518.513	318.131	2.978	18.712	14.563	15.495	99.900	0.522	537.221	2.641		
地207-44	2323.750--2411.000(最小)	34.930	19.264	6.491	0.100	7.358	192.659	0.000	0.010	0.000	0.100	19.319	0.000	7.345	2.344		
