井名	深度	GR	SP	SH	AT90	AC	PERM	POR	SW	DEN	RT	解释结论	层位
地209-43	2272.000	64.162	48.033	11.408	6.785	234.632	1.517	12.135	72.643	2.415	6.785		chang3
地209-43	2272.125	61.571	48.125	10.427	7.050	233.732	1.461	11.907	72.489	2.419	7.050		chang3
地209-43	2272.250	57.859	48.204	9.097	7.179	232.756	1.559	11.660	73.204	2.419	7.179		chang3
地209-43	2272.375	54.578	48.278	7.995	7.021	232.295	1.733	11.544	74.697	2.412	7.021		chang3
地209-43	2272.500	55.267	48.350	8.237	6.642	232.667	1.739	11.638	76.239	2.404	6.642		chang3
地209-43	2272.625	58.095	48.429	9.234	6.280	233.831	1.708	11.932	76.662	2.400	6.280		chang3
地209-43	2272.750	60.797	48.524	10.245	5.984	235.321	1.745	12.309	76.369	2.421	5.984	油层	chang3
地209-43	2272.875	58.416	48.641	9.471	5.723	236.191	2.087	12.529	76.853	2.439	5.723	油层	chang3
地209-43	2273.000	51.544	48.790	7.207	5.513	235.683	2.758	12.400	79.030	2.454	5.513	油层	chang3
地209-43	2273.125	47.270	48.978	5.811	5.385	233.543	2.858	11.860	83.245	2.460	5.385	油层	chang3
地209-43	2273.250	49.600	49.220	6.347	5.312	230.257	1.824	11.029	89.483	2.457	5.312	油层	chang3
地209-43	2273.375	53.150	49.520	7.285	5.239	227.208	1.105	10.258	96.179	2.450	5.239	油层	chang3
地209-43	2273.500	55.771	49.885	8.039	5.179	225.681	0.010	9.873	99.900	2.444	5.179	油层	chang3
地209-43	2273.625	56.978	50.329	8.462	5.165	226.282	0.834	10.025	98.899	2.440	5.165	油层	chang3
地209-43	2273.750	56.933	50.870	8.587	5.172	228.939	1.111	10.696	93.226	2.437	5.172	油层	chang3
地209-43	2273.875	55.401	51.509	8.287	5.170	232.793	1.749	11.670	86.204	2.430	5.170	油层	chang3
地209-43	2274.000	54.535	52.254	8.203	5.180	236.587	2.579	12.629	80.203	2.423	5.180	油层	chang3
地209-43	2274.125	53.307	53.120	7.942	5.240	239.215	3.429	13.293	76.143	2.421	5.240	油层	chang3
地209-43	2274.250	53.924	54.128	8.152	5.352	239.436	3.389	13.349	75.056	2.432	5.352	油层	chang3
地209-43	2274.375	55.930	55.265	8.645	5.529	236.313	2.358	12.560	78.016	2.461	5.529	油层	chang3
地209-43	2274.500	57.192	56.536	8.754	5.794	230.489	1.287	11.088	85.269	2.503	5.794	油层	chang3
地209-43	2274.625	55.157	57.941	7.732	6.120	223.514	0.010	9.325	96.978	2.549	6.120	油层	chang3
地209-43	2274.750	50.139	59.483	5.925	6.343	218.021	0.010	7.937	99.900	2.585	6.343	油层	chang3
地209-43	2274.875	46.884	61.128	4.932	6.388	216.845	0.010	7.640	99.900	2.603	6.388	油层	chang3
地209-43	2275.000	47.531	62.858	5.284	6.355	220.540	0.010	8.573	99.900	2.605	6.355	油层	chang3
地209-43	2275.125	48.359	64.654	5.882	6.353	228.248	1.587	10.521	85.374	2.599	6.353	油层	chang3
地209-43	2275.250	46.878	66.486	5.897	6.355	237.832	4.295	12.943	70.824	2.595	6.355	油层	chang3
地209-43	2275.375	49.051	68.319	6.957	6.356	246.237	7.416	15.068	61.750	2.595	6.356	油层	chang3
地209-43	2275.500	61.914	70.125	16.035	6.474	251.431	0.010	0.100	99.900	2.596	6.474	油层	chang3
地209-43	2275.625	80.954	71.879	31.846	6.793	252.834	0.010	0.100	99.900	2.591	6.793	油层	chang3
地209-43	2275.750	93.166	73.544	44.561	7.324	251.291	0.010	0.100	99.900	2.577	7.324	油层	chang3
地209-43	2275.875	94.578	75.112	46.182	8.093	248.878	0.010	0.100	99.900	2.558	8.093	油层	chang3
地209-43	2276.000	97.641	76.573	49.817	9.165	247.068	0.010	0.100	99.900	2.541	9.165	油层	chang3
地209-43	2276.125	103.132	77.914	56.754	10.586	245.731	0.010	0.100	99.900	2.538	10.586	油层	chang3
地209-43	2276.250	107.068	79.124	62.080	12.051	243.686	0.010	0.100	99.900	2.536	12.051	油层	chang4+5
地209-43	2276.375	105.353	80.220	59.722	12.951	240.032	0.010	0.100	99.900	2.540	12.951	油层	chang4+5
地209-43	2276.500	100.793	81.206	53.732	13.173	235.775	0.010	0.100	99.900	2.550	13.173	油层	chang4+5
地209-43	2276.625	94.836	82.085	46.482	13.080	233.027	0.010	0.100	99.900	2.557	13.080	油层	chang4+5
地209-43	2276.750	88.610	82.853	39.551	12.912	234.287	0.010	0.100	99.900	2.554	12.912	油层	chang4+5
地209-43	2276.875	88.540	83.528	39.476	12.665	240.552	0.010	0.100	99.900	2.540	12.665	油层	chang4+5
地209-43	2277.000	94.672	84.112	46.292	12.387	249.505	0.010	0.100	99.900	2.521	12.387	油层	chang4+5
地209-43	2277.125	104.145	84.603	58.096	12.090	257.759	0.010	0.100	99.900	2.505	12.090	油层	chang4+5
地209-43	2277.250	109.650	84.993	65.744	11.715	261.410	0.010	0.100	99.900	2.502	11.715	油层	chang4+5
地209-43	2277.375	106.224	85.291	60.912	11.349	258.239	0.010	0.100	99.900	2.511	11.349	油层	chang4+5
地209-43	2277.500	98.979	85.493	51.457	11.215	250.652	0.010	0.100	99.900	2.525	11.215	油层	chang4+5
地209-43	2277.625	90.595	85.592	41.693	11.378	243.123	0.010	0.100	99.900	2.534	11.378	油层	chang4+5
地209-43	2277.750	87.250	85.580	38.119	11.567	241.254	0.010	0.100	99.900	2.526	11.567	油层	chang4+5
地209-43	2277.875	93.060	85.467	44.440	11.362	248.192	0.010	0.100	99.900	2.499	11.362	油层	chang4+5
地209-43	2278.000	106.434	85.257	61.201	10.830	260.627	0.010	0.100	99.900	2.461	10.830	油层	chang4+5
地209-43	2278.125	119.667	84.950	81.337	10.506	273.075	0.010	0.100	99.900	2.424	10.506		chang4+5
地209-43	2278.250	127.612	84.549	95.433	10.588	279.820	0.010	0.100	99.900	2.403	10.588		chang4+5
地209-43	2278.375	129.241	84.074	98.531	10.862	278.722	0.010	0.100	99.900	2.399	10.862		chang4+5
地209-43	2278.500	130.242	83.538	99.900	10.927	273.273	0.010	0.100	99.900	2.405	10.927		chang4+5
地209-43	2278.625	134.657	82.953	99.900	10.752	267.246	0.010	0.100	99.900	2.409	10.752		chang4+5
地209-43	2278.750	144.371	82.331	99.900	10.551	262.826	0.010	0.100	99.900	2.401	10.551		chang4+5
地209-43	2278.875	153.058	81.691	99.900	10.532	259.375	0.010	0.100	99.900	2.385	10.532		chang4+5
地209-43	2279.000	155.626	81.045	99.900	10.638	255.126	0.010	0.100	99.900	2.368	10.638		chang4+5
地209-43	2279.125	150.090	80.404	99.900	10.711	249.442	0.010	0.100	99.900	2.362	10.711		chang4+5
地209-43	2279.250	130.898	79.779	99.900	10.636	242.950	0.010	0.100	99.900	2.375	10.636		chang4+5
地209-43	2279.375	107.914	79.176	63.265	10.556	237.095	0.010	0.100	99.900	2.406	10.556		chang4+5
地209-43	2279.500	92.821	78.603	44.170	10.602	232.805	0.010	0.100	99.900	2.445	10.602		chang4+5
地209-43	2279.625	86.559	78.070	37.402	10.797	230.339	0.010	0.100	99.900	2.487	10.797		chang4+5
地209-43	2279.750	87.987	77.586	38.891	11.095	229.511	0.010	0.100	99.900	2.527	11.095		chang4+5
地209-43	2279.875	91.980	77.156	43.224	11.546	229.707	0.010	0.100	99.900	2.562	11.546		chang4+5
地209-43	2280.000	97.511	76.789	49.660	12.117	230.097	0.010	0.100	99.900	2.595	12.117		chang4+5
地209-43	2280.125	101.970	76.501	55.240	12.467	230.153	0.010	0.100	99.900	2.625	12.467		chang4+5
地209-43	2280.250	100.314	76.308	53.125	12.402	229.672	0.010	0.100	99.900	2.648	12.402		chang4+5
地209-43	2280.375	92.590	76.212	43.909	12.134	228.828	0.010	0.100	99.900	2.662	12.134		chang4+5
地209-43	2280.500	88.483	76.218	39.415	11.937	227.872	0.010	0.100	99.900	2.665	11.937		chang4+5
地209-43	2280.625	88.776	76.333	39.727	11.773	226.891	0.010	0.100	99.900	2.659	11.773		chang4+5
地209-43	2280.750	85.321	76.560	36.135	11.585	226.010	0.010	0.100	99.900	2.645	11.585		chang4+5
地209-43	2280.875	77.363	76.878	28.519	11.502	225.606	0.010	0.100	99.900	2.628	11.502		chang4+5
地209-43	2281.000	73.518	77.275	25.143	11.612	226.030	0.010	0.100	99.900	2.612	11.612		chang4+5
地209-43	2281.125	73.675	77.737	25.278	11.877	227.411	0.010	0.100	99.900	2.599	11.877		chang4+5
地209-43	2281.250	78.974	78.242	29.989	12.212	229.572	0.010	0.100	99.900	2.590	12.212		chang4+5
地209-43	2281.375	88.183	78.766	39.097	12.610	232.165	0.010	0.100	99.900	2.580	12.610		chang4+5
地209-43	2281.500	98.528	79.293	50.900	12.952	234.949	0.010	0.100	99.900	2.568	12.952		chang4+5
地209-43	2281.625	110.332	79.806	66.734	13.004	237.725	0.010	0.100	99.900	2.553	13.004		chang4+5
地209-43	2281.750	119.548	80.291	81.139	12.651	239.923	0.010	0.100	99.900	2.538	12.651	干层	chang4+5
地209-43	2281.875	122.816	80.744	86.730	11.954	240.562	0.010	0.100	99.900	2.527	11.954	干层	chang4+5
地209-43	2282.000	122.294	81.163	85.818	11.194	239.255	0.010	0.100	99.900	2.525	11.194	干层	chang4+5
地209-43	2282.125	119.650	81.544	81.309	10.597	236.320	0.010	0.100	99.900	2.530	10.597	干层	chang4+5
地209-43	2282.250	112.907	81.884	70.566	10.378	232.819	0.010	0.100	99.900	2.540	10.378	干层	chang4+5
地209-43	2282.375	103.687	82.190	57.487	10.483	230.035	0.010	0.100	99.900	2.548	10.483	干层	chang4+5
地209-43	2282.500	97.655	82.460	49.834	10.775	228.353	0.010	0.100	99.900	2.552	10.775	干层	chang4+5
地209-43	2282.625	97.556	82.690	49.714	11.148	227.533	0.010	0.100	99.900	2.553	11.148	干层	chang4+5
地209-43	2282.750	101.008	82.876	54.005	11.737	227.156	0.010	0.100	99.900	2.553	11.737	干层	chang4+5
地209-43	2282.875	102.049	83.019	55.342	12.742	226.887	0.010	0.100	99.900	2.553	12.742	干层	chang4+5
地209-43	2283.000	101.153	83.115	54.189	13.975	226.567	0.010	0.100	99.900	2.550	13.975	干层	chang4+5
地209-43	2283.125	101.235	83.159	54.294	14.606	226.159	0.010	0.100	99.900	2.542	14.606	干层	chang4+5
地209-43	2283.250	104.518	83.146	58.595	14.346	225.784	0.010	0.100	99.900	2.534	14.346	干层	chang4+5
地209-43	2283.375	104.227	83.082	58.204	13.796	225.850	0.010	0.100	99.900	2.526	13.796	干层	chang4+5
地209-43	2283.500	101.632	82.969	54.803	13.499	226.719	0.010	0.100	99.900	2.505	13.499	干层	chang4+5
地209-43	2283.625	98.720	82.808	51.137	13.456	228.347	0.010	0.100	99.900	2.486	13.456	干层	chang4+5
地209-43	2283.750	96.942	82.601	48.974	13.615	229.845	0.010	0.100	99.900	2.476	13.615	干层	chang4+5
地209-43	2283.875	97.673	82.358	49.856	14.011	229.386	0.010	0.100	99.900	2.484	14.011		chang4+5
地209-43	2284.000	98.675	82.085	51.082	14.712	225.860	0.010	0.100	99.900	2.509	14.712		chang4+5
地209-43	2284.125	96.473	81.787	48.412	15.834	219.486	0.010	0.100	99.900	2.546	15.834		chang4+5
地209-43	2284.250	88.147	81.468	39.059	17.372	212.319	0.010	0.100	99.900	2.586	17.372		chang4+5
地209-43	2284.375	81.439	81.137	32.309	19.108	207.899	0.010	0.100	99.900	2.616	19.108		chang4+5
地209-43	2284.500	76.476	80.799	27.723	20.109	208.083	0.010	0.100	99.900	2.629	20.109		chang4+5
地209-43	2284.625	74.300	80.462	25.814	19.818	212.473	0.010	0.100	99.900	2.623	19.818		chang4+5
地209-43	2284.750	81.513	80.132	32.380	18.685	218.600	0.010	0.100	99.900	2.603	18.685		chang4+5
地209-43	2284.875	94.982	79.816	46.652	17.474	223.041	0.010	0.100	99.900	2.578	17.474		chang4+5
地209-43	2285.000	101.481	79.520	54.609	16.401	224.385	0.010	0.100	99.900	2.559	16.401		chang4+5
地209-43	2285.125	102.855	79.252	56.391	15.510	223.073	0.010	0.100	99.900	2.551	15.510		chang4+5
地209-43	2285.250	101.382	79.016	54.483	15.036	220.482	0.010	0.100	99.900	2.555	15.036		chang4+5
地209-43	2285.375	96.016	78.812	47.869	15.012	218.040	0.010	0.100	99.900	2.566	15.012		chang4+5
地209-43	2285.500	87.802	78.640	38.696	15.271	216.404	0.010	0.100	99.900	2.579	15.271		chang4+5
地209-43	2285.625	81.950	78.498	32.800	15.582	215.864	0.010	0.100	99.900	2.588	15.582		chang4+5
地209-43	2285.750	80.649	78.383	31.556	15.933	216.785	0.010	0.100	99.900	2.591	15.933		chang4+5
地209-43	2285.875	80.508	78.285	31.423	16.308	219.372	0.010	0.100	99.900	2.591	16.308		chang4+5
地209-43	2286.000	84.189	78.199	34.997	16.305	223.027	0.010	0.100	99.900	2.591	16.305		chang4+5
地209-43	2286.125	93.497	78.117	44.938	15.695	226.740	0.010	0.100	99.900	2.594	15.695		chang4+5
地209-43	2286.250	100.520	78.034	53.385	14.761	229.133	0.010	0.100	99.900	2.601	14.761		chang4+5
地209-43	2286.375	101.700	77.948	54.891	13.938	229.226	0.010	0.100	99.900	2.610	13.938		chang4+5
地209-43	2286.500	104.671	77.859	58.800	13.326	227.576	0.010	0.100	99.900	2.617	13.326		chang4+5
地209-43	2286.625	112.776	77.769	70.367	12.958	225.364	0.010	0.100	99.900	2.619	12.958		chang4+5
地209-43	2286.750	121.005	77.685	83.599	12.888	223.936	0.010	0.100	99.900	2.616	12.888		chang4+5
地209-43	2286.875	120.158	77.613	82.163	12.902	223.974	0.010	0.100	99.900	2.608	12.902		chang4+5
地209-43	2287.000	111.989	77.563	69.183	12.802	224.968	0.010	0.100	99.900	2.600	12.802		chang4+5
地209-43	2287.125	105.550	77.543	59.990	12.618	226.245	0.010	0.100	99.900	2.593	12.618		chang4+5
地209-43	2287.250	102.710	77.565	56.201	12.543	227.387	0.010	0.100	99.900	2.589	12.543		chang4+5
地209-43	2287.375	103.145	77.630	56.770	12.575	228.450	0.010	0.100	99.900	2.585	12.575		chang4+5
地209-43	2287.500	106.479	77.741	61.263	12.523	229.623	0.010	0.100	99.900	2.580	12.523		chang4+5
地209-43	2287.625	109.498	77.902	65.524	12.282	230.851	0.010	0.100	99.900	2.574	12.282		chang4+5
地209-43	2287.750	109.371	78.113	65.340	11.955	231.871	0.010	0.100	99.900	2.567	11.955		chang4+5
地209-43	2287.875	108.164	78.364	63.618	11.772	232.460	0.010	0.100	99.900	2.561	11.772		chang4+5
地209-43	2288.000	103.796	78.650	57.632	11.782	232.675	0.010	0.100	99.900	2.560	11.782		chang4+5
地209-43	2288.125	101.185	78.966	54.231	11.908	232.647	0.010	0.100	99.900	2.565	11.908		chang4+5
地209-43	2288.250	101.884	79.305	55.128	12.087	232.520	0.010	0.100	99.900	2.577	12.087		chang4+5
地209-43	2288.375	103.721	79.658	57.531	12.293	232.485	0.010	0.100	99.900	2.594	12.293		chang4+5
地209-43	2288.500	104.806	80.016	58.982	12.483	232.742	0.010	0.100	99.900	2.608	12.483		chang4+5
地209-43	2288.625	104.806	80.372	58.982	12.690	233.413	0.010	0.100	99.900	2.616	12.690		chang4+5
地209-43	2288.750	111.815	80.719	68.923	13.047	234.439	0.010	0.100	99.900	2.612	13.047		chang4+5
地209-43	2288.875	117.863	81.050	78.359	13.523	235.723	0.010	0.100	99.900	2.588	13.523		chang4+5
地209-43	2289.000	113.359	81.357	71.253	13.891	237.670	0.010	0.100	99.900	2.546	13.891		chang4+5
地209-43	2289.125	104.393	81.628	58.426	14.172	241.246	0.010	0.100	99.900	2.491	14.172		chang4+5
地209-43	2289.250	97.381	81.853	49.503	14.510	247.253	0.010	0.100	99.900	2.434	14.510		chang4+5
地209-43	2289.375	99.299	82.025	51.854	14.735	254.604	0.010	0.100	99.900	2.390	14.735		chang4+5
地209-43	2289.500	104.995	82.133	59.237	14.568	260.311	0.010	0.100	99.900	2.371	14.568		chang4+5
地209-43	2289.625	110.882	82.165	67.541	14.185	261.869	0.010	0.100	99.900	2.378	14.185		chang4+5
地209-43	2289.750	115.364	82.110	74.359	13.971	258.494	0.010	0.100	99.900	2.408	13.971		chang4+5
地209-43	2289.875	113.913	81.971	72.102	13.777	252.242	0.010	0.100	99.900	2.452	13.777		chang4+5
地209-43	2290.000	109.033	81.749	64.855	13.332	246.195	0.010	0.100	99.900	2.474	13.332		chang4+5
地209-43	2290.125	105.071	81.446	59.339	12.767	241.710	0.010	0.100	99.900	2.496	12.767		chang4+5
地209-43	2290.250	102.435	81.071	55.843	12.423	238.687	0.010	0.100	99.900	2.532	12.423		chang4+5
地209-43	2290.375	101.507	80.652	54.643	12.307	236.356	0.010	0.100	99.900	2.558	12.307		chang4+5
地209-43	2290.500	98.350	80.210	50.682	12.234	234.426	0.010	0.100	99.900	2.573	12.234		chang4+5
地209-43	2290.625	93.412	79.771	44.840	12.118	233.094	0.010	0.100	99.900	2.582	12.118		chang4+5
地209-43	2290.750	90.938	79.369	42.069	11.985	232.376	0.010	0.100	99.900	2.588	11.985		chang4+5
地209-43	2290.875	89.492	79.029	40.495	11.818	231.853	0.010	0.100	99.900	2.591	11.818		chang4+5
地209-43	2291.000	88.831	78.774	39.786	11.625	231.098	0.010	0.100	99.900	2.594	11.625		chang4+5
地209-43	2291.125	88.522	78.627	39.457	11.477	229.943	0.010	0.100	99.900	2.595	11.477		chang4+5
地209-43	2291.250	87.266	78.604	38.135	11.417	228.374	0.010	0.100	99.900	2.594	11.417		chang4+5
地209-43	2291.375	76.866	78.692	28.072	11.384	226.692	0.010	0.100	99.900	2.591	11.384		chang4+5
地209-43	2291.500	62.739	78.882	16.633	11.361	225.482	0.010	0.100	99.900	2.582	11.361		chang4+5
地209-43	2291.625	54.721	79.162	11.115	11.387	225.211	0.010	0.100	99.900	2.568	11.387		chang4+5
地209-43	2291.750	53.427	79.506	10.284	11.435	225.963	0.010	0.100	99.900	2.551	11.435		chang4+5
地209-43	2291.875	59.101	79.879	14.049	11.461	227.343	0.010	0.100	99.900	2.535	11.461		chang4+5
地209-43	2292.000	65.843	80.252	18.948	11.516	229.023	0.010	0.100	99.900	2.524	11.516		chang4+5
地209-43	2292.125	69.270	80.596	21.629	11.687	231.200	0.010	0.100	99.900	2.521	11.687		chang4+5
地209-43	2292.250	73.405	80.884	25.047	11.903	234.224	0.010	0.100	99.900	2.524	11.903		chang4+5
地209-43	2292.375	79.835	81.102	30.790	11.924	237.694	0.010	0.100	99.900	2.528	11.924		chang4+5
地209-43	2292.500	82.885	81.242	33.709	11.783	240.229	0.010	0.100	99.900	2.530	11.783		chang4+5
地209-43	2292.625	85.477	81.293	36.294	11.730	240.532	0.010	0.100	99.900	2.528	11.730		chang4+5
地209-43	2292.750	90.233	81.257	41.298	11.993	238.087	0.010	0.100	99.900	2.525	11.993		chang4+5
地209-43	2292.875	91.721	81.147	42.935	12.410	233.745	0.010	0.100	99.900	2.522	12.410		chang4+5
地209-43	2293.000	86.970	80.974	37.827	12.763	228.980	0.010	0.100	99.900	2.525	12.763		chang4+5
地209-43	2293.125	79.265	80.745	30.259	13.001	224.566	0.010	0.100	99.900	2.533	13.001		chang4+5
地209-43	2293.250	74.279	80.473	25.797	13.301	220.859	0.010	0.100	99.900	2.545	13.301		chang4+5
地209-43	2293.375	72.646	80.175	24.405	13.710	218.144	0.010	0.100	99.900	2.559	13.710		chang4+5
地209-43	2293.500	71.777	79.861	23.676	14.202	216.736	0.010	0.100	99.900	2.574	14.202		chang4+5
地209-43	2293.625	72.902	79.542	24.621	14.859	216.965	0.010	0.100	99.900	2.586	14.859		chang4+5
地209-43	2293.750	78.070	79.232	29.160	15.727	218.733	0.010	0.100	99.900	2.596	15.727		chang4+5
地209-43	2293.875	82.895	78.939	33.719	16.492	221.009	0.010	0.100	99.900	2.605	16.492		chang4+5
地209-43	2294.000	83.192	78.676	34.010	16.844	222.316	0.010	0.100	99.900	2.616	16.844		chang4+5
地209-43	2294.125	83.078	78.455	33.898	17.077	221.629	0.010	0.100	99.900	2.633	17.077		chang4+5
地209-43	2294.250	81.106	78.287	31.991	18.054	218.712	0.010	0.100	99.900	2.656	18.054		chang4+5
地209-43	2294.375	75.886	78.176	27.200	20.240	214.702	0.010	0.100	99.900	2.669	20.240		chang4+5
地209-43	2294.500	67.863	78.127	20.512	23.647	211.292	0.010	0.100	99.900	2.682	23.647		chang4+5
地209-43	2294.625	59.059	78.147	14.020	27.762	209.315	0.010	0.100	99.900	2.706	27.762		chang4+5
地209-43	2294.750	56.288	78.236	12.144	31.576	208.464	0.010	0.100	99.900	2.719	31.576		chang4+5
地209-43	2294.875	57.344	78.385	12.850	34.398	207.321	0.010	0.100	99.900	2.721	34.398		chang4+5
地209-43	2295.000	57.071	78.587	12.666	36.026	204.865	0.010	0.100	99.900	2.711	36.026		chang4+5
地209-43	2295.125	53.160	78.837	10.115	36.415	201.272	0.010	0.100	99.900	2.694	36.415		chang4+5
地209-43	2295.250	46.756	79.126	6.238	33.255	198.049	0.010	0.100	99.900	2.676	33.255		chang4+5
地209-43	2295.375	44.632	79.440	5.031	25.483	197.801	0.010	0.100	99.900	2.662	25.483		chang4+5
地209-43	2295.500	46.962	79.771	6.357	18.479	202.119	0.010	0.100	99.900	2.651	18.479		chang4+5
地209-43	2295.625	50.888	80.112	8.698	14.191	211.321	0.010	0.100	99.900	2.640	14.191		chang4+5
地209-43	2295.750	58.888	80.457	13.902	12.145	224.100	0.010	0.100	99.900	2.626	12.145		chang4+5
地209-43	2295.875	73.851	80.799	25.429	11.080	237.513	0.010	0.100	99.900	2.609	11.080		chang4+5
地209-43	2296.000	92.293	81.138	43.575	10.507	248.900	0.010	0.100	99.900	2.591	10.507	油水同层	chang4+5
地209-43	2296.125	105.564	81.470	60.008	10.273	256.771	0.010	0.100	99.900	2.575	10.273	油水同层	chang4+5
地209-43	2296.250	107.959	81.793	63.329	10.335	260.143	0.010	0.100	99.900	2.561	10.335	油水同层	chang4+5
地209-43	2296.375	106.489	82.107	61.277	10.724	258.787	0.010	0.100	99.900	2.551	10.724	油水同层	chang4+5
地209-43	2296.500	104.476	82.411	58.538	11.533	254.180	0.010	0.100	99.900	2.544	11.533	油水同层	chang4+5
地209-43	2296.625	99.687	82.703	52.337	12.593	248.358	0.010	0.100	99.900	2.545	12.593	油水同层	chang4+5
地209-43	2296.750	93.775	82.981	45.256	13.422	243.992	0.010	0.100	99.900	2.554	13.422	油水同层	chang4+5
地209-43	2296.875	88.430	83.247	39.359	13.332	242.866	0.010	0.100	99.900	2.571	13.332	油水同层	chang4+5
地209-43	2297.000	83.599	83.500	34.411	12.734	244.025	0.010	0.100	99.900	2.594	12.734	油水同层	chang4+5
地209-43	2297.125	82.672	83.740	33.501	12.183	245.785	0.010	0.100	99.900	2.616	12.183	油水同层	chang4+5
地209-43	2297.250	85.249	83.967	36.062	11.787	247.014	0.010	0.100	99.900	2.629	11.787	油水同层	chang4+5
地209-43	2297.375	87.801	84.185	38.695	11.321	248.161	0.010	0.100	99.900	2.633	11.321	油水同层	chang4+5
地209-43	2297.500	91.652	84.395	42.859	10.839	250.515	0.010	0.100	99.900	2.627	10.839	油水同层	chang4+5
地209-43	2297.625	99.820	84.596	52.504	10.618	254.921	0.010	0.100	99.900	2.614	10.618	油水同层	chang4+5
地209-43	2297.750	108.353	84.790	63.885	10.717	261.535	0.010	0.100	99.900	2.596	10.717	油水同层	chang4+5
地209-43	2297.875	111.024	84.976	67.750	11.063	269.572	0.010	0.100	99.900	2.573	11.063	油水同层	chang4+5
地209-43	2298.000	113.470	85.155	71.422	11.573	277.620	0.010	0.100	99.900	2.544	11.573	油水同层	chang4+5
地209-43	2298.125	120.283	85.324	82.374	12.078	284.386	0.010	0.100	99.900	2.511	12.078	油水同层	chang4+5
地209-43	2298.250	132.358	85.480	99.900	12.344	288.712	0.010	0.100	99.900	2.479	12.344	油水同层	chang4+5
地209-43	2298.375	145.118	85.621	99.900	12.206	290.456	0.010	0.100	99.900	2.453	12.206	油水同层	chang4+5
地209-43	2298.500	150.743	85.746	99.900	11.945	291.105	0.010	0.100	99.900	2.434	11.945	油水同层	chang4+5
地209-43	2298.625	146.386	85.849	99.900	11.713	292.236	0.010	0.100	99.900	2.422	11.713	油水同层	chang4+5
地209-43	2298.750	142.011	85.927	99.900	11.436	295.063	0.010	0.100	99.900	2.417	11.436	油水同层	chang4+5
地209-43	2298.875	145.606	85.980	99.900	11.167	299.584	0.010	0.100	99.900	2.411	11.167	油水同层	chang4+5
地209-43	2299.000	151.220	86.003	99.900	11.149	304.211	0.010	0.100	99.900	2.397	11.149	油水同层	chang4+5
地209-43	2299.125	149.879	85.994	99.900	11.639	306.891	0.010	0.100	99.900	2.377	11.639	油水同层	chang4+5
地209-43	2299.250	139.594	85.948	99.900	12.590	305.323	0.010	0.100	99.900	2.355	12.590	油水同层	chang4+5
地209-43	2299.375	131.589	85.866	99.900	13.991	298.047	0.010	0.100	99.900	2.337	13.991	油水同层	chang4+5
地209-43	2299.500	127.909	85.748	95.993	15.839	286.206	0.010	0.100	99.900	2.329	15.839	油水同层	chang4+5
地209-43	2299.625	122.972	85.590	87.004	17.458	271.939	0.010	0.100	99.900	2.333	17.458	油水同层	chang4+5
地209-43	2299.750	118.495	85.391	79.394	17.919	258.715	0.010	0.100	99.900	2.351	17.919	油水同层	chang4+5
地209-43	2299.875	114.272	85.157	72.655	16.860	250.474	0.010	0.100	99.900	2.379	16.860	油水同层	chang4+5
地209-43	2300.000	108.739	84.892	64.435	14.986	248.417	0.010	0.100	99.900	2.409	14.986	油水同层	chang4+5
地209-43	2300.125	107.656	84.599	62.902	12.721	251.759	0.010	0.100	99.900	2.433	12.721	油水同层	chang4+5
地209-43	2300.250	121.202	84.288	83.935	10.744	257.948	0.010	0.100	99.900	2.445	10.744	油水同层	chang4+5
地209-43	2300.375	143.423	83.972	99.900	9.436	263.491	0.010	0.100	99.900	2.444	9.436	油水同层	chang4+5
地209-43	2300.500	158.776	83.662	99.900	8.758	266.336	0.010	0.100	99.900	2.432	8.758	油水同层	chang4+5
地209-43	2300.625	163.459	83.375	99.900	8.524	265.831	0.010	0.100	99.900	2.416	8.524	油水同层	chang4+5
地209-43	2300.750	158.345	83.125	99.900	8.528	261.755	0.010	0.100	99.900	2.402	8.528	油水同层	chang4+5
地209-43	2300.875	142.837	82.924	99.900	8.801	254.345	0.010	0.100	99.900	2.400	8.801	油水同层	chang4+5
地209-43	2301.000	122.938	82.781	86.943	9.604	245.143	0.010	0.100	99.900	2.411	9.604	油水同层	chang4+5
地209-43	2301.125	104.831	82.709	59.016	11.129	236.052	0.010	0.100	99.900	2.435	11.129	油水同层	chang4+5
地209-43	2301.250	89.003	82.715	39.969	13.432	229.077	0.010	0.100	99.900	2.468	13.432	油水同层	chang4+5
地209-43	2301.375	76.440	82.792	27.691	15.996	225.216	0.010	0.100	99.900	2.503	15.996	油水同层	chang4+5
地209-43	2301.500	68.580	82.936	21.078	17.669	223.928	0.010	0.100	99.900	2.531	17.669	油水同层	chang4+5
地209-43	2301.625	65.270	83.146	18.512	17.917	225.144	0.010	0.100	99.900	2.549	17.917	油水同层	chang4+5
地209-43	2301.750	64.053	83.412	17.600	16.885	229.630	0.010	0.100	99.900	2.555	16.885	油水同层	chang4+5
地209-43	2301.875	66.910	83.719	19.769	15.172	238.023	0.010	0.100	99.900	2.553	15.172	油水同层	chang4+5
地209-43	2302.000	79.416	84.059	30.400	13.129	248.903	0.010	0.100	99.900	2.544	13.129	油水同层	chang4+5
地209-43	2302.125	102.280	84.422	55.641	11.274	260.141	0.010	0.100	99.900	2.528	11.274	油水同层	chang4+5
地209-43	2302.250	124.031	84.798	88.878	9.880	269.671	0.010	0.100	99.900	2.501	9.880	油水同层	chang4+5
地209-43	2302.375	140.294	85.179	99.900	8.931	276.716	0.010	0.100	99.900	2.465	8.931		chang4+5
地209-43	2302.500	150.252	85.558	99.900	8.359	282.038	0.010	0.100	99.900	2.426	8.359		chang4+5
地209-43	2302.625	153.382	85.928	99.900	8.108	286.154	0.010	0.100	99.900	2.393	8.108		chang4+5
地209-43	2302.750	152.784	86.284	99.900	8.202	288.965	0.010	0.100	99.900	2.378	8.202		chang4+5
地209-43	2302.875	146.309	86.623	99.900	8.665	289.637	0.010	0.100	99.900	2.386	8.665		chang4+5
地209-43	2303.000	130.126	86.941	99.900	9.476	287.437	0.010	0.100	99.900	2.411	9.476		chang4+5
地209-43	2303.125	115.621	87.233	74.763	10.724	281.827	0.010	0.100	99.900	2.445	10.724		chang4+5
地209-43	2303.250	109.536	87.496	65.579	12.448	272.949	0.010	0.100	99.900	2.476	12.448		chang4+5
地209-43	2303.375	110.683	87.732	67.248	14.268	262.355	0.010	0.100	99.900	2.498	14.268		chang4+5
地209-43	2303.500	111.947	87.940	69.120	15.918	252.430	0.010	0.100	99.900	2.512	15.918		chang4+5
地209-43	2303.625	107.672	88.120	62.925	17.108	244.746	0.010	0.100	99.900	2.540	17.108		chang4+5
地209-43	2303.750	99.190	88.274	51.718	16.992	239.833	0.010	0.100	99.900	2.561	16.992		chang4+5
地209-43	2303.875	93.685	88.407	45.153	15.308	237.113	0.010	0.100	99.900	2.582	15.308		chang4+5
地209-43	2304.000	95.030	88.520	46.709	13.633	235.600	0.010	0.100	99.900	2.600	13.633		chang4+5
地209-43	2304.125	103.173	88.618	56.807	13.200	234.828	0.010	0.100	99.900	2.612	13.200		chang4+5
地209-43	2304.250	105.904	88.702	60.472	14.148	234.347	0.010	0.100	99.900	2.620	14.148		chang4+5
地209-43	2304.375	104.565	88.776	58.657	16.231	233.482	0.010	0.100	99.900	2.638	16.231		chang4+5
地209-43	2304.500	103.621	88.841	57.399	18.390	231.811	0.010	0.100	99.900	2.647	18.390		chang4+5
地209-43	2304.625	106.424	88.898	61.188	19.761	229.570	0.010	0.100	99.900	2.652	19.761		chang4+5
地209-43	2304.750	105.139	88.945	59.431	20.209	227.956	0.010	0.100	99.900	2.650	20.209		chang4+5
地209-43	2304.875	104.837	88.983	59.023	20.059	228.748	0.010	0.100	99.900	2.638	20.059		chang4+5
地209-43	2305.000	104.251	89.011	58.237	18.839	232.514	0.010	0.100	99.900	2.619	18.839		chang4+5
地209-43	2305.125	103.814	89.027	57.655	16.337	238.892	0.010	0.100	99.900	2.567	16.337		chang4+5
地209-43	2305.250	106.716	89.030	61.590	13.836	246.896	0.010	0.100	99.900	2.536	13.836		chang4+5
地209-43	2305.375	110.053	89.021	66.327	12.188	255.167	0.010	0.100	99.900	2.506	12.188		chang4+5
地209-43	2305.500	115.193	88.999	74.091	11.782	262.258	0.010	0.100	99.900	2.479	11.782		chang4+5
地209-43	2305.625	122.653	88.963	86.445	12.210	266.486	0.010	0.100	99.900	2.462	12.210		chang4+5
地209-43	2305.750	129.610	88.915	99.243	12.981	265.825	0.010	0.100	99.900	2.458	12.981		chang4+5
地209-43	2305.875	134.618	88.856	99.900	13.574	259.710	0.010	0.100	99.900	2.466	13.574		chang4+5
地209-43	2306.000	133.628	88.786	99.900	13.999	251.120	0.010	0.100	99.900	2.479	13.999		chang4+5
地209-43	2306.125	127.431	88.707	95.094	14.322	243.983	0.010	0.100	99.900	2.487	14.322		chang4+5
地209-43	2306.250	119.607	88.618	81.238	14.136	242.130	0.010	0.100	99.900	2.483	14.136		chang4+5
地209-43	2306.375	114.424	88.521	72.891	13.283	246.798	0.010	0.100	99.900	2.467	13.283		chang4+5
地209-43	2306.500	117.525	88.417	77.808	12.161	255.075	0.010	0.100	99.900	2.446	12.161		chang4+5
地209-43	2306.625	129.512	88.306	99.054	11.274	263.479	0.010	0.100	99.900	2.431	11.274		chang4+5
地209-43	2306.750	141.610	88.189	99.900	10.684	268.465	0.010	0.100	99.900	2.432	10.684		chang4+5
地209-43	2306.875	149.444	88.069	99.900	10.412	267.640	0.010	0.100	99.900	2.454	10.412		chang4+5
地209-43	2307.000	150.483	87.946	99.900	10.572	261.662	0.010	0.100	99.900	2.491	10.572		chang4+5
地209-43	2307.125	144.207	87.822	99.900	11.127	252.357	0.010	0.100	99.900	2.532	11.127		chang4+5
地209-43	2307.250	135.307	87.698	99.900	12.198	242.598	0.010	0.100	99.900	2.569	12.198		chang4+5
地209-43	2307.375	123.935	87.576	88.706	14.345	235.222	0.010	0.100	99.900	2.592	14.345		chang4+5
地209-43	2307.500	116.301	87.456	75.840	17.355	230.835	0.010	0.100	99.900	2.599	17.355		chang4+5
地209-43	2307.625	110.747	87.340	67.342	19.358	228.932	0.010	0.100	99.900	2.594	19.358		chang4+5
地209-43	2307.750	105.411	87.229	59.801	18.239	229.192	0.010	0.100	99.900	2.584	18.239		chang4+5
地209-43	2307.875	101.844	87.124	55.077	16.307	232.232	0.010	0.100	99.900	2.577	16.307		chang4+5
地209-43	2308.000	103.360	87.025	57.054	14.815	238.252	0.010	0.100	99.900	2.576	14.815		chang4+5
地209-43	2308.125	108.691	86.935	64.367	13.684	246.472	0.010	0.100	99.900	2.582	13.684		chang4+5
地209-43	2308.250	116.566	86.854	76.264	12.681	254.642	0.010	0.100	99.900	2.592	12.681		chang4+5
地209-43	2308.375	128.131	86.784	96.413	11.933	259.736	0.010	0.100	99.900	2.600	11.933		chang4+5
地209-43	2308.500	136.630	86.724	99.900	11.634	260.478	0.010	0.100	99.900	2.601	11.634		chang4+5
地209-43	2308.625	136.549	86.676	99.900	11.675	256.866	0.010	0.100	99.900	2.596	11.675		chang4+5
地209-43	2308.750	127.804	86.641	95.795	11.883	249.656	0.010	0.100	99.900	2.590	11.883		chang4+5
地209-43	2308.875	115.176	86.616	74.063	12.158	240.243	0.010	0.100	99.900	2.591	12.158		chang4+5
地209-43	2309.000	103.747	86.601	57.566	12.602	230.680	0.010	0.100	99.900	2.603	12.602		chang4+5
地209-43	2309.125	94.853	86.594	46.502	13.242	223.170	0.010	0.100	99.900	2.625	13.242		chang4+5
地209-43	2309.250	86.370	86.592	37.206	13.717	220.433	0.010	0.100	99.900	2.647	13.717		chang4+5
地209-43	2309.375	77.978	86.594	29.076	13.752	224.619	0.010	0.100	99.900	2.660	13.752		chang4+5
地209-43	2309.500	76.159	86.597	27.441	13.545	234.725	0.010	0.100	99.900	2.660	13.545		chang4+5
地209-43	2309.625	88.969	86.597	39.933	13.350	248.113	0.010	0.100	99.900	2.649	13.350		chang4+5
地209-43	2309.750	119.224	86.595	80.599	13.139	260.036	0.010	0.100	99.900	2.636	13.139		chang4+5
地209-43	2309.875	158.695	86.589	99.900	12.981	265.060	0.010	0.100	99.900	2.629	12.981		chang4+5
地209-43	2310.000	180.506	86.577	99.900	13.115	261.959	0.010	0.100	99.900	2.629	13.115		chang4+5
地209-43	2310.125	165.733	86.560	99.900	13.455	252.657	0.010	0.100	99.900	2.631	13.455		chang4+5
地209-43	2310.250	132.960	86.536	99.900	13.774	241.495	0.010	0.100	99.900	2.631	13.774		chang4+5
地209-43	2310.375	111.316	86.508	68.182	14.058	233.088	0.010	0.100	99.900	2.626	14.058		chang4+5
地209-43	2310.500	112.422	86.476	69.833	14.505	228.615	0.010	0.100	99.900	2.616	14.505		chang4+5
地209-43	2310.625	120.220	86.440	82.266	15.004	227.029	0.010	0.100	99.900	2.606	15.004		chang4+5
地209-43	2310.750	119.596	86.403	81.219	15.251	226.511	0.010	0.100	99.900	2.601	15.251		chang4+5
地209-43	2310.875	112.393	86.365	69.789	15.416	225.669	0.010	0.100	99.900	2.604	15.416		chang4+5
地209-43	2311.000	109.154	86.329	65.029	15.690	224.292	0.010	0.100	99.900	2.614	15.690		chang4+5
地209-43	2311.125	109.661	86.297	65.759	15.958	222.676	0.010	0.100	99.900	2.626	15.958		chang4+5
地209-43	2311.250	108.855	86.269	64.600	16.148	221.187	0.010	0.100	99.900	2.638	16.148		chang4+5
地209-43	2311.375	104.836	86.244	59.021	16.451	220.052	0.010	0.100	99.900	2.644	16.451		chang4+5
地209-43	2311.500	102.214	86.220	55.555	16.979	219.212	0.010	0.100	99.900	2.643	16.979		chang4+5
地209-43	2311.625	98.168	86.194	50.458	17.461	218.504	0.010	0.100	99.900	2.638	17.461		chang4+5
地209-43	2311.750	92.070	86.156	43.325	17.735	217.741	0.010	0.100	99.900	2.631	17.735		chang4+5
地209-43	2311.875	88.757	86.101	39.706	17.895	216.894	0.010	0.100	99.900	2.625	17.895		chang4+5
地209-43	2312.000	86.480	86.019	37.320	18.020	216.163	0.010	0.100	99.900	2.618	18.020		chang4+5
地209-43	2312.125	83.927	85.895	34.736	18.070	215.789	0.010	0.100	99.900	2.610	18.070		chang4+5
地209-43	2312.250	82.766	85.719	33.593	18.271	215.937	0.010	0.100	99.900	2.601	18.271		chang4+5
地209-43	2312.375	82.800	85.483	33.626	19.050	216.571	0.010	0.100	99.900	2.593	19.050		chang4+5
地209-43	2312.500	82.386	85.178	33.222	20.453	217.466	0.010	0.100	99.900	2.590	20.453		chang4+5
地209-43	2312.625	81.116	84.788	32.001	21.508	218.375	0.010	0.100	99.900	2.597	21.508		chang4+5
地209-43	2312.750	76.535	84.309	27.776	21.380	218.833	0.010	0.100	99.900	2.614	21.380		chang4+5
地209-43	2312.875	75.438	83.741	26.805	21.027	218.171	0.010	0.100	99.900	2.640	21.027		chang4+5
地209-43	2313.000	76.571	83.081	27.808	22.182	216.317	0.010	0.100	99.900	2.664	22.182		chang4+5
地209-43	2313.125	78.654	82.320	29.695	23.844	213.936	0.010	0.100	99.900	2.681	23.844		chang4+5
地209-43	2313.250	77.973	81.463	29.072	23.370	212.501	0.010	0.100	99.900	2.687	23.370		chang4+5
地209-43	2313.375	76.634	79.980	27.864	20.352	213.488	0.010	0.100	99.900	2.678	20.352		chang4+5
地209-43	2313.500	78.995	78.625	30.010	17.720	216.629	0.010	0.100	99.900	2.663	17.720		chang4+5
地209-43	2313.625	85.968	77.484	36.794	16.307	220.610	0.010	0.100	99.900	2.646	16.307		chang4+5
地209-43	2313.750	95.971	76.304	47.816	15.986	223.598	0.010	0.100	99.900	2.630	15.986		chang4+5
地209-43	2313.875	103.156	75.108	56.786	16.076	224.342	0.010	0.100	99.900	2.620	16.076		chang4+5
地209-43	2314.000	105.770	73.921	60.290	16.102	223.227	0.010	0.100	99.900	2.613	16.102		chang4+5
地209-43	2314.125	104.912	72.771	59.124	16.055	220.981	0.010	0.100	99.900	2.609	16.055		chang4+5
地209-43	2314.250	101.388	71.687	54.490	16.559	218.186	0.010	0.100	99.900	2.609	16.559		chang4+5
地209-43	2314.375	94.958	70.686	46.624	17.954	215.019	0.010	0.100	99.900	2.612	17.954		chang4+5
地209-43	2314.500	85.238	69.786	36.051	19.707	211.459	0.010	0.100	99.900	2.616	19.707		chang4+5
地209-43	2314.625	72.032	69.016	23.889	20.660	207.549	0.010	0.100	99.900	2.621	20.660		chang4+5
地209-43	2314.750	61.676	68.382	15.863	20.711	203.629	0.010	0.100	99.900	2.621	20.711		chang4+5
地209-43	2314.875	53.872	67.879	10.568	20.162	200.548	0.010	0.100	99.900	2.614	20.162		chang4+5
地209-43	2315.000	45.223	67.507	5.363	18.898	199.343	0.010	0.100	99.900	2.597	18.898		chang4+5
地209-43	2315.125	40.049	67.275	2.549	17.127	201.069	0.010	0.100	99.900	2.572	17.127		chang4+5
地209-43	2315.250	38.606	67.168	1.837	15.565	206.344	0.010	9.535	80.173	2.541	15.565		chang4+5
地209-43	2315.375	39.745	67.169	2.557	14.364	214.287	2.509	10.306	78.161	2.511	14.364		chang4+5
地209-43	2315.500	39.737	67.267	3.021	13.425	222.476	3.480	11.100	75.938	2.489	13.425		chang4+5
地209-43	2315.625	40.081	67.460	3.479	12.890	228.804	4.301	11.714	74.055	2.477	12.890		chang4+5
地209-43	2315.750	43.246	67.733	4.513	12.795	231.758	3.849	12.001	72.829	2.475	12.795		chang4+5
地209-43	2315.875	48.310	68.068	5.924	12.919	231.180	2.780	11.945	72.764	2.480	12.919		chang4+5
地209-43	2316.000	52.984	68.455	7.160	12.886	228.526	1.977	11.687	74.213	2.489	12.886		chang4+5
地209-43	2316.125	57.967	68.887	8.505	12.741	225.073	1.379	11.352	76.487	2.499	12.741		chang4+5
地209-43	2316.250	62.728	69.350	9.866	12.705	221.860	1.000	11.040	78.416	2.508	12.705		chang4+5
地209-43	2316.375	64.709	69.828	10.367	12.777	219.423	0.841	10.804	79.637	2.518	12.777		chang4+5
地209-43	2316.500	66.331	70.310	10.798	12.729	217.608	0.736	10.628	80.900	2.530	12.729		chang4+5
地209-43	2316.625	70.540	70.782	12.217	12.569	216.101	0.619	10.482	82.370	2.543	12.569		chang4+5
地209-43	2316.750	75.520	71.226	14.024	12.476	214.731	0.569	10.349	83.571	2.557	12.476		chang4+5
地209-43	2316.875	75.872	71.633	14.078	12.468	213.754	0.537	10.254	84.249	2.568	12.468		chang4+5
地209-43	2317.000	74.381	71.993	13.456	12.632	213.385	0.533	10.218	83.950	2.576	12.632		chang4+5
地209-43	2317.125	72.350	72.290	12.664	13.569	213.298	0.570	10.210	81.055	2.581	13.569		chang4+5
地209-43	2317.250	71.942	72.524	12.439	15.792	212.468	0.632	10.130	75.639	2.586	15.792		chang4+5
地209-43	2317.375	74.795	72.700	13.308	18.932	209.825	0.010	9.873	70.593	2.594	18.932		chang4+5
地209-43	2317.500	76.728	72.824	13.697	20.979	205.626	0.010	9.466	69.487	2.607	20.979		chang4+5
地209-43	2317.625	71.651	72.906	11.371	23.312	200.882	0.010	9.006	68.749	2.624	23.312		chang4+5
地209-43	2317.750	63.309	72.968	17.050	31.004	196.972	0.010	0.100	99.900	2.640	31.004		chang4+5
地209-43	2317.875	56.004	73.037	11.955	48.631	195.039	0.010	0.100	99.900	2.650	48.631		chang4+5
地209-43	2318.000	52.878	73.137	9.936	50.384	195.259	0.010	0.100	99.900	2.649	50.384		chang4+5
地209-43	2318.125	52.541	73.301	9.723	35.969	197.512	0.010	0.100	99.900	2.639	35.969		chang4+5
地209-43	2318.250	54.917	73.554	5.905	27.706	201.293	0.010	9.046	62.828	2.623	27.706		chang4+5
地209-43	2318.375	58.943	73.910	7.412	22.406	205.436	0.010	9.447	67.349	2.610	22.406		chang4+5
地209-43	2318.500	65.565	74.382	9.830	18.697	208.678	0.010	9.762	71.718	2.603	18.697		chang4+5
地209-43	2318.625	72.922	74.985	12.635	16.998	210.386	0.010	9.928	74.154	2.605	16.998		chang4+5
地209-43	2318.750	77.236	75.708	14.361	16.136	210.806	0.010	9.968	75.848	2.611	16.136		chang4+5
地209-43	2318.875	74.619	76.529	13.357	15.171	211.186	0.563	10.005	77.980	2.618	15.171		chang4+5
地209-43	2319.000	68.927	77.425	11.336	14.339	212.657	0.580	10.148	79.257	2.620	14.339		chang4+5
地209-43	2319.125	64.523	78.371	10.000	14.226	215.554	0.725	10.429	77.757	2.618	14.226		chang4+5
地209-43	2319.250	63.642	79.330	10.006	14.600	219.570	0.882	10.818	74.414	2.614	14.600		chang4+5
地209-43	2319.375	64.676	80.267	10.713	14.816	223.958	1.119	11.244	71.503	2.610	14.816		chang4+5
地209-43	2319.500	68.240	81.150	20.809	15.008	228.041	0.010	0.100	99.900	2.606	15.008		chang4+5
地209-43	2319.625	74.523	81.939	26.007	15.560	231.473	0.010	0.100	99.900	2.602	15.560		chang4+5
地209-43	2319.750	86.061	82.613	36.889	16.245	234.028	0.010	0.100	99.900	2.596	16.245		chang4+5
地209-43	2319.875	95.757	83.159	47.562	16.502	235.455	0.010	0.100	99.900	2.590	16.502		chang4+5
地209-43	2320.000	99.971	83.566	52.692	16.559	235.728	0.010	0.100	99.900	2.584	16.559		chang4+5
地209-43	2320.125	99.120	83.810	51.632	17.052	235.031	0.010	0.100	99.900	2.582	17.052		chang4+5
地209-43	2320.250	98.403	83.895	50.747	17.715	234.028	0.010	0.100	99.900	2.583	17.715		chang4+5
地209-43	2320.375	97.328	83.829	49.438	17.937	233.791	0.010	0.100	99.900	2.588	17.937		chang4+5
地209-43	2320.500	100.061	83.615	52.806	17.713	234.944	0.010	0.100	99.900	2.595	17.713		chang4+5
地209-43	2320.625	100.281	83.243	53.083	17.678	237.634	0.010	0.100	99.900	2.600	17.678		chang4+5
地209-43	2320.750	98.355	82.725	50.688	17.810	241.577	0.010	0.100	99.900	2.601	17.810		chang4+5
地209-43	2320.875	98.939	82.075	51.407	17.686	245.759	0.010	0.100	99.900	2.596	17.686		chang4+5
地209-43	2321.000	101.430	81.299	54.544	17.455	248.655	0.010	0.100	99.900	2.588	17.455		chang4+5
地209-43	2321.125	104.926	80.396	59.144	17.365	248.891	0.010	0.100	99.900	2.578	17.365		chang4+5
地209-43	2321.250	107.862	79.379	63.191	17.208	245.732	0.010	0.100	99.900	2.568	17.208		chang4+5
地209-43	2321.375	107.149	78.274	62.192	16.887	240.023	0.010	0.100	99.900	2.563	16.887		chang4+5
地209-43	2321.500	103.371	77.093	57.069	16.751	233.893	0.010	0.100	99.900	2.559	16.751		chang4+5
地209-43	2321.625	101.988	75.853	55.263	16.918	228.934	0.010	0.100	99.900	2.554	16.918		chang4+5
地209-43	2321.750	102.995	74.583	56.574	16.858	226.172	0.010	0.100	99.900	2.542	16.858		chang4+5
地209-43	2321.875	102.244	73.311	55.595	16.499	225.993	0.010	0.100	99.900	2.523	16.499		chang4+5
地209-43	2322.000	99.639	72.064	52.277	16.335	227.990	0.010	0.100	99.900	2.500	16.335		chang4+5
地209-43	2322.125	100.245	70.879	53.038	16.309	231.579	0.010	0.100	99.900	2.479	16.309		chang4+5
地209-43	2322.250	104.904	69.789	30.996	16.001	235.481	2.152	12.362	63.515	2.465	16.001		chang4+5
地209-43	2322.375	99.239	68.816	27.941	15.506	237.871	2.336	12.594	63.517	2.461	15.506		chang4+5
地209-43	2322.500	83.098	67.987	19.555	15.320	238.037	2.326	12.610	63.834	2.460	15.320		chang4+5
地209-43	2322.625	66.989	67.344	12.595	15.327	236.500	2.164	12.461	64.464	2.459	15.327		chang4+5
地209-43	2322.750	58.448	66.899	9.383	14.964	234.716	1.940	12.288	66.016	2.452	14.964		chang4+5
地209-43	2322.875	58.937	66.656	9.511	14.318	234.203	1.840	12.238	67.718	2.438	14.318		chang4+5
地209-43	2323.000	59.354	66.625	9.727	13.817	235.171	1.869	12.332	68.491	2.420	13.817		chang4+5
地209-43	2323.125	57.828	66.831	9.353	13.642	237.094	2.134	12.518	68.062	2.403	13.642		chang4+5
地209-43	2323.250	58.764	67.258	9.830	13.524	239.159	2.196	12.719	67.448	2.390	13.524		chang4+5
地209-43	2323.375	62.298	67.884	11.200	13.344	240.685	2.290	12.867	67.243	2.384	13.344		chang4+5
地209-43	2323.500	65.392	68.693	12.421	13.162	241.601	2.356	12.955	67.313	2.385	13.162		chang4+5
地209-43	2323.625	64.762	69.681	12.237	13.014	242.232	2.397	13.017	67.425	2.392	13.014		chang4+5
地209-43	2323.750	60.485	70.809	10.758	12.919	243.299	2.497	13.120	67.223	2.403	12.919		chang4+5
地209-43	2323.875	57.175	72.042	9.809	12.972	245.998	2.946	13.382	65.978	2.421	12.972		chang4+5
地209-43	2324.000	58.243	73.347	10.581	13.058	251.116	3.553	13.878	63.767	2.443	13.058		chang4+5
地209-43	2324.125	61.002	74.698	12.200	12.890	258.637	4.791	14.608	61.466	2.464	12.890		chang4+5
地209-43	2324.250	65.804	76.058	14.816	12.352	267.059	6.395	15.425	59.971	2.476	12.352		chang4+5
地209-43	2324.375	78.148	77.402	29.231	11.890	273.572	0.010	0.100	99.900	2.466	11.890		chang4+5
地209-43	2324.500	95.641	78.709	47.425	11.769	276.898	0.010	0.100	99.900	2.432	11.769		chang4+5
地209-43	2324.625	110.111	79.953	66.412	11.880	277.949	0.010	0.100	99.900	2.379	11.880		chang4+5
地209-43	2324.750	117.506	81.124	77.778	11.923	279.423	0.010	0.100	99.900	2.317	11.923		chang4+5
地209-43	2324.875	121.151	82.218	83.848	11.977	284.124	0.010	0.100	99.900	2.264	11.977		chang4+5
地209-43	2325.000	122.063	83.229	85.417	12.403	292.008	0.010	0.100	99.900	2.229	12.403		chang4+5
地209-43	2325.125	121.356	84.147	84.200	13.196	301.258	0.010	0.100	99.900	2.211	13.196		chang4+5
地209-43	2325.250	123.502	84.980	87.937	14.082	309.022	0.010	0.100	99.900	2.205	14.082		chang4+5
地209-43	2325.375	128.638	85.735	97.375	14.739	312.587	0.010	0.100	99.900	2.201	14.739		chang4+5
地209-43	2325.500	132.789	86.415	99.900	15.138	311.367	0.010	0.100	99.900	2.195	15.138		chang4+5
地209-43	2325.625	133.393	87.017	99.900	15.251	305.740	0.010	0.100	99.900	2.190	15.251		chang4+5
地209-43	2325.750	126.063	87.550	92.556	14.951	297.142	0.010	0.100	99.900	2.196	14.951		chang4+5
地209-43	2325.875	116.132	88.020	75.572	14.338	288.125	0.010	0.100	99.900	2.223	14.338		chang4+5
地209-43	2326.000	112.955	88.428	70.638	13.507	280.578	0.010	0.100	99.900	2.270	13.507		chang4+5
地209-43	2326.125	116.900	88.772	76.800	12.566	274.609	0.010	0.100	99.900	2.331	12.566		chang4+5
地209-43	2326.250	120.963	89.056	83.527	11.783	268.888	0.010	0.100	99.900	2.397	11.783		chang4+5
地209-43	2326.375	121.341	89.286	84.173	11.369	261.737	0.010	0.100	99.900	2.454	11.369		chang4+5
地209-43	2326.500	117.424	89.462	77.646	11.313	253.287	0.010	0.100	99.900	2.497	11.313		chang4+5
地209-43	2326.625	112.676	89.583	70.216	11.298	245.190	0.010	0.100	99.900	2.527	11.298		chang4+5
地209-43	2326.750	109.031	89.654	64.852	11.237	239.771	0.010	0.100	99.900	2.544	11.237		chang4+5
地209-43	2326.875	108.895	89.681	64.658	11.327	238.105	0.010	0.100	99.900	2.554	11.327		chang4+5
地209-43	2327.000	112.510	89.669	69.965	11.613	238.343	0.010	0.100	99.900	2.562	11.613		chang4+5
地209-43	2327.125	114.064	89.615	72.335	11.939	238.086	0.010	0.100	99.900	2.571	11.939		chang4+5
地209-43	2327.250	109.936	89.527	66.157	12.258	235.470	0.010	0.100	99.900	2.582	12.258		chang4+5
地209-43	2327.375	102.962	89.408	56.531	12.779	230.588	0.010	0.100	99.900	2.597	12.779		chang4+5
地209-43	2327.500	95.554	89.259	47.323	13.527	225.486	0.010	0.100	99.900	2.612	13.527		chang4+5
地209-43	2327.625	86.599	89.074	37.443	14.210	221.936	0.010	0.100	99.900	2.623	14.210		chang4+5
地209-43	2327.750	79.755	88.855	30.716	14.745	220.854	0.010	0.100	99.900	2.629	14.745		chang4+5
地209-43	2327.875	79.676	88.598	30.642	15.317	221.758	0.010	0.100	99.900	2.630	15.317		chang4+5
地209-43	2328.000	84.135	88.299	34.943	15.883	223.301	0.010	0.100	99.900	2.631	15.883		chang4+5
地209-43	2328.125	84.509	87.949	35.316	16.204	224.705	0.010	0.100	99.900	2.634	16.204		chang4+5
地209-43	2328.250	83.296	87.544	34.113	16.379	225.638	0.010	0.100	99.900	2.639	16.379		chang4+5
地209-43	2328.375	85.586	87.083	36.404	16.566	225.997	0.010	0.100	99.900	2.642	16.566		chang4+5
地209-43	2328.500	88.920	86.563	39.881	16.529	225.723	0.010	0.100	99.900	2.642	16.529		chang4+5
地209-43	2328.625	91.422	85.975	42.603	16.306	224.728	0.010	0.100	99.900	2.639	16.306		chang4+5
地209-43	2328.750	93.996	85.320	45.509	16.641	223.099	0.010	0.100	99.900	2.635	16.641		chang4+5
地209-43	2328.875	95.033	84.601	46.712	17.744	221.134	0.010	0.100	99.900	2.637	17.744		chang4+5
地209-43	2329.000	91.829	83.816	43.055	18.941	219.065	0.010	0.100	99.900	2.646	18.941		chang4+5
地209-43	2329.125	90.940	82.958	42.071	19.711	216.872	0.010	0.100	99.900	2.659	19.711		chang4+5
地209-43	2329.250	92.510	82.030	43.819	21.268	214.453	0.010	0.100	99.900	2.673	21.268		chang4+5
地209-43	2329.375	88.140	81.033	39.053	23.903	211.904	0.010	0.100	99.900	2.681	23.903		chang4+5
地209-43	2329.500	78.944	79.973	29.962	24.971	209.672	0.010	0.100	99.900	2.680	24.971		chang4+5
地209-43	2329.625	73.142	78.841	24.824	24.947	208.395	0.010	0.100	99.900	2.668	24.947		chang4+5
地209-43	2329.750	70.487	77.650	22.614	26.773	208.836	0.010	0.100	99.900	2.649	26.773		chang4+5
地209-43	2329.875	74.007	76.410	13.142	27.599	211.443	1.040	10.030	57.693	2.628	27.599		chang4+5
地209-43	2330.000	78.441	75.136	15.292	22.969	215.618	1.101	10.435	61.164	2.609	22.969		chang4+5
地209-43	2330.125	82.007	73.843	17.276	17.851	220.451	1.119	10.904	66.853	2.596	17.851		chang4+5
地209-43	2330.250	83.752	72.558	18.499	15.763	224.870	1.249	11.332	68.866	2.588	15.763		chang4+5
地209-43	2330.375	89.053	71.312	21.350	14.906	228.104	1.395	11.646	69.206	2.585	14.906		chang4+5
地209-43	2330.500	96.163	70.132	25.267	13.728	230.217	1.428	11.851	71.059	2.583	13.728		chang4+5
地209-43	2330.625	103.962	69.069	29.890	11.963	231.551	1.330	11.981	75.425	2.582	11.963		chang4+5
地209-43	2330.750	104.637	68.151	30.439	10.607	232.597	1.241	12.082	79.534	2.581	10.607		chang4+5
地209-43	2330.875	95.040	67.405	25.098	9.872	233.850	1.228	12.204	81.748	2.578	9.872		chang4+5
地209-43	2331.000	83.812	66.858	19.617	9.348	235.433	1.255	12.357	83.124	2.574	9.348		chang4+5
地209-43	2331.125	79.258	66.560	17.698	8.732	237.046	1.265	12.514	85.102	2.565	8.732		chang4+5
地209-43	2331.250	82.619	66.511	19.324	8.173	237.976	1.237	12.604	87.428	2.553	8.173		chang4+5
地209-43	2331.375	89.284	66.704	22.511	7.761	237.485	1.148	12.556	90.007	2.536	7.761		chang4+5
地209-43	2331.500	88.449	67.134	21.901	7.241	235.785	0.988	12.391	94.228	2.516	7.241		chang4+5
地209-43	2331.625	75.813	67.812	15.876	6.563	233.648	0.971	12.184	99.900	2.491	6.563		chang4+5
地209-43	2331.750	62.241	68.691	10.501	6.014	232.194	1.494	12.043	99.900	2.464	6.014		chang4+5
地209-43	2331.875	55.587	69.728	8.275	5.737	232.587	2.019	12.081	99.900	2.439	5.737		chang4+5
地209-43	2332.000	52.504	70.887	7.494	5.650	235.465	2.590	12.360	99.900	2.421	5.650		chang4+5
地209-43	2332.125	49.200	72.134	6.879	5.680	241.403	3.760	12.936	99.900	2.411	5.680		chang4+5
地209-43	2332.250	50.128	73.411	8.234	5.906	250.626	0.010	0.100	99.900	2.411	5.906		chang4+5
地209-43	2332.375	61.321	74.678	15.609	6.480	262.151	0.010	0.100	99.900	2.418	6.480		chang4+5
地209-43	2332.500	80.632	75.901	31.541	7.578	273.675	0.010	0.100	99.900	2.428	7.578		chang4+5
地209-43	2332.625	99.822	77.043	52.506	9.162	283.187	0.010	0.100	99.900	2.436	9.162		chang4+5
地209-43	2332.750	111.894	78.085	69.042	11.097	289.266	0.010	0.100	99.900	2.441	11.097		chang4+5
地209-43	2332.875	118.266	79.020	79.017	12.882	291.528	0.010	0.100	99.900	2.442	12.882		chang4+5
地209-43	2333.000	122.086	79.846	85.457	13.948	290.509	0.010	0.100	99.900	2.444	13.948		chang4+5
地209-43	2333.125	125.915	80.547	92.284	14.202	286.167	0.010	0.100	99.900	2.449	14.202		chang4+5
地209-43	2333.250	125.692	81.143	91.875	13.838	278.704	0.010	0.100	99.900	2.460	13.838		chang4+5
地209-43	2333.375	118.189	81.646	78.891	13.084	269.864	0.010	0.100	99.900	2.478	13.084		chang4+5
地209-43	2333.500	111.524	82.066	68.490	12.094	262.343	0.010	0.100	99.900	2.499	12.094		chang4+5
地209-43	2333.625	106.741	82.406	61.625	11.367	257.691	0.010	0.100	99.900	2.517	11.367		chang4+5
地209-43	2333.750	103.130	82.678	56.751	11.321	255.900	0.010	0.100	99.900	2.527	11.321		chang4+5
地209-43	2333.875	101.559	82.892	54.709	11.965	255.914	0.010	0.100	99.900	2.526	11.965		chang4+5
地209-43	2334.000	103.474	83.047	57.204	12.751	257.508	0.010	0.100	99.900	2.517	12.751		chang4+5
地209-43	2334.125	104.855	83.134	59.048	13.119	261.909	0.010	0.100	99.900	2.505	13.119		chang4+5
地209-43	2334.250	107.574	83.155	62.787	13.297	270.145	0.010	0.100	99.900	2.491	13.297		chang4+5
地209-43	2334.375	125.118	83.107	90.832	13.596	280.749	0.010	0.100	99.900	2.475	13.596		chang4+5
地209-43	2334.500	141.286	82.984	99.900	13.488	290.164	0.010	0.100	99.900	2.460	13.488		chang4+5
地209-43	2334.625	147.943	82.771	99.900	12.644	295.946	0.010	0.100	99.900	2.448	12.644		chang4+5
地209-43	2334.750	150.309	82.472	99.900	11.641	297.510	0.010	0.100	99.900	2.443	11.641		chang4+5
地209-43	2334.875	154.350	82.088	99.900	11.049	296.143	0.010	0.100	99.900	2.446	11.049		chang4+5
地209-43	2335.000	156.771	81.621	99.900	10.799	293.255	0.010	0.100	99.900	2.458	10.799		chang4+5
地209-43	2335.125	153.961	81.064	99.900	10.643	288.721	0.010	0.100	99.900	2.476	10.643		chang4+5
地209-43	2335.250	147.156	80.432	99.900	10.586	281.729	0.010	0.100	99.900	2.499	10.586		chang4+5
地209-43	2335.375	140.200	79.733	99.900	10.800	272.079	0.010	0.100	99.900	2.528	10.800		chang4+5
地209-43	2335.500	134.762	78.976	99.900	11.407	261.230	0.010	0.100	99.900	2.561	11.407		chang4+5
地209-43	2335.625	128.054	78.164	96.267	12.285	250.893	0.010	0.100	99.900	2.590	12.285		chang4+5
地209-43	2335.750	118.817	77.310	79.924	13.280	242.563	0.010	0.100	99.900	2.610	13.280		chang4+5
地209-43	2335.875	113.351	76.426	71.241	13.991	236.715	0.010	0.100	99.900	2.614	13.991		chang4+5
地209-43	2336.000	109.258	75.521	65.178	14.154	232.538	0.010	0.100	99.900	2.604	14.154		chang4+5
地209-43	2336.125	101.147	74.604	54.181	13.956	229.411	0.010	0.100	99.900	2.587	13.956		chang4+5
地209-43	2336.250	92.672	73.687	44.001	13.771	227.124	0.010	0.100	99.900	2.569	13.771		chang4+5
地209-43	2336.375	88.848	72.781	39.804	13.651	225.933	0.010	0.100	99.900	2.557	13.651		chang4+5
地209-43	2336.500	87.328	71.898	20.282	13.469	225.959	1.129	11.438	73.917	2.551	13.469		chang4+5
地209-43	2336.625	85.298	71.056	19.444	13.120	227.122	1.168	11.551	74.279	2.548	13.120		chang4+5
地209-43	2336.750	86.312	70.267	20.130	12.642	229.088	1.243	11.742	74.629	2.545	12.642		chang4+5
地209-43	2336.875	88.712	69.540	21.539	12.153	231.344	1.337	11.960	74.939	2.537	12.153		chang4+5
地209-43	2337.000	89.812	68.885	22.314	11.926	233.375	1.449	12.157	74.615	2.526	11.926		chang4+5
地209-43	2337.125	86.694	68.321	20.923	12.057	234.755	1.566	12.291	73.526	2.516	12.057		chang4+5
地209-43	2337.250	76.085	67.847	16.126	12.398	235.075	1.636	12.322	72.352	2.510	12.398		chang4+5
地209-43	2337.375	66.031	67.462	12.033	12.681	234.105	1.597	12.228	72.005	2.512	12.681		chang4+5
地209-43	2337.500	60.594	67.167	9.917	12.943	232.088	1.593	12.033	72.249	2.519	12.943		chang4+5
地209-43	2337.625	57.691	66.973	8.733	13.377	229.410	1.638	11.773	72.388	2.526	13.377		chang4+5
地209-43	2337.750	54.816	66.870	7.617	13.926	226.847	1.701	11.524	72.236	2.528	13.926		chang4+5
地209-43	2337.875	52.237	66.855	6.728	14.142	225.585	1.840	11.402	72.332	2.524	14.142		chang4+5
地209-43	2338.000	51.861	66.929	6.657	13.877	226.235	1.922	11.465	72.680	2.515	13.877		chang4+5
地209-43	2338.125	55.897	67.109	8.093	13.405	228.676	1.730	11.702	72.683	2.506	13.405		chang4+5
地209-43	2338.250	59.918	67.391	9.680	12.852	232.035	1.635	12.027	72.531	2.498	12.852		chang4+5
地209-43	2338.375	61.094	67.780	10.330	12.143	235.148	1.737	12.329	73.071	2.493	12.143		chang4+5
地209-43	2338.500	59.915	68.285	10.111	11.573	237.622	1.985	12.569	73.643	2.487	11.573		chang4+5
地209-43	2338.625	58.814	68.928	9.888	11.455	239.688	2.231	12.770	73.038	2.479	11.455		chang4+5
地209-43	2338.750	56.483	69.702	9.243	11.639	241.659	2.640	12.961	71.557	2.468	11.639		chang4+5
地209-43	2338.875	56.179	70.600	9.275	11.655	243.456	2.840	13.135	70.707	2.456	11.655		chang4+5
地209-43	2339.000	58.099	71.108	10.027	11.566	244.681	2.711	13.254	70.440	2.445	11.566		chang4+5
地209-43	2339.125	60.045	71.617	10.734	11.719	244.965	2.516	13.282	69.855	2.439	11.719		chang4+5
地209-43	2339.250	60.942	72.748	10.995	12.078	244.216	2.433	13.209	69.129	2.438	12.078		chang4+5
地209-43	2339.375	60.128	73.961	10.609	12.120	243.020	2.355	13.093	69.526	2.440	12.120		chang4+5
地209-43	2339.500	57.608	75.224	9.689	11.756	242.493	2.580	13.042	70.826	2.443	11.756		chang4+5
地209-43	2339.625	55.692	76.503	9.111	11.383	243.449	2.903	13.135	71.547	2.446	11.383		chang4+5
地209-43	2339.750	55.497	77.758	9.217	11.232	245.734	3.153	13.356	71.017	2.450	11.232		chang4+5
地209-43	2339.875	58.190	78.952	10.276	11.275	247.477	2.952	13.525	70.134	2.459	11.275		chang4+5
地209-43	2340.000	66.214	80.054	19.232	11.518	246.534	0.010	0.100	99.900	2.476	11.518		chang4+5
地209-43	2340.125	78.124	81.038	29.209	11.986	241.995	0.010	0.100	99.900	2.501	11.986		chang4+5
地209-43	2340.250	88.176	81.862	39.091	12.601	234.729	0.010	0.100	99.900	2.534	12.601		chang4+5
地209-43	2340.375	95.033	82.526	46.712	13.046	227.449	0.010	0.100	99.900	2.568	13.046		chang4+5
地209-43	2340.500	96.432	83.028	48.363	13.182	222.531	0.010	0.100	99.900	2.597	13.182		chang4+5
地209-43	2340.625	92.617	83.367	43.939	13.228	220.845	0.010	0.100	99.900	2.616	13.228		chang4+5
地209-43	2340.750	92.213	83.526	43.485	13.427	222.087	0.010	0.100	99.900	2.623	13.427		chang4+5
地209-43	2340.875	95.532	83.535	47.297	13.543	225.001	0.010	0.100	99.900	2.621	13.543		chang4+5
地209-43	2341.000	97.592	83.408	49.757	13.348	228.107	0.010	0.100	99.900	2.617	13.348		chang4+5
地209-43	2341.125	99.703	83.159	52.358	13.065	230.479	0.010	0.100	99.900	2.615	13.065		chang4+5
地209-43	2341.250	103.584	82.789	57.350	13.091	231.406	0.010	0.100	99.900	2.618	13.091		chang4+5
地209-43	2341.375	106.526	82.325	61.329	13.640	230.363	0.010	0.100	99.900	2.625	13.640		chang4+5
地209-43	2341.500	104.828	81.788	59.011	15.688	227.254	0.010	0.100	99.900	2.631	15.688		chang4+5
地209-43	2341.625	100.791	81.191	53.729	21.802	221.959	0.010	0.100	99.900	2.634	21.802		chang4+5
地209-43	2341.750	97.227	80.546	49.317	34.714	214.793	0.010	0.100	99.900	2.632	34.714		chang4+5
地209-43	2341.875	88.262	79.876	39.182	41.289	207.091	0.010	0.100	99.900	2.628	41.289		chang4+5
地209-43	2342.000	76.138	79.197	27.423	37.306	200.659	0.010	0.100	99.900	2.625	37.306		chang4+5
地209-43	2342.125	64.354	78.523	17.824	38.295	196.767	0.010	0.100	99.900	2.628	38.295		chang4+5
地209-43	2342.250	57.187	77.873	12.744	48.140	195.972	0.010	0.100	99.900	2.635	48.140		chang4+5
地209-43	2342.375	54.691	77.262	11.096	42.855	197.794	0.010	0.100	99.900	2.643	42.855		chang4+5
地209-43	2342.500	54.443	76.701	10.935	23.952	200.999	0.010	0.100	99.900	2.646	23.952		chang4+5
地209-43	2342.625	56.827	76.203	6.720	16.045	204.904	0.010	9.396	79.955	2.642	16.045		chang4+5
地209-43	2342.750	61.269	75.789	8.423	13.328	209.159	0.010	9.809	84.600	2.630	13.328		chang4+5
地209-43	2342.875	68.772	75.462	11.347	12.184	213.486	0.569	10.228	85.408	2.613	12.184		chang4+5
地209-43	2343.000	76.813	75.228	14.792	11.326	217.472	0.603	10.615	85.854	2.593	11.326		chang4+5
地209-43	2343.125	78.732	75.096	15.882	10.743	220.636	0.680	10.922	86.059	2.574	10.743		chang4+5
地209-43	2343.250	73.999	75.086	14.114	10.603	222.554	0.744	11.108	85.398	2.556	10.603		chang4+5
地209-43	2343.375	71.541	75.189	13.207	10.886	223.243	0.792	11.175	83.855	2.541	10.886		chang4+5
地209-43	2343.500	70.772	75.403	12.920	11.282	223.363	0.826	11.186	82.298	2.528	11.282		chang4+5
地209-43	2343.625	68.837	75.725	12.195	11.617	223.481	0.856	11.198	81.033	2.518	11.617		chang4+5
地209-43	2343.750	69.695	76.163	12.547	11.869	223.811	0.890	11.230	79.975	2.507	11.869		chang4+5
地209-43	2343.875	71.341	76.694	13.202	12.109	224.083	0.921	11.256	79.023	2.494	12.109		chang4+5
地209-43	2344.000	71.550	77.303	13.297	12.290	224.247	0.943	11.272	78.342	2.478	12.290		chang4+5
地209-43	2344.125	70.938	77.974	13.135	12.233	225.112	0.982	11.356	78.038	2.462	12.233		chang4+5
地209-43	2344.250	71.367	78.692	13.586	11.956	228.372	1.134	11.672	77.125	2.448	11.956		chang4+5
地209-43	2344.375	72.379	79.430	14.617	11.604	235.412	1.556	12.355	74.620	2.442	11.604		chang4+5
地209-43	2344.500	75.637	80.170	16.892	11.326	245.063	2.369	13.291	71.013	2.441	11.326		chang4+5
地209-43	2344.625	85.169	80.895	35.981	11.244	254.932	0.010	0.100	99.900	2.446	11.244		chang4+5
地209-43	2344.750	96.645	81.585	48.617	11.474	262.276	0.010	0.100	99.900	2.452	11.474		chang4+5
地209-43	2344.875	103.861	82.232	57.717	12.095	265.934	0.010	0.100	99.900	2.457	12.095		chang4+5
地209-43	2345.000	110.096	82.832	66.390	12.971	267.388	0.010	0.100	99.900	2.461	12.971		chang4+5
地209-43	2345.125	116.340	83.382	75.903	14.007	267.884	0.010	0.100	99.900	2.465	14.007		chang4+5
地209-43	2345.250	121.686	83.879	84.767	15.243	267.299	0.010	0.100	99.900	2.469	15.243		chang4+5
地209-43	2345.375	123.745	84.334	88.369	17.118	264.064	0.010	0.100	99.900	2.478	17.118		chang4+5
地209-43	2345.500	120.315	84.753	82.427	20.496	257.559	0.010	0.100	99.900	2.491	20.496		chang4+5
地209-43	2345.625	110.739	85.145	67.331	25.253	248.591	0.010	0.100	99.900	2.507	25.253		chang4+5
地209-43	2345.750	101.099	85.512	54.120	26.108	239.326	0.010	0.100	99.900	2.525	26.108		chang4+5
地209-43	2345.875	95.303	85.862	47.028	21.967	232.179	0.010	0.100	99.900	2.545	21.967		chang4+5
地209-43	2346.000	91.169	86.197	42.323	18.877	227.773	0.010	0.100	99.900	2.564	18.877		chang4+5
地209-43	2346.125	88.743	86.519	39.692	17.915	225.888	0.010	0.100	99.900	2.581	17.915		chang4+5
地209-43	2346.250	88.169	86.823	39.083	17.406	226.471	0.010	0.100	99.900	2.593	17.406		chang4+5
地209-43	2346.375	89.160	87.108	40.138	16.142	229.872	0.010	0.100	99.900	2.597	16.142		chang4+5
地209-43	2346.500	93.161	87.371	44.555	15.012	235.478	0.010	0.100	99.900	2.590	15.012		chang4+5
地209-43	2346.625	100.734	87.610	53.656	14.510	241.847	0.010	0.100	99.900	2.569	14.510		chang4+5
地209-43	2346.750	106.318	87.816	61.041	14.354	246.984	0.010	0.100	99.900	2.535	14.354		chang4+5
地209-43	2346.875	108.930	87.990	64.708	14.188	249.964	0.010	0.100	99.900	2.488	14.188		chang4+5
地209-43	2347.000	111.967	88.131	69.150	14.098	252.036	0.010	0.100	99.900	2.439	14.098		chang4+5
地209-43	2347.125	111.749	88.239	68.826	14.187	254.447	0.010	0.100	99.900	2.397	14.187		chang4+5
地209-43	2347.250	107.311	88.310	62.419	14.366	257.128	0.010	0.100	99.900	2.370	14.366		chang4+5
地209-43	2347.375	109.855	88.348	66.040	14.666	258.426	0.010	0.100	99.900	2.363	14.666		chang4+5
地209-43	2347.500	113.070	88.357	70.814	15.086	257.626	0.010	0.100	99.900	2.372	15.086		chang4+5
地209-43	2347.625	114.217	88.340	72.571	15.134	255.834	0.010	0.100	99.900	2.389	15.134		chang4+5
地209-43	2347.750	108.931	88.298	64.709	14.421	255.190	0.010	0.100	99.900	2.407	14.421		chang4+5
地209-43	2347.875	107.031	88.240	62.029	13.261	256.659	0.010	0.100	99.900	2.419	13.261		chang4+5
地209-43	2348.000	113.129	88.169	70.903	12.151	258.694	0.010	0.100	99.900	2.424	12.151		chang4+5
地209-43	2348.125	124.849	88.092	90.345	11.040	259.666	0.010	0.100	99.900	2.422	11.040		chang4+5
地209-43	2348.250	135.089	88.014	99.900	9.817	259.247	0.010	0.100	99.900	2.417	9.817		chang4+5
地209-43	2348.375	138.277	87.940	99.900	8.656	258.914	0.010	0.100	99.900	2.413	8.656		chang4+5
地209-43	2348.500	135.610	87.875	99.900	7.733	260.017	0.010	0.100	99.900	2.414	7.733		chang4+5
地209-43	2348.625	133.876	87.820	99.900	7.172	262.480	0.010	0.100	99.900	2.422	7.172		chang4+5
地209-43	2348.750	133.013	87.780	99.900	6.930	264.986	0.010	0.100	99.900	2.437	6.930		chang4+5
地209-43	2348.875	127.978	87.751	96.122	6.967	265.808	0.010	0.100	99.900	2.460	6.967		chang4+5
地209-43	2349.000	121.821	87.730	84.999	7.230	264.398	0.010	0.100	99.900	2.487	7.230		chang4+5
地209-43	2349.125	114.256	87.714	72.632	7.629	260.943	0.010	0.100	99.900	2.515	7.629		chang4+5
地209-43	2349.250	109.524	87.695	65.562	8.177	256.098	0.010	0.100	99.900	2.541	8.177		chang4+5
地209-43	2349.375	111.715	87.665	68.774	9.001	250.928	0.010	0.100	99.900	2.563	9.001		chang4+5
地209-43	2349.500	111.531	87.615	68.501	10.127	246.421	0.010	0.100	99.900	2.582	10.127		chang4+5
地209-43	2349.625	108.385	87.535	63.931	11.358	243.062	0.010	0.100	99.900	2.600	11.358		chang4+5
地209-43	2349.750	105.559	87.410	60.002	12.091	240.808	0.010	0.100	99.900	2.616	12.091		chang4+5
地209-43	2349.875	103.452	87.236	57.176	12.165	239.019	0.010	0.100	99.900	2.630	12.165		chang4+5
地209-43	2350.000	103.540	87.006	57.292	11.962	237.093	0.010	0.100	99.900	2.641	11.962		chang4+5
地209-43	2350.125	106.006	86.718	60.612	11.952	235.086	0.010	0.100	99.900	2.648	11.952		chang4+5
地209-43	2350.250	107.670	86.359	62.921	12.198	233.495	0.010	0.100	99.900	2.650	12.198		chang4+5
地209-43	2350.375	106.980	85.937	61.957	12.666	232.470	0.010	0.100	99.900	2.643	12.666		chang4+5
地209-43	2350.500	107.393	85.456	62.534	13.451	231.161	0.010	0.100	99.900	2.630	13.451		chang4+5
地209-43	2350.625	109.565	84.921	65.621	14.578	228.554	0.010	0.100	99.900	2.613	14.578		chang4+5
地209-43	2350.750	113.537	84.331	71.525	15.933	224.245	0.010	0.100	99.900	2.599	15.933		chang4+5
地209-43	2350.875	112.773	83.698	70.363	17.283	219.221	0.010	0.100	99.900	2.593	17.283		chang4+5
地209-43	2351.000	103.723	83.029	57.534	18.482	215.174	0.010	0.100	99.900	2.596	18.482		chang4+5
地209-43	2351.125	91.192	82.327	42.349	19.317	213.149	0.010	0.100	99.900	2.607	19.317		chang4+5
地209-43	2351.250	86.673	81.592	37.519	19.313	213.397	0.010	0.100	99.900	2.635	19.313		chang4+5
地209-43	2351.375	89.529	80.827	40.534	18.623	215.449	0.010	0.100	99.900	2.644	18.623		chang4+5
地209-43	2351.500	96.591	80.037	48.553	17.656	218.497	0.010	0.100	99.900	2.650	17.656		chang4+5
地209-43	2351.625	99.628	79.220	52.264	16.678	221.951	0.010	0.100	99.900	2.651	16.678		chang4+5
地209-43	2351.750	102.456	78.370	55.870	15.769	224.897	0.010	0.100	99.900	2.650	15.769		chang4+5
地209-43	2351.875	107.390	77.491	62.529	15.120	226.137	0.010	0.100	99.900	2.647	15.120		chang4+5
地209-43	2352.000	110.589	76.585	67.111	15.022	225.390	0.010	0.100	99.900	2.642	15.022		chang4+5
地209-43	2352.125	107.322	75.654	62.434	15.350	223.254	0.010	0.100	99.900	2.637	15.350		chang4+5
地209-43	2352.250	102.249	74.699	55.600	15.859	221.158	0.010	0.100	99.900	2.631	15.859		chang4+5
地209-43	2352.375	98.764	73.735	51.191	16.466	220.545	0.010	0.100	99.900	2.626	16.466		chang4+5
地209-43	2352.500	98.654	72.768	51.056	17.459	221.177	0.010	0.100	99.900	2.619	17.459		chang4+5
地209-43	2352.625	100.172	71.808	52.945	19.123	221.623	0.010	0.100	99.900	2.612	19.123		chang4+5
地209-43	2352.750	99.583	70.867	52.208	21.473	219.905	0.010	0.100	99.900	2.600	21.473		chang4+5
地209-43	2352.875	87.034	69.955	37.893	23.710	214.934	0.010	0.100	99.900	2.583	23.710		chang4+5
地209-43	2353.000	70.924	69.080	22.972	24.785	208.174	0.010	0.100	99.900	2.561	24.785		chang4+5
地209-43	2353.125	56.509	68.244	12.290	23.661	202.178	0.010	0.100	99.900	2.533	23.661		chang4+5
地209-43	2353.250	45.987	67.461	5.796	21.052	200.062	0.010	0.100	99.900	2.500	21.052		chang4+5
地209-43	2353.375	41.465	66.722	3.298	17.966	203.837	0.010	0.100	99.900	2.468	17.966		chang4+5
地209-43	2353.500	42.183	66.024	3.061	16.596	212.209	1.938	10.104	73.937	2.442	16.596		chang4+5
地209-43	2353.625	46.675	65.363	4.928	14.616	223.045	2.260	11.156	72.472	2.428	14.616		chang4+5
地209-43	2353.750	53.418	64.735	7.659	13.091	233.702	2.328	12.189	71.061	2.431	13.091		chang4+5
地209-43	2353.875	61.060	64.131	10.818	12.158	241.474	2.163	12.943	70.095	2.447	12.158		chang4+5
地209-43	2354.000	70.594	63.543	14.757	11.660	244.947	2.426	13.280	70.040	2.471	11.660		chang4+5
地209-43	2354.125	80.947	62.967	19.117	11.605	243.467	2.260	13.136	70.851	2.496	11.605		chang4+5
地209-43	2354.250	82.879	62.405	19.403	11.962	237.561	1.776	12.564	72.463	2.514	11.962		chang4+5
地209-43	2354.375	71.460	61.855	13.751	12.484	229.831	1.274	11.814	74.713	2.523	12.484		chang4+5
地209-43	2354.500	58.711	61.319	8.649	12.999	223.696	1.267	11.219	76.483	2.523	12.999		chang4+5
地209-43	2354.625	56.019	60.799	7.590	13.290	221.066	1.291	10.963	77.125	2.518	13.290		chang4+5
地209-43	2354.750	63.207	60.303	10.046	13.150	222.035	0.988	11.058	76.978	2.510	13.150		chang4+5
地209-43	2354.875	68.847	59.831	12.308	12.564	224.777	0.991	11.323	77.189	2.500	12.564		chang4+5
地209-43	2355.000	72.030	59.383	13.751	11.834	227.285	1.062	11.567	78.119	2.488	11.834		chang4+5
地209-43	2355.125	70.810	59.292	13.425	11.201	229.036	1.099	11.737	79.314	2.471	11.201		chang4+5
地209-43	2355.250	69.685	58.880	13.119	10.614	230.549	1.123	11.883	80.627	2.452	10.614		chang4+5
地209-43	2355.375	70.055	58.484	13.442	10.043	232.610	1.176	12.083	81.728	2.437	10.043		chang4+5
地209-43	2355.500	69.716	58.100	13.531	9.650	235.148	1.278	12.329	81.971	2.433	9.650		chang4+5
地209-43	2355.625	67.868	57.721	13.016	9.555	237.496	1.450	12.557	81.114	2.441	9.555		chang4+5
地209-43	2355.750	64.506	57.336	11.856	9.763	238.809	1.718	12.685	79.564	2.462	9.763		chang4+5
地209-43	2355.875	64.193	56.937	11.723	10.169	238.599	1.727	12.664	78.063	2.487	10.169		chang4+5
地209-43	2356.000	70.406	56.517	13.989	10.833	237.250	1.585	12.533	76.302	2.508	10.833		chang4+5
地209-43	2356.125	80.909	56.072	18.269	11.923	235.341	1.593	12.348	73.649	2.517	11.923		chang4+5
地209-43	2356.250	89.074	55.598	21.961	13.312	233.532	1.630	12.173	70.548	2.514	13.312		chang4+5
地209-43	2356.375	89.465	55.102	22.030	14.754	232.391	1.709	12.062	67.529	2.503	14.754		chang4+5
地209-43	2356.500	82.638	54.594	18.719	16.022	232.021	1.823	12.026	64.967	2.490	16.022		chang4+5
地209-43	2356.625	71.516	54.084	13.980	16.961	232.178	1.944	12.041	63.075	2.480	16.961		chang4+5
地209-43	2356.750	62.753	53.591	10.689	17.261	232.260	1.987	12.049	62.490	2.472	17.261		chang4+5
地209-43	2356.875	56.666	53.131	8.559	16.547	231.637	1.858	11.989	64.094	2.465	16.547		chang4+5
地209-43	2357.000	54.123	52.722	7.653	15.102	230.464	2.006	11.875	67.634	2.453	15.102		chang4+5
地209-43	2357.125	52.995	52.379	7.229	13.301	229.466	2.044	11.778	72.566	2.439	13.301		chang4+5
地209-43	2357.250	50.767	52.130	6.554	11.645	229.605	2.301	11.792	77.481	2.424	11.645		chang4+5
地209-43	2357.375	47.089	51.974	5.579	10.407	231.366	3.000	11.963	80.972	2.413	10.407		chang4+5
地209-43	2357.500	47.029	51.919	5.737	9.579	234.067	3.311	12.225	82.869	2.409	9.579		chang4+5
地209-43	2357.625	51.682	51.969	7.326	9.009	236.746	2.821	12.484	83.946	2.412	9.009		chang4+5
地209-43	2357.750	56.145	52.142	8.887	8.554	238.420	2.407	12.647	85.213	2.418	8.554		chang4+5
地209-43	2357.875	56.759	52.419	9.096	8.255	238.471	2.345	12.652	86.718	2.424	8.255		chang4+5
地209-43	2358.000	55.332	52.798	8.527	8.203	237.172	2.396	12.526	87.726	2.427	8.203		chang4+5
地209-43	2358.125	54.758	53.274	8.192	8.340	235.154	2.296	12.330	88.169	2.425	8.340		chang4+5
地209-43	2358.250	55.881	53.859	8.431	8.589	233.408	2.050	12.161	87.899	2.423	8.589		chang4+5
地209-43	2358.375	57.072	54.534	8.784	8.910	232.872	1.906	12.109	86.619	2.425	8.910		chang4+5
地209-43	2358.500	56.720	55.296	8.709	9.284	233.436	1.975	12.163	84.532	2.433	9.284		chang4+5
地209-43	2358.625	55.386	56.144	8.332	9.704	234.270	2.162	12.244	82.220	2.449	9.704		chang4+5
地209-43	2358.750	51.724	57.085	7.155	10.235	234.097	2.569	12.227	80.152	2.469	10.235		chang4+5
地209-43	2358.875	47.372	58.103	5.705	11.050	232.031	3.022	12.027	78.223	2.489	11.050		chang4+5
地209-43	2359.000	45.859	59.194	5.056	12.265	228.727	2.932	11.707	75.960	2.506	12.265		chang4+5
地209-43	2359.125	46.423	60.352	5.010	13.666	225.472	2.514	11.391	73.640	2.517	13.666		chang4+5
地209-43	2359.250	47.295	61.575	5.151	14.821	223.790	2.243	11.228	71.579	2.525	14.821		chang4+5
地209-43	2359.375	48.302	62.842	5.496	15.885	224.655	2.189	11.312	68.708	2.534	15.885		chang4+5
地209-43	2359.500	50.230	64.143	6.249	17.487	227.473	2.190	11.585	64.177	2.546	17.487		chang4+5
地209-43	2359.625	54.135	65.456	7.702	19.256	231.098	2.093	11.937	59.634	2.563	19.256		chang4+5
地209-43	2359.750	57.844	66.767	9.130	20.058	234.065	2.521	12.224	57.268	2.585	20.058		chang4+5
地209-43	2359.875	61.567	68.057	10.506	19.431	235.267	2.587	12.341	57.719	2.607	19.431		chang4+5
地209-43	2360.000	67.174	69.310	19.973	18.469	234.898	0.010	0.100	99.900	2.626	18.469		chang4+5
地209-43	2360.125	75.134	70.512	26.539	17.529	233.604	0.010	0.100	99.900	2.638	17.529		chang4+5
地209-43	2360.250	78.078	71.637	29.167	16.698	232.059	0.010	0.100	99.900	2.641	16.698		chang4+5
地209-43	2360.375	77.952	72.686	29.053	16.131	230.595	0.010	0.100	99.900	2.638	16.131		chang4+5
地209-43	2360.500	80.119	73.651	31.057	15.697	229.337	0.010	0.100	99.900	2.632	15.697		chang4+5
地209-43	2360.625	81.567	74.526	32.432	14.993	228.737	0.010	0.100	99.900	2.626	14.993		chang4+5
地209-43	2360.750	79.704	75.292	30.668	14.284	229.799	0.010	0.100	99.900	2.623	14.284		chang4+5
地209-43	2360.875	76.900	75.967	28.102	14.074	233.717	0.010	0.100	99.900	2.619	14.074		chang4+5
地209-43	2361.000	80.337	76.550	31.262	14.415	240.558	0.010	0.100	99.900	2.613	14.415		chang4+5
地209-43	2361.125	91.243	77.045	42.406	14.699	249.625	0.010	0.100	99.900	2.601	14.699		chang4+5
地209-43	2361.250	100.890	77.443	53.854	14.808	258.943	0.010	0.100	99.900	2.581	14.808		chang4+5
地209-43	2361.375	105.960	77.765	60.550	15.111	265.251	0.010	0.100	99.900	2.557	15.111		chang4+5
地209-43	2361.500	107.927	78.017	63.283	15.533	266.724	0.010	0.100	99.900	2.532	15.533		chang4+5
地209-43	2361.625	104.864	78.209	59.059	15.658	263.585	0.010	0.100	99.900	2.509	15.658		chang4+5
地209-43	2361.750	99.334	78.343	51.897	15.433	258.212	0.010	0.100	99.900	2.491	15.433		chang4+5
地209-43	2361.875	94.364	78.438	45.935	15.288	254.063	0.010	0.100	99.900	2.481	15.288		chang4+5
地209-43	2362.000	96.169	78.506	48.049	15.122	252.448	0.010	0.100	99.900	2.479	15.122		chang4+5
地209-43	2362.125	102.065	78.559	55.362	14.562	252.515	0.010	0.100	99.900	2.486	14.562		chang4+5
地209-43	2362.250	104.564	78.608	58.656	14.078	252.397	0.010	0.100	99.900	2.501	14.078		chang4+5
地209-43	2362.375	97.910	78.665	50.144	14.282	250.506	0.010	0.100	99.900	2.520	14.282		chang4+5
地209-43	2362.500	87.782	78.738	38.675	15.314	246.623	0.010	0.100	99.900	2.541	15.314		chang4+5
地209-43	2362.625	81.709	78.832	32.569	16.503	240.883	0.010	0.100	99.900	2.562	16.503		chang4+5
地209-43	2362.750	84.272	78.955	35.080	17.636	233.749	0.010	0.100	99.900	2.581	17.636		chang4+5
地209-43	2362.875	84.227	79.105	35.035	18.825	226.760	0.010	0.100	99.900	2.597	18.825		chang4+5
地209-43	2363.000	80.312	79.279	31.239	19.210	222.094	0.010	0.100	99.900	2.607	19.210		chang4+5
地209-43	2363.125	78.626	79.473	29.669	17.936	221.431	0.010	0.100	99.900	2.608	17.936		chang4+5
地209-43	2363.250	79.981	79.679	30.927	15.623	225.469	0.010	0.100	99.900	2.599	15.623		chang4+5
地209-43	2363.375	87.393	79.887	38.267	13.410	233.328	0.010	0.100	99.900	2.584	13.410		chang4+5
地209-43	2363.500	99.909	80.087	52.615	11.551	242.591	0.010	0.100	99.900	2.567	11.551		chang4+5
地209-43	2363.625	109.772	80.267	65.920	10.268	250.842	0.010	0.100	99.900	2.554	10.268		chang4+5
地209-43	2363.750	112.171	80.411	69.456	9.576	255.270	0.010	0.100	99.900	2.548	9.576		chang4+5
地209-43	2363.875	113.025	80.509	70.745	9.359	253.886	0.010	0.100	99.900	2.546	9.359		chang4+5
地209-43	2364.000	110.345	80.551	66.753	9.403	248.080	0.010	0.100	99.900	2.545	9.403		chang4+5
地209-43	2364.125	102.228	80.527	55.574	9.537	240.618	0.010	0.100	99.900	2.544	9.537		chang4+5
地209-43	2364.250	92.614	80.415	43.936	9.727	235.003	0.010	0.100	99.900	2.547	9.727		chang4+5
地209-43	2364.375	90.185	80.220	41.244	9.859	233.655	0.010	0.100	99.900	2.558	9.859		chang4+5
地209-43	2364.500	94.093	79.939	45.622	9.806	235.992	0.010	0.100	99.900	2.582	9.806		chang4+5
地209-43	2364.625	99.630	79.571	52.266	9.610	240.809	0.010	0.100	99.900	2.618	9.610		chang4+5
地209-43	2364.750	101.374	79.105	54.472	9.415	246.992	0.010	0.100	99.900	2.660	9.415		chang4+5
地209-43	2364.875	100.622	78.565	53.514	9.281	253.535	0.010	0.100	99.900	2.696	9.281		chang4+5
地209-43	2365.000	102.070	77.959	55.368	9.276	259.228	0.010	0.100	99.900	2.719	9.276		chang4+5
地209-43	2365.125	105.801	77.306	60.331	9.705	262.572	0.010	0.100	99.900	2.722	9.705		chang4+5
地209-43	2365.250	109.404	76.621	65.388	10.798	261.646	0.010	0.100	99.900	2.705	10.798		chang4+5
地209-43	2365.375	110.477	75.930	66.946	12.593	255.031	0.010	0.100	99.900	2.674	12.593		chang4+5
地209-43	2365.500	108.840	75.256	34.714	14.991	243.936	2.982	13.182	62.158	2.637	14.991		chang4+5
地209-43	2365.625	101.385	74.619	28.251	18.232	230.663	1.940	11.894	61.471	2.601	18.232		chang4+5
地209-43	2365.750	87.746	74.054	19.709	23.303	218.676	1.325	10.732	59.303	2.569	23.303		chang4+5
地209-43	2365.875	73.302	73.573	12.875	29.629	211.503	1.120	10.036	55.654	2.543	29.629		chang4+5
地209-43	2366.000	64.494	73.194	9.555	30.994	209.890	0.010	9.879	55.142	2.520	30.994		chang4+5
地209-43	2366.125	62.591	72.933	9.148	27.420	213.037	1.134	10.185	57.139	2.501	27.420		chang4+5
地209-43	2366.250	66.016	72.822	10.797	24.630	218.999	1.426	10.763	57.542	2.487	24.630		chang4+5
地209-43	2366.375	70.826	72.852	13.101	22.307	225.218	1.800	11.366	57.745	2.478	22.307		chang4+5
地209-43	2366.500	68.201	73.025	12.494	19.649	229.884	2.011	11.819	59.532	2.472	19.649		chang4+5
地209-43	2366.625	63.666	73.346	11.012	18.198	232.225	2.091	12.046	60.874	2.468	18.198		chang4+5
地209-43	2366.750	64.273	73.828	11.227	18.303	232.160	2.096	12.040	60.726	2.467	18.303		chang4+5
地209-43	2366.875	66.948	74.439	12.076	18.767	230.522	1.983	11.881	60.647	2.466	18.767		chang4+5
地209-43	2367.000	68.913	75.160	12.677	17.868	228.845	1.736	11.718	62.882	2.467	17.868		chang4+5
地209-43	2367.125	74.836	75.972	14.993	16.183	228.528	1.547	11.687	66.220	2.468	16.183		chang4+5
地209-43	2367.250	86.645	76.856	37.490	14.546	231.059	0.010	0.100	99.900	2.471	14.546		chang4+5
地209-43	2367.375	102.203	77.769	55.541	13.066	237.477	0.010	0.100	99.900	2.477	13.066		chang4+5
地209-43	2367.500	116.188	78.684	75.661	11.805	246.844	0.010	0.100	99.900	2.488	11.805		chang4+5
地209-43	2367.625	124.568	79.571	89.839	11.072	257.242	0.010	0.100	99.900	2.505	11.072		chang4+5
地209-43	2367.750	128.091	80.395	96.337	10.982	265.719	0.010	0.100	99.900	2.527	10.982		chang4+5
地209-43	2367.875	130.146	81.142	99.900	11.085	269.234	0.010	0.100	99.900	2.550	11.085		chang4+5
地209-43	2368.000	125.746	81.800	91.975	11.164	267.343	0.010	0.100	99.900	2.571	11.164		chang4+5
地209-43	2368.125	120.500	82.362	82.739	11.402	261.233	0.010	0.100	99.900	2.586	11.402		chang4+5
地209-43	2368.250	118.144	82.813	78.817	11.762	253.739	0.010	0.100	99.900	2.595	11.762		chang4+5
地209-43	2368.375	116.096	83.175	75.515	11.793	248.496	0.010	0.100	99.900	2.600	11.793		chang4+5
地209-43	2368.500	108.192	83.458	63.658	11.232	247.026	0.010	0.100	99.900	2.605	11.232		chang4+5
地209-43	2368.625	99.022	83.675	51.510	10.712	248.816	0.010	0.100	99.900	2.611	10.712		chang4+5
地209-43	2368.750	97.525	83.835	49.677	10.578	251.811	0.010	0.100	99.900	2.620	10.578		chang4+5
地209-43	2368.875	95.789	83.961	47.600	10.722	253.152	0.010	0.100	99.900	2.628	10.722		chang4+5
地209-43	2369.000	92.967	84.066	44.335	10.949	251.263	0.010	0.100	99.900	2.629	10.949		chang4+5
地209-43	2369.125	92.336	84.163	43.622	11.446	245.770	0.010	0.100	99.900	2.619	11.446		chang4+5
地209-43	2369.250	92.260	84.261	43.537	12.562	237.415	0.010	0.100	99.900	2.595	12.562		chang4+5
地209-43	2369.375	89.508	84.369	40.511	14.115	228.930	0.010	0.100	99.900	2.562	14.115		chang4+5
地209-43	2369.500	87.384	84.491	38.258	15.476	224.230	0.010	0.100	99.900	2.529	15.476		chang4+5
地209-43	2369.625	83.522	84.629	34.335	15.489	226.339	0.010	0.100	99.900	2.505	15.489		chang4+5
地209-43	2369.750	79.819	84.789	30.776	14.331	235.764	0.010	0.100	99.900	2.498	14.331		chang4+5
地209-43	2369.875	82.307	84.965	33.146	12.896	248.401	0.010	0.100	99.900	2.506	12.896		chang4+5
地209-43	2370.000	92.260	85.156	43.538	11.832	258.085	0.010	0.100	99.900	2.523	11.832		chang4+5
地209-43	2370.125	104.286	85.359	58.283	11.015	261.165	0.010	0.100	99.900	2.540	11.015		chang4+5
地209-43	2370.250	110.134	85.573	66.446	10.277	257.143	0.010	0.100	99.900	2.544	10.277		chang4+5
地209-43	2370.375	110.334	85.791	66.737	9.658	249.285	0.010	0.100	99.900	2.527	9.658		chang4+5
地209-43	2370.500	105.770	86.010	60.289	9.320	242.344	0.010	0.100	99.900	2.489	9.320		chang4+5
地209-43	2370.625	101.222	86.227	54.278	9.319	239.692	0.010	0.100	99.900	2.434	9.319		chang4+5
地209-43	2370.750	98.516	86.437	50.886	9.510	244.025	0.010	0.100	99.900	2.372	9.510		chang4+5
地209-43	2370.875	96.540	86.639	48.492	9.595	256.046	0.010	0.100	99.900	2.320	9.595		chang4+5
地209-43	2371.000	98.147	86.831	50.433	9.538	271.816	0.010	0.100	99.900	2.289	9.538		chang4+5
地209-43	2371.125	104.978	87.010	59.214	9.596	285.521	0.010	0.100	99.900	2.286	9.596		chang4+5
地209-43	2371.250	111.905	87.174	69.058	9.987	290.259	0.010	0.100	99.900	2.316	9.987		chang4+5
地209-43	2371.375	113.280	87.323	71.133	10.739	282.179	0.010	0.100	99.900	2.367	10.739		chang4+5
地209-43	2371.500	116.165	87.457	75.625	11.742	265.507	0.010	0.100	99.900	2.427	11.742		chang4+5
地209-43	2371.625	114.839	87.576	73.536	12.777	246.512	0.010	0.100	99.900	2.484	12.777		chang4+5
地209-43	2371.750	107.838	87.677	63.158	13.785	231.637	0.010	0.100	99.900	2.493	13.785		chang4+5
地209-43	2371.875	102.995	87.764	56.574	14.881	224.279	0.010	0.100	99.900	2.534	14.881		chang4+5
地209-43	2372.000	102.740	87.838	56.239	16.047	222.510	0.010	0.100	99.900	2.560	16.047		chang4+5
地209-43	2372.125	105.777	87.902	60.299	16.861	223.663	0.010	0.100	99.900	2.576	16.861		chang4+5
地209-43	2372.250	113.552	87.955	71.548	16.566	225.436	0.010	0.100	99.900	2.587	16.566		chang4+5
地209-43	2372.375	123.974	88.002	88.776	15.559	226.544	0.010	0.100	99.900	2.596	15.559		chang4+5
地209-43	2372.500	129.067	88.044	98.196	14.557	226.810	0.010	0.100	99.900	2.604	14.557		chang4+5
地209-43	2372.625	126.445	88.083	93.259	13.947	226.443	0.010	0.100	99.900	2.608	13.947		chang4+5
地209-43	2372.750	121.886	88.121	85.112	13.614	225.984	0.010	0.100	99.900	2.605	13.614		chang4+5
地209-43	2372.875	117.653	88.157	78.017	13.517	226.329	0.010	0.100	99.900	2.597	13.517		chang4+5
地209-43	2373.000	115.773	88.191	75.003	13.638	227.933	0.010	0.100	99.900	2.587	13.638		chang4+5
地209-43	2373.125	118.033	88.222	78.635	13.795	230.529	0.010	0.100	99.900	2.579	13.795		chang4+5
地209-43	2373.250	119.112	88.246	80.412	13.926	233.009	0.010	0.100	99.900	2.576	13.926		chang4+5
地209-43	2373.375	120.905	88.262	83.428	14.161	233.994	0.010	0.100	99.900	2.577	14.161		chang4+5
地209-43	2373.500	122.664	88.269	86.464	14.432	233.431	0.010	0.100	99.900	2.582	14.432		chang4+5
地209-43	2373.625	117.498	88.263	77.765	14.406	232.286	0.010	0.100	99.900	2.588	14.406		chang4+5
地209-43	2373.750	107.213	88.242	62.282	13.871	231.972	0.010	0.100	99.900	2.594	13.871		chang4+5
地209-43	2373.875	106.795	88.207	61.700	13.253	233.328	0.010	0.100	99.900	2.599	13.253		chang4+5
地209-43	2374.000	112.477	88.160	69.917	12.813	235.956	0.010	0.100	99.900	2.603	12.813		chang4+5
地209-43	2374.125	114.913	88.101	73.653	12.449	239.477	0.010	0.100	99.900	2.606	12.449		chang4+5
地209-43	2374.250	112.947	88.031	70.627	11.924	243.886	0.010	0.100	99.900	2.611	11.924		chang4+5
地209-43	2374.375	112.912	87.956	70.574	11.292	249.090	0.010	0.100	99.900	2.616	11.292		chang4+5
地209-43	2374.500	114.059	87.877	72.327	10.840	253.974	0.010	0.100	99.900	2.621	10.840		chang4+5
地209-43	2374.625	111.800	87.798	68.901	10.664	256.890	0.010	0.100	99.900	2.624	10.664		chang4+5
地209-43	2374.750	108.444	87.704	64.016	10.665	256.410	0.010	0.100	99.900	2.621	10.665		chang4+5
地209-43	2374.875	103.581	87.589	57.347	10.680	252.824	0.010	0.100	99.900	2.613	10.680		chang4+5
地209-43	2375.000	100.334	87.522	53.150	10.670	248.485	0.010	0.100	99.900	2.600	10.670		chang4+5
地209-43	2375.125	99.496	87.458	52.098	10.667	245.305	0.010	0.100	99.900	2.584	10.667		chang4+5
地209-43	2375.250	97.945	87.398	50.187	10.696	244.117	0.010	0.100	99.900	2.567	10.696		chang4+5
地209-43	2375.375	94.665	87.340	46.283	10.778	244.223	0.010	0.100	99.900	2.550	10.778		chang4+5
地209-43	2375.500	94.268	87.282	45.823	10.891	244.329	0.010	0.100	99.900	2.535	10.891		chang4+5
地209-43	2375.625	97.181	87.225	49.261	10.871	244.016	0.010	0.100	99.900	2.523	10.871		chang4+5
地209-43	2375.750	100.091	87.166	52.844	10.671	243.767	0.010	0.100	99.900	2.517	10.671		chang4+5
地209-43	2375.875	102.376	87.108	55.766	10.440	244.636	0.010	0.100	99.900	2.516	10.440		chang4+5
地209-43	2376.000	104.782	87.048	58.949	10.325	246.942	0.010	0.100	99.900	2.519	10.325		chang4+5
地209-43	2376.125	107.417	86.989	62.567	10.248	250.106	0.010	0.100	99.900	2.526	10.248		chang4+5
地209-43	2376.250	110.016	86.930	66.274	10.143	252.801	0.010	0.100	99.900	2.533	10.143		chang4+5
地209-43	2376.375	110.454	86.869	66.913	10.059	253.756	0.010	0.100	99.900	2.540	10.059		chang4+5
地209-43	2376.500	109.226	86.807	65.131	10.053	253.180	0.010	0.100	99.900	2.546	10.053		chang4+5
地209-43	2376.625	108.521	86.741	64.124	10.115	252.000	0.010	0.100	99.900	2.552	10.115		chang4+5
地209-43	2376.750	105.785	86.668	60.311	10.184	251.231	0.010	0.100	99.900	2.558	10.184		chang4+5
地209-43	2376.875	97.899	86.585	50.131	10.219	251.249	0.010	0.100	99.900	2.565	10.219		chang4+5
地209-43	2377.000	93.174	86.487	44.570	10.228	251.621	0.010	0.100	99.900	2.572	10.228		chang4+5
地209-43	2377.125	92.983	86.373	44.353	10.238	252.012	0.010	0.100	99.900	2.577	10.238		chang4+5
地209-43	2377.250	98.836	86.234	51.280	10.240	252.426	0.010	0.100	99.900	2.578	10.240		chang4+5
地209-43	2377.375	107.531	86.073	62.727	10.244	253.056	0.010	0.100	99.900	2.577	10.244		chang4+5
地209-43	2377.500	110.623	85.887	67.160	10.315	253.833	0.010	0.100	99.900	2.575	10.315		chang4+5
地209-43	2377.625	106.465	85.676	61.244	10.475	254.577	0.010	0.100	99.900	2.573	10.475		chang4+5
地209-43	2377.750	104.635	85.439	58.751	10.716	255.287	0.010	0.100	99.900	2.575	10.716		chang4+5
地209-43	2377.875	106.083	85.184	60.718	11.092	256.101	0.010	0.100	99.900	2.580	11.092		chang4+5
地209-43	2378.000	107.001	84.914	61.987	11.653	256.681	0.010	0.100	99.900	2.589	11.653		chang4+5
地209-43	2378.125	108.001	84.633	63.388	12.369	256.106	0.010	0.100	99.900	2.600	12.369		chang4+5
地209-43	2378.250	108.212	84.349	63.686	13.076	253.244	0.010	0.100	99.900	2.614	13.076		chang4+5
地209-43	2378.375	102.945	84.067	56.509	13.640	247.793	0.010	0.100	99.900	2.627	13.640		chang4+5
地209-43	2378.500	93.682	83.794	45.149	14.048	241.098	0.010	0.100	99.900	2.635	14.048		chang4+5
地209-43	2378.625	88.147	83.535	39.059	14.287	234.642	0.010	0.100	99.900	2.634	14.287		chang4+5
地209-43	2378.750	88.718	83.297	39.666	14.334	229.639	0.010	0.100	99.900	2.623	14.334		chang4+5
地209-43	2378.875	89.490	83.080	40.492	14.233	226.533	0.010	0.100	99.900	2.604	14.233		chang4+5
地209-43	2379.000	89.308	82.886	40.296	14.256	224.910	0.010	0.100	99.900	2.582	14.256		chang4+5
地209-43	2379.125	92.583	82.718	43.901	14.642	224.551	0.010	0.100	99.900	2.563	14.642		chang4+5
地209-43	2379.250	95.676	82.575	47.467	15.300	225.310	0.010	0.100	99.900	2.549	15.300		chang4+5
地209-43	2379.375	92.427	82.455	43.725	15.776	226.796	0.010	0.100	99.900	2.540	15.776		chang4+5
地209-43	2379.500	85.917	82.354	36.742	15.937	228.371	0.010	0.100	99.900	2.533	15.937		chang4+5
地209-43	2379.625	81.605	82.270	32.468	16.044	229.665	0.010	0.100	99.900	2.525	16.044		chang4+5
地209-43	2379.750	83.077	82.203	33.897	16.180	230.604	0.010	0.100	99.900	2.513	16.180		chang4+5
地209-43	2379.875	90.375	82.149	41.452	15.978	231.427	0.010	0.100	99.900	2.499	15.978		chang4+5
地209-43	2380.000	99.007	82.108	51.491	15.276	232.288	0.010	0.100	99.900	2.490	15.276		chang4+5
地209-43	2380.125	103.636	82.079	57.419	14.339	232.867	0.010	0.100	99.900	2.489	14.339		chang4+5
地209-43	2380.250	99.140	82.069	51.656	13.546	232.308	0.010	0.100	99.900	2.501	13.546		chang4+5
地209-43	2380.375	93.715	82.076	45.187	13.038	229.704	0.010	0.100	99.900	2.521	13.038		chang4+5
地209-43	2380.500	91.010	82.105	42.148	12.966	225.359	0.010	0.100	99.900	2.544	12.966		chang4+5
地209-43	2380.625	86.705	82.159	37.552	13.382	220.261	0.010	0.100	99.900	2.561	13.382		chang4+5
地209-43	2380.750	78.873	82.244	29.897	14.272	215.871	0.010	0.100	99.900	2.566	14.272		chang4+5
地209-43	2380.875	70.697	82.356	22.785	15.455	213.401	0.010	0.100	99.900	2.560	15.455		chang4+5
地209-43	2381.000	66.960	82.492	19.807	16.682	212.694	0.010	0.100	99.900	2.546	16.682		chang4+5
地209-43	2381.125	69.140	82.650	21.524	17.802	213.149	0.010	0.100	99.900	2.531	17.802		chang4+5
地209-43	2381.250	70.851	82.822	22.912	18.184	214.292	0.010	0.100	99.900	2.520	18.184		chang4+5
地209-43	2381.375	67.361	82.999	20.119	17.402	216.368	0.010	0.100	99.900	2.516	17.402		chang4+5
地209-43	2381.500	66.605	83.173	19.532	15.833	220.064	0.010	0.100	99.900	2.519	15.833		chang4+5
地209-43	2381.625	70.074	83.335	22.278	14.191	226.081	0.010	0.100	99.900	2.529	14.191		chang4+5
地209-43	2381.750	74.701	83.477	26.162	12.681	234.547	0.010	0.100	99.900	2.543	12.681		chang4+5
地209-43	2381.875	83.790	83.598	34.600	11.324	244.007	0.010	0.100	99.900	2.559	11.324		chang4+5
地209-43	2382.000	91.588	83.700	42.788	10.354	251.610	0.010	0.100	99.900	2.574	10.354		chang4+5
地209-43	2382.125	98.576	83.785	50.960	9.954	254.695	0.010	0.100	99.900	2.585	9.954		chang4+5
地209-43	2382.250	102.006	83.858	55.286	10.175	251.546	0.010	0.100	99.900	2.588	10.175		chang4+5
地209-43	2382.375	99.900	83.928	52.604	10.897	242.987	0.010	0.100	99.900	2.585	10.897		chang4+5
地209-43	2382.500	92.165	84.003	43.431	11.833	232.600	0.010	0.100	99.900	2.578	11.833		chang4+5
地209-43	2382.625	81.234	84.088	32.114	13.030	223.372	0.010	0.100	99.900	2.569	13.030		chang4+5
地209-43	2382.750	71.554	84.188	23.492	14.757	217.438	0.010	0.100	99.900	2.566	14.757		chang4+5
地209-43	2382.875	67.240	84.301	20.025	16.658	215.438	0.010	0.100	99.900	2.570	16.658		chang4+5
地209-43	2383.000	69.591	84.425	21.887	18.005	216.207	0.010	0.100	99.900	2.582	18.005		chang4+5
地209-43	2383.125	73.778	84.553	25.366	18.147	218.684	0.010	0.100	99.900	2.601	18.147		chang4+5
地209-43	2383.250	76.090	84.675	27.380	17.395	221.790	0.010	0.100	99.900	2.622	17.395		chang4+5
地209-43	2383.375	82.283	84.782	33.122	16.234	224.424	0.010	0.100	99.900	2.642	16.234		chang4+5
地209-43	2383.500	90.894	84.863	42.020	15.322	225.925	0.010	0.100	99.900	2.660	15.322		chang4+5
地209-43	2383.625	96.582	84.911	48.542	14.872	226.047	0.010	0.100	99.900	2.672	14.872		chang4+5
地209-43	2383.750	98.331	84.915	50.659	14.784	224.940	0.010	0.100	99.900	2.676	14.784		chang4+5
地209-43	2383.875	98.907	84.874	51.367	15.072	223.315	0.010	0.100	99.900	2.675	15.072		chang4+5
地209-43	2384.000	96.468	84.789	48.406	15.918	222.084	0.010	0.100	99.900	2.668	15.918		chang4+5
地209-43	2384.125	91.246	84.659	42.408	17.353	221.646	0.010	0.100	99.900	2.659	17.353		chang4+5
地209-43	2384.250	85.751	84.484	36.572	18.853	221.587	0.010	0.100	99.900	2.653	18.853		chang4+5
地209-43	2384.375	85.349	84.273	36.164	19.955	220.595	0.010	0.100	99.900	2.650	19.955		chang4+5
地209-43	2384.500	88.342	84.031	39.266	21.008	217.819	0.010	0.100	99.900	2.649	21.008		chang4+5
地209-43	2384.625	87.215	83.759	38.082	22.352	213.520	0.010	0.100	99.900	2.648	22.352		chang4+5
地209-43	2384.750	82.915	83.458	33.738	23.115	209.240	0.010	0.100	99.900	2.644	23.115		chang4+5
地209-43	2384.875	80.658	83.134	31.566	22.577	207.242	0.010	0.100	99.900	2.635	22.577		chang4+5
地209-43	2385.000	78.947	82.785	29.965	21.261	208.333	0.010	0.100	99.900	2.624	21.261		chang4+5
地209-43	2385.125	77.288	82.411	28.451	20.218	212.022	0.010	0.100	99.900	2.610	20.218		chang4+5
地209-43	2385.250	79.457	82.008	30.437	19.758	216.784	0.010	0.100	99.900	2.596	19.758		chang4+5
地209-43	2385.375	82.707	81.579	33.535	20.091	220.636	0.010	0.100	99.900	2.583	20.091		chang4+5
地209-43	2385.500	84.190	81.124	34.998	21.157	222.631	0.010	0.100	99.900	2.570	21.157		chang4+5
地209-43	2385.625	86.792	80.645	37.642	22.800	222.847	0.010	0.100	99.900	2.554	22.800		chang4+5
地209-43	2385.750	93.037	80.142	44.414	24.993	222.079	0.010	0.100	99.900	2.535	24.993		chang4+5
地209-43	2385.875	101.622	79.622	54.791	28.241	221.480	0.010	0.100	99.900	2.514	28.241		chang4+5
地209-43	2386.000	105.587	79.092	60.039	33.159	221.641	0.010	0.100	99.900	2.494	33.159		chang4+5
地209-43	2386.125	104.688	78.557	58.822	38.996	222.467	0.010	0.100	99.900	2.478	38.996		chang4+5
地209-43	2386.250	94.692	78.021	23.683	43.225	223.464	3.182	11.196	42.014	2.471	43.225		chang4+5
地209-43	2386.375	81.757	77.489	17.530	45.828	224.156	3.498	11.263	40.598	2.471	45.828		chang4+5
地209-43	2386.500	72.089	76.962	13.537	48.658	224.577	3.797	11.304	39.279	2.476	48.658		chang4+5
地209-43	2386.625	68.275	76.440	12.116	50.684	225.043	4.052	11.349	38.357	2.483	50.684		chang4+5
地209-43	2386.750	70.175	75.924	12.902	50.634	225.825	4.216	11.425	38.161	2.491	50.634		chang4+5
地209-43	2386.875	70.106	75.407	12.942	51.385	226.597	4.452	11.500	37.673	2.496	51.385		chang4+5
地209-43	2387.000	67.158	74.889	11.812	55.579	226.391	4.765	11.480	36.276	2.497	55.579		chang4+5
地209-43	2387.125	64.426	74.366	10.647	61.076	224.243	4.683	11.272	35.145	2.493	61.076		chang4+5
地209-43	2387.250	61.823	73.835	9.397	62.857	219.782	3.798	10.839	35.807	2.480	62.857		chang4+5
地209-43	2387.375	58.441	73.297	7.861	63.561	214.042	2.786	10.282	37.229	2.460	63.561		chang4+5
地209-43	2387.500	54.995	72.753	6.450	66.440	209.123	0.010	9.805	37.903	2.437	66.440		chang4+5
地209-43	2387.625	51.409	72.206	5.236	67.812	206.678	0.010	9.568	38.301	2.415	67.812		chang4+5
地209-43	2387.750	51.356	71.662	5.268	63.399	207.432	0.010	9.641	39.358	2.410	63.399		chang4+5
地209-43	2387.875	59.747	71.130	8.027	57.198	210.509	0.010	9.939	40.384	2.391	57.198		chang4+5
地209-43	2388.000	77.624	70.616	14.821	54.691	214.157	2.413	10.293	40.098	2.388	54.691		chang4+5
地209-43	2388.125	97.918	70.131	24.709	54.825	217.708	2.956	10.638	38.951	2.387	54.825		chang4+5
地209-43	2388.250	104.866	69.688	29.092	55.376	221.503	3.672	11.006	37.660	2.388	55.376		chang4+5
地209-43	2388.375	88.881	69.290	21.054	56.031	226.161	4.747	11.458	36.189	2.388	56.031		chang4+5
地209-43	2388.500	67.069	68.947	12.182	58.023	231.248	6.354	11.951	34.319	2.389	58.023		chang4+5
地209-43	2388.625	54.618	68.667	8.181	61.333	235.623	8.306	12.376	32.412	2.389	61.333		chang4+5
地209-43	2388.750	55.373	68.463	8.602	65.771	238.019	9.976	12.608	30.812	2.391	65.771		chang4+5
地209-43	2388.875	62.401	68.330	11.016	72.121	237.935	10.896	12.600	29.440	2.396	72.121		chang4+5
地209-43	2389.000	66.251	68.272	12.277	79.300	236.044	10.957	12.416	28.425	2.414	79.300		chang4+5
地209-43	2389.125	66.642	68.292	12.142	80.805	232.679	9.494	12.090	28.800	2.439	80.805		chang4+5
地209-43	2389.250	62.245	68.398	10.155	77.913	227.752	7.161	11.612	30.345	2.451	77.913		chang4+5
地209-43	2389.375	54.017	68.579	6.992	79.209	221.468	5.243	11.002	31.497	2.488	79.209		chang4+5
地209-43	2389.500	48.385	68.833	4.921	89.818	215.263	4.221	10.401	31.017	2.518	89.818		chang4+5
地209-43	2389.625	46.442	69.161	4.117	95.252	210.975	0.010	9.985	31.174	2.528	95.252		chang4+5
地209-43	2389.750	46.300	69.566	4.028	86.361	210.137	0.010	9.903	32.966	2.536	86.361		chang4+5
地209-43	2389.875	46.434	70.036	4.216	78.262	212.637	3.163	10.146	33.930	2.533	78.262		chang4+5
地209-43	2390.000	47.671	70.569	4.782	74.503	216.254	3.703	10.497	33.792	2.528	74.503		chang4+5
地209-43	2390.125	48.445	71.163	5.165	69.874	218.857	4.014	10.749	34.200	2.526	69.874		chang4+5
地209-43	2390.250	49.793	71.820	5.549	64.421	218.788	3.686	10.743	35.637	2.533	64.421		chang4+5
地209-43	2390.375	53.373	72.528	6.406	60.136	215.730	2.902	10.446	37.767	2.546	60.136		chang4+5
地209-43	2390.500	57.029	73.283	7.216	57.594	211.202	2.140	10.007	40.016	2.566	57.594		chang4+5
地209-43	2390.625	54.976	74.080	6.294	58.227	206.883	0.010	9.588	41.261	2.571	58.227		chang4+5
地209-43	2390.750	51.515	74.914	5.121	62.350	204.410	0.010	9.348	40.736	2.573	62.350		chang4+5
地209-43	2390.875	49.561	75.773	4.588	69.302	204.665	0.010	9.373	38.552	2.571	69.302		chang4+5
地209-43	2391.000	49.531	76.649	4.717	76.476	206.874	0.010	9.587	36.006	2.569	76.476		chang4+5
地209-43	2391.125	52.692	77.531	5.817	82.523	209.912	0.010	9.882	33.787	2.574	82.523		chang4+5
地209-43	2391.250	58.019	78.409	7.633	89.909	212.714	3.649	10.153	31.637	2.587	89.909		chang4+5
地209-43	2391.375	58.145	79.274	7.827	90.563	214.890	4.167	10.364	30.980	2.604	90.563		chang4+5
地209-43	2391.500	54.619	80.112	6.871	67.343	217.007	3.491	10.570	35.336	2.619	67.343		chang4+5
地209-43	2391.625	55.010	80.914	7.191	41.546	219.900	2.526	10.850	44.004	2.627	41.546		chang4+5
地209-43	2391.750	59.991	81.668	14.668	28.889	224.279	0.010	0.100	99.900	2.626	28.889		chang4+5
地209-43	2391.875	69.494	82.371	21.809	22.218	229.929	0.010	0.100	99.900	2.619	22.218		chang4+5
地209-43	2392.000	81.229	83.016	32.108	18.257	235.415	0.010	0.100	99.900	2.611	18.257		chang4+5
地209-43	2392.125	94.541	83.597	46.139	15.884	239.277	0.010	0.100	99.900	2.606	15.884		chang4+5
地209-43	2392.250	103.129	84.107	56.750	14.537	240.558	0.010	0.100	99.900	2.608	14.537		chang4+5
地209-43	2272.000--2392.250(平均)	91.249	78.561	43.888	16.498	236.948	0.540	3.047	91.756	2.537	16.498		
地209-43	2272.000--2392.250(最大)	180.506	89.681	99.900	95.252	312.587	10.957	15.425	99.900	2.722	95.252		
地209-43	2272.000--2392.250(最小)	38.606	48.033	1.837	5.165	195.039	0.010	0.100	28.425	2.190	5.165		
