井名	深度	GR	SP	SH	IR4A	AC	PERM	POR	SW	DEN	RT	解释结论	层位
地211-57	2295.750	117.447	85.739	64.723	11.711	236.158	0.010	0.100	99.900	2.654	11.412		chang3
地211-57	2295.875	112.221	86.471	57.179	12.225	228.584	0.010	0.100	99.900	2.629	12.131		chang3
地211-57	2296.000	107.712	87.164	50.603	12.823	221.979	0.010	0.100	99.900	2.566	12.635		chang3
地211-57	2296.125	109.270	87.815	49.927	13.530	218.359	0.010	0.100	99.900	2.474	13.386		chang3
地211-57	2296.250	117.802	88.418	60.065	15.415	218.450	0.010	0.100	99.900	2.374	14.791		chang3
地211-57	2296.375	125.056	88.970	71.463	17.391	224.951	0.010	0.100	99.900	2.289	17.059		chang3
地211-57	2296.500	131.141	89.468	81.352	14.829	245.242	0.010	0.100	99.900	2.246	16.011		chang3
地211-57	2296.625	136.616	89.920	91.576	10.539	279.294	0.010	0.100	99.900	2.246	11.365		chang3
地211-57	2296.750	138.282	90.327	96.697	8.575	316.482	0.010	0.100	99.900	2.280	8.845		chang3
地211-57	2296.875	136.412	90.691	94.196	8.054	335.906	0.010	0.100	99.900	2.330	8.087		chang3
地211-57	2297.000	132.788	91.010	89.961	9.585	319.566	0.010	0.100	99.900	2.384	9.324		chang3
地211-57	2297.125	123.474	91.289	75.825	10.980	279.665	0.010	0.100	99.900	2.432	10.555		chang4+5
地211-57	2297.250	112.500	91.528	59.538	12.035	237.508	0.010	0.100	99.900	2.476	11.880		chang4+5
地211-57	2297.375	104.701	91.724	48.187	12.691	211.616	0.010	0.100	99.900	2.515	12.543		chang4+5
地211-57	2297.500	104.546	91.870	45.701	13.006	207.050	0.010	0.100	99.900	2.548	12.966		chang4+5
地211-57	2297.625	106.076	91.970	47.538	13.207	213.721	0.010	0.100	99.900	2.573	13.149		chang4+5
地211-57	2297.750	107.453	92.021	49.204	13.312	224.571	0.010	0.100	99.900	2.589	13.306		chang4+5
地211-57	2297.875	110.666	92.021	52.335	13.253	235.076	0.010	0.100	99.900	2.590	13.266		chang4+5
地211-57	2298.000	119.822	91.963	61.982	13.253	242.157	0.010	0.100	99.900	2.573	13.305		chang4+5
地211-57	2298.125	130.294	91.857	79.026	13.107	246.101	0.010	0.100	99.900	2.539	13.120		chang4+5
地211-57	2298.250	137.380	91.705	92.354	12.929	249.564	0.010	0.100	99.900	2.490	12.989		chang4+5
地211-57	2298.375	144.775	91.513	99.146	13.144	255.438	0.010	0.100	99.900	2.439	13.059		chang4+5
地211-57	2298.500	158.753	91.285	99.900	13.962	264.508	0.010	0.100	99.900	2.400	13.679		chang4+5
地211-57	2298.625	172.139	91.034	99.900	14.038	275.082	0.010	0.100	99.900	2.385	14.356		chang4+5
地211-57	2298.750	171.064	90.771	99.900	12.596	285.808	0.010	0.100	99.900	2.394	12.955		chang4+5
地211-57	2298.875	152.030	90.504	99.900	10.160	293.419	0.010	0.100	99.900	2.422	10.734		chang4+5
地211-57	2299.000	129.592	90.245	88.650	9.574	290.475	0.010	0.100	99.900	2.457	9.487		chang4+5
地211-57	2299.125	113.559	90.003	61.891	10.519	273.944	0.010	0.100	99.900	2.489	10.116		chang4+5
地211-57	2299.250	102.040	89.784	46.280	12.303	247.514	0.010	0.100	99.900	2.509	11.862		chang4+5
地211-57	2299.375	92.295	89.596	35.386	13.072	221.771	0.010	0.100	99.900	2.508	12.934		chang4+5
地211-57	2299.500	86.453	89.444	28.559	13.654	208.331	0.010	0.100	99.900	2.473	13.571		chang4+5
地211-57	2299.625	84.564	89.328	25.878	13.974	207.548	0.010	0.100	99.900	2.396	13.905		chang4+5
地211-57	2299.750	86.850	89.245	27.403	14.545	213.773	0.010	0.100	99.900	2.277	14.370		chang4+5
地211-57	2299.875	90.863	89.197	30.778	16.017	219.367	0.010	0.100	99.900	2.121	15.632		chang4+5
地211-57	2300.000	97.229	89.183	36.369	18.545	219.109	0.010	0.100	99.900	1.951	17.212		chang4+5
地211-57	2300.125	105.321	89.194	44.533	21.021	216.813	0.010	0.100	99.900	1.794	21.374		chang4+5
地211-57	2300.250	112.993	89.228	54.560	18.198	222.319	0.010	0.100	99.900	1.670	19.051		chang4+5
地211-57	2300.375	113.291	89.281	57.486	11.685	246.023	0.010	0.100	99.900	1.592	13.284		chang4+5
地211-57	2300.500	107.171	89.349	50.252	8.570	285.840	0.010	0.100	99.900	1.571	8.720		chang4+5
地211-57	2300.625	106.483	89.426	47.623	8.549	317.847	0.010	0.100	99.900	1.599	8.370		chang4+5
地211-57	2300.750	110.301	89.508	51.826	10.412	320.795	0.010	0.100	99.900	1.675	9.816		chang4+5
地211-57	2300.875	111.772	89.594	54.815	12.137	290.156	0.010	0.100	99.900	1.797	11.750		chang4+5
地211-57	2301.000	108.544	89.681	52.982	13.750	245.535	0.010	0.100	99.900	1.956	13.531		chang4+5
地211-57	2301.125	101.248	89.769	44.547	14.330	213.215	0.010	0.100	99.900	2.125	14.295		chang4+5
地211-57	2301.250	97.663	89.856	38.868	14.567	201.452	0.010	0.100	99.900	2.274	14.498		chang4+5
地211-57	2301.375	99.721	89.945	39.930	14.577	206.256	0.010	0.100	99.900	2.376	14.582		chang4+5
地211-57	2301.500	106.348	90.039	46.537	14.732	220.165	0.010	0.100	99.900	2.412	14.672		chang4+5
地211-57	2301.625	112.531	90.140	54.088	15.146	237.924	0.010	0.100	99.900	2.401	14.996		chang4+5
地211-57	2301.750	120.198	90.251	63.750	15.521	257.530	0.010	0.100	99.900	2.368	15.463		chang4+5
地211-57	2301.875	129.772	90.374	77.789	13.624	275.112	0.010	0.100	99.900	2.338	14.142		chang4+5
地211-57	2302.000	137.858	90.514	95.097	12.602	284.250	0.010	0.100	99.900	2.326	12.725		chang4+5
地211-57	2302.125	134.970	90.668	94.564	11.994	281.870	0.010	0.100	99.900	2.334	12.168		chang4+5
地211-57	2302.250	121.238	90.836	74.574	11.745	268.179	0.010	0.100	99.900	2.354	11.741		chang4+5
地211-57	2302.375	103.347	91.013	50.064	12.857	247.619	0.010	0.100	99.900	2.377	12.533		chang4+5
地211-57	2302.500	92.036	91.195	33.926	14.117	228.978	0.010	0.100	99.900	2.390	14.030		chang4+5
地211-57	2302.625	91.132	91.370	31.199	14.305	220.536	0.010	0.100	99.900	2.389	14.313		chang4+5
地211-57	2302.750	99.789	91.531	38.072	14.143	226.475	0.010	0.100	99.900	2.373	14.199		chang4+5
地211-57	2302.875	118.065	91.664	57.412	14.197	245.805	0.010	0.100	99.900	2.348	14.182		chang4+5
地211-57	2303.000	140.955	91.752	90.903	14.013	270.563	0.010	0.100	99.900	2.326	14.006		chang4+5
地211-57	2303.125	161.710	91.788	99.900	13.956	289.029	0.010	0.100	99.900	2.316	13.996		chang4+5
地211-57	2303.250	168.751	91.761	99.900	13.187	294.775	0.010	0.100	99.900	2.322	13.452		chang4+5
地211-57	2303.375	158.191	91.658	99.900	12.388	287.250	0.010	0.100	99.900	2.344	12.548		chang4+5
地211-57	2303.500	138.804	91.464	99.900	12.128	271.397	0.010	0.100	99.900	2.378	12.252		chang4+5
地211-57	2303.625	123.790	91.183	76.775	12.011	254.401	0.010	0.100	99.900	2.415	11.917		chang4+5
地211-57	2303.750	115.116	90.815	61.635	12.343	239.867	0.010	0.100	99.900	2.453	12.273		chang4+5
地211-57	2303.875	114.578	90.358	58.485	12.493	229.880	0.010	0.100	99.900	2.474	12.467		chang4+5
地211-57	2304.000	114.467	89.808	59.125	12.496	225.698	0.010	0.100	99.900	2.495	12.502		chang4+5
地211-57	2304.125	113.342	89.185	57.087	12.500	225.954	0.010	0.100	99.900	2.523	12.490		chang4+5
地211-57	2304.250	112.992	88.501	56.710	12.500	228.596	0.010	0.100	99.900	2.544	12.506		chang4+5
地211-57	2304.375	112.236	87.766	55.988	12.331	230.904	0.010	0.100	99.900	2.555	12.375		chang4+5
地211-57	2304.500	107.826	86.994	51.213	12.188	230.892	0.010	0.100	99.900	2.560	12.256		chang4+5
地211-57	2304.625	105.584	86.205	47.359	11.958	229.304	0.010	0.100	99.900	2.562	11.997		chang4+5
地211-57	2304.750	105.241	85.420	47.106	11.789	227.627	0.010	0.100	99.900	2.567	11.830		chang4+5
地211-57	2304.875	105.131	84.653	46.731	11.675	226.888	0.010	0.100	99.900	2.574	11.700		chang4+5
地211-57	2305.000	109.349	83.926	49.416	11.582	227.064	0.010	0.100	99.900	2.584	11.589		chang4+5
地211-57	2305.125	117.619	83.248	60.302	11.414	227.573	0.010	0.100	99.900	2.593	11.496		chang4+5
地211-57	2305.250	121.265	82.636	67.662	11.068	228.311	0.010	0.100	99.900	2.603	11.151		chang4+5
地211-57	2305.375	115.351	82.099	62.455	10.579	229.371	0.010	0.100	99.900	2.608	10.697		chang4+5
地211-57	2305.500	100.810	81.653	46.567	10.314	230.758	0.010	0.100	99.900	2.605	10.315		chang4+5
地211-57	2305.625	85.080	81.293	29.618	10.344	232.385	0.010	0.100	99.900	2.597	10.327		chang4+5
地211-57	2305.750	77.634	81.023	21.072	10.386	234.302	0.010	0.100	99.900	2.584	10.380		chang4+5
地211-57	2305.875	83.625	80.845	23.541	10.384	236.335	0.010	0.100	99.900	2.569	10.381		chang4+5
地211-57	2306.000	96.683	80.767	34.731	10.508	237.588	0.010	0.100	99.900	2.555	10.511		chang4+5
地211-57	2306.125	103.550	80.774	44.755	10.517	237.170	0.010	0.100	99.900	2.543	10.509		chang4+5
地211-57	2306.250	100.333	80.863	42.901	10.540	234.874	0.010	0.100	99.900	2.531	10.536		chang4+5
地211-57	2306.375	93.728	81.029	36.243	10.557	231.499	0.010	0.100	99.900	2.519	10.553		chang4+5
地211-57	2306.500	86.866	81.275	29.011	10.603	228.799	0.010	0.100	99.900	2.505	10.568		chang4+5
地211-57	2306.625	82.190	81.583	25.066	10.788	228.130	0.010	0.100	99.900	2.490	10.733		chang4+5
地211-57	2306.750	78.315	81.945	21.491	10.989	229.681	0.010	0.100	99.900	2.477	10.946		chang4+5
地211-57	2306.875	82.056	82.353	22.751	11.576	232.276	0.010	0.100	99.900	2.466	11.418		chang4+5
地211-57	2307.000	93.505	82.799	31.889	12.175	234.930	0.010	0.100	99.900	2.456	12.092		chang4+5
地211-57	2307.125	101.030	83.269	41.203	12.368	240.556	0.010	0.100	99.900	2.442	12.370		chang4+5
地211-57	2307.250	103.815	83.748	44.705	12.225	255.138	0.010	0.100	99.900	2.424	12.277		chang4+5
地211-57	2307.375	115.639	84.226	55.646	11.542	282.031	0.010	0.100	99.900	2.406	11.736		chang4+5
地211-57	2307.500	135.620	84.688	84.774	10.645	313.213	0.010	0.100	99.900	2.400	10.698		chang4+5
地211-57	2307.625	146.480	85.124	99.900	10.691	332.342	0.010	0.100	99.900	2.415	10.598		chang4+5
地211-57	2307.750	143.774	85.520	99.900	11.028	330.653	0.010	0.100	99.900	2.453	10.955		chang4+5
地211-57	2307.875	134.564	85.867	92.653	11.498	312.111	0.010	0.100	99.900	2.509	11.366		chang4+5
地211-57	2308.000	130.968	86.149	82.446	12.339	291.492	0.010	0.100	99.900	2.565	12.213		chang4+5
地211-57	2308.125	134.048	86.366	87.411	12.821	279.472	0.010	0.100	99.900	2.605	12.720		chang4+5
地211-57	2308.250	136.947	86.513	93.084	13.500	275.975	0.010	0.100	99.900	2.621	13.304		chang4+5
地211-57	2308.375	136.621	86.585	94.069	13.892	275.593	0.010	0.100	99.900	2.612	13.827		chang4+5
地211-57	2308.500	133.512	86.573	90.001	13.847	272.966	0.010	0.100	99.900	2.585	13.892		chang4+5
地211-57	2308.625	127.956	86.491	81.145	13.591	267.474	0.010	0.100	99.900	2.553	13.674		chang4+5
地211-57	2308.750	121.910	86.342	71.217	13.337	260.512	0.010	0.100	99.900	2.528	13.385		chang4+5
地211-57	2308.875	119.750	86.131	66.280	12.933	253.277	0.010	0.100	99.900	2.517	13.041		chang4+5
地211-57	2309.000	120.065	85.864	67.313	12.527	246.035	0.010	0.100	99.900	2.522	12.543		chang4+5
地211-57	2309.125	115.363	85.557	62.150	12.402	238.996	0.010	0.100	99.900	2.535	12.449		chang4+5
地211-57	2309.250	108.309	85.224	52.782	12.362	232.996	0.010	0.100	99.900	2.549	12.351		chang4+5
地211-57	2309.375	103.167	84.875	45.883	12.443	228.846	0.010	0.100	99.900	2.558	12.416		chang4+5
地211-57	2309.500	99.321	84.526	40.957	12.773	226.071	0.010	0.100	99.900	2.559	12.680		chang4+5
地211-57	2309.625	95.701	84.189	37.783	13.048	222.961	0.010	0.100	99.900	2.556	13.016		chang4+5
地211-57	2309.750	87.340	83.879	30.862	13.427	218.825	0.010	0.100	99.900	2.553	13.303		chang4+5
地211-57	2309.875	78.997	83.604	22.813	13.596	214.483	0.010	0.100	99.900	2.550	13.573		chang4+5
地211-57	2310.000	80.484	83.382	21.372	13.543	211.841	0.010	0.100	99.900	2.551	13.619		chang4+5
地211-57	2310.125	85.756	83.213	26.299	13.214	211.596	0.010	0.100	99.900	2.554	13.296		chang4+5
地211-57	2310.250	87.800	83.103	28.689	12.908	213.219	0.010	0.100	99.900	2.556	12.976		chang4+5
地211-57	2310.375	91.312	83.055	31.207	12.527	215.326	0.010	0.100	99.900	2.555	12.623		chang4+5
地211-57	2310.500	99.209	83.077	37.434	12.189	216.441	0.010	0.100	99.900	2.551	12.218		chang4+5
地211-57	2310.625	109.788	83.157	49.606	12.089	216.630	0.010	0.100	99.900	2.544	12.107		chang4+5
地211-57	2310.750	116.502	83.291	59.752	12.063	217.229	0.010	0.100	99.900	2.536	12.063		chang4+5
地211-57	2310.875	120.092	83.472	65.294	12.135	220.018	0.010	0.100	99.900	2.529	12.111		chang4+5
地211-57	2311.000	121.720	83.695	68.632	12.344	225.628	0.010	0.100	99.900	2.525	12.302		chang4+5
地211-57	2311.125	120.130	83.947	67.917	12.511	231.814	0.010	0.100	99.900	2.525	12.474		chang4+5
地211-57	2311.250	113.293	84.216	59.747	12.796	235.942	0.010	0.100	99.900	2.526	12.711		chang4+5
地211-57	2311.375	105.682	84.497	49.582	13.178	236.391	0.010	0.100	99.900	2.527	13.091		chang4+5
地211-57	2311.500	101.268	84.783	43.169	13.463	234.234	0.010	0.100	99.900	2.526	13.351		chang4+5
地211-57	2311.625	99.318	85.071	40.540	13.762	233.048	0.010	0.100	99.900	2.521	13.742		chang4+5
地211-57	2311.750	100.419	85.356	40.928	13.536	235.180	0.010	0.100	99.900	2.515	13.631		chang4+5
地211-57	2311.875	104.098	85.644	44.638	13.157	240.365	0.010	0.100	99.900	2.511	13.241		chang4+5
地211-57	2312.000	105.208	85.938	47.100	12.950	244.884	0.010	0.100	99.900	2.512	13.027		chang4+5
地211-57	2312.125	102.363	86.246	45.212	12.851	245.135	0.010	0.100	99.900	2.518	12.806		chang4+5
地211-57	2312.250	95.460	86.573	38.224	12.964	240.629	0.010	0.100	99.900	2.529	12.948		chang4+5
地211-57	2312.375	88.438	86.927	31.030	12.919	233.892	0.010	0.100	99.900	2.543	12.929		chang4+5
地211-57	2312.500	83.981	87.318	25.872	13.004	228.644	0.010	0.100	99.900	2.556	13.010		chang4+5
地211-57	2312.625	83.687	87.747	25.007	13.116	225.889	0.010	0.100	99.900	2.568	13.049		chang4+5
地211-57	2312.750	85.520	88.211	26.441	13.415	224.563	0.010	0.100	99.900	2.578	13.341		chang4+5
地211-57	2312.875	82.748	88.710	25.260	13.611	223.383	0.010	0.100	99.900	2.584	13.568		chang4+5
地211-57	2313.000	79.393	89.240	22.024	13.823	222.239	0.010	0.100	99.900	2.585	13.787		chang4+5
地211-57	2313.125	79.950	89.789	21.563	13.945	221.971	0.010	0.100	99.900	2.581	13.924		chang4+5
地211-57	2313.250	85.216	90.341	25.325	14.103	223.148	0.010	0.100	99.900	2.573	14.055		chang4+5
地211-57	2313.375	91.347	90.887	30.836	14.212	225.516	0.010	0.100	99.900	2.564	14.192		chang4+5
地211-57	2313.500	97.748	91.408	37.708	14.319	227.495	0.010	0.100	99.900	2.557	14.231		chang4+5
地211-57	2313.625	100.018	91.896	40.960	14.825	226.938	0.010	0.100	99.900	2.553	14.663		chang4+5
地211-57	2313.750	98.103	92.339	39.839	15.418	222.428	0.010	0.100	99.900	2.553	15.289		chang4+5
地211-57	2313.875	90.845	92.730	33.688	16.239	214.464	0.010	0.100	99.900	2.555	16.042		chang4+5
地211-57	2314.000	82.393	93.057	25.402	16.632	206.649	0.010	0.100	99.900	2.559	16.618		chang4+5
地211-57	2314.125	79.390	93.330	21.577	16.525	203.152	0.010	0.100	99.900	2.563	16.600		chang4+5
地211-57	2314.250	85.018	93.547	24.791	16.080	205.541	0.010	0.100	99.900	2.567	16.204		chang4+5
地211-57	2314.375	96.624	93.713	34.740	15.821	212.289	0.010	0.100	99.900	2.571	15.878		chang4+5
地211-57	2314.500	104.762	93.831	44.631	15.449	219.823	0.010	0.100	99.900	2.573	15.485		chang4+5
地211-57	2314.625	109.647	93.912	51.430	15.343	225.853	0.010	0.100	99.900	2.574	15.355		chang4+5
地211-57	2314.750	111.042	93.962	53.884	14.591	230.122	0.010	0.100	99.900	2.569	14.865		chang4+5
地211-57	2314.875	110.922	93.987	54.138	14.201	232.526	0.010	0.100	99.900	2.558	14.244		chang4+5
地211-57	2315.000	105.543	93.989	49.615	14.310	232.559	0.010	0.100	99.900	2.538	14.416		chang4+5
地211-57	2315.125	95.312	93.974	39.484	13.751	231.600	0.010	0.100	99.900	2.512	13.919		chang4+5
地211-57	2315.250	84.415	93.944	28.066	13.066	232.298	0.010	0.100	99.900	2.487	13.227		chang4+5
地211-57	2315.375	81.022	93.898	23.383	12.052	236.283	0.010	0.100	99.900	2.469	12.284		chang4+5
地211-57	2315.500	83.204	93.837	24.311	11.998	240.569	0.010	0.100	99.900	2.463	11.892		chang4+5
地211-57	2315.625	86.292	93.761	26.841	12.800	239.630	0.010	0.100	99.900	2.468	12.501		chang4+5
地211-57	2315.750	90.199	93.673	30.219	14.198	231.031	0.010	0.100	99.900	2.476	13.845		chang4+5
地211-57	2315.875	91.928	93.573	32.540	15.330	217.028	0.010	0.100	99.900	2.481	15.041		chang4+5
地211-57	2316.000	91.919	93.464	32.426	16.849	204.794	0.010	0.100	99.900	2.476	17.019		chang4+5
地211-57	2316.125	95.055	93.352	34.644	15.615	201.803	0.010	0.100	99.900	2.468	16.067		chang4+5
地211-57	2316.250	102.190	93.242	41.372	12.696	212.078	0.010	0.100	99.900	2.463	13.531		chang4+5
地211-57	2316.375	110.274	93.140	50.703	10.094	232.998	0.010	0.100	99.900	2.471	10.623		chang4+5
地211-57	2316.500	119.546	93.055	62.048	9.715	252.549	0.010	0.100	99.900	2.496	9.592		chang4+5
地211-57	2316.625	128.629	92.989	76.850	10.635	259.508	0.010	0.100	99.900	2.531	10.294		chang4+5
地211-57	2316.750	130.376	92.949	83.091	11.599	252.100	0.010	0.100	99.900	2.566	11.432		chang4+5
地211-57	2316.875	123.771	92.939	74.914	12.297	236.778	0.010	0.100	99.900	2.590	12.136		chang4+5
地211-57	2317.000	114.633	92.964	60.993	12.747	223.008	0.010	0.100	99.900	2.596	12.664		chang4+5
地211-57	2317.125	111.350	93.020	54.034	13.137	215.120	0.010	0.100	99.900	2.589	13.030		chang4+5
地211-57	2317.250	116.414	93.107	58.921	13.005	213.727	0.010	0.100	99.900	2.573	13.115		chang4+5
地211-57	2317.375	126.354	93.222	72.034	12.485	218.935	0.010	0.100	99.900	2.550	12.618		chang4+5
地211-57	2317.500	139.192	93.365	92.156	11.825	230.479	0.010	0.100	99.900	2.527	11.923		chang4+5
地211-57	2317.625	151.605	93.527	99.900	11.454	244.723	0.010	0.100	99.900	2.506	11.531		chang4+5
地211-57	2317.750	157.005	93.703	99.900	11.572	257.336	0.010	0.100	99.900	2.493	11.485		chang4+5
地211-57	2317.875	155.483	93.888	99.900	12.033	264.363	0.010	0.100	99.900	2.490	11.902		chang4+5
地211-57	2318.000	154.359	94.076	99.900	12.772	264.923	0.010	0.100	99.900	2.501	12.822		chang4+5
地211-57	2318.125	153.954	94.263	99.900	12.441	263.083	0.010	0.100	99.900	2.523	12.557		chang4+5
地211-57	2318.250	152.823	94.442	99.900	11.870	261.794	0.010	0.100	99.900	2.550	12.018		chang4+5
地211-57	2318.375	150.732	94.608	99.900	11.380	261.388	0.010	0.100	99.900	2.576	11.477		chang4+5
地211-57	2318.500	146.683	94.753	99.900	11.395	260.635	0.010	0.100	99.900	2.588	11.381		chang4+5
地211-57	2318.625	145.312	94.874	99.900	11.351	260.855	0.010	0.100	99.900	2.578	11.393		chang4+5
地211-57	2318.750	150.525	94.964	99.900	11.125	265.071	0.010	0.100	99.900	2.541	11.186		chang4+5
地211-57	2318.875	155.293	95.019	99.900	10.713	273.561	0.010	0.100	99.900	2.482	10.794		chang4+5
地211-57	2319.000	149.436	95.027	99.900	11.174	280.118	0.010	0.100	99.900	2.414	11.016		chang4+5
地211-57	2319.125	139.992	94.987	98.556	11.858	278.362	0.010	0.100	99.900	2.358	11.689		chang4+5
地211-57	2319.250	134.967	94.895	92.064	12.517	267.886	0.010	0.100	99.900	2.329	12.367		chang4+5
地211-57	2319.375	133.415	94.745	88.347	12.805	253.897	0.010	0.100	99.900	2.337	12.752		chang4+5
地211-57	2319.500	131.315	94.525	84.947	13.042	243.220	0.010	0.100	99.900	2.379	12.977		chang4+5
地211-57	2319.625	130.514	94.238	82.473	13.262	237.911	0.010	0.100	99.900	2.438	13.226		chang4+5
地211-57	2319.750	131.596	93.884	84.085	13.241	238.186	0.010	0.100	99.900	2.497	13.269		chang4+5
地211-57	2319.875	134.413	93.457	88.109	13.089	245.540	0.010	0.100	99.900	2.545	13.129		chang4+5
地211-57	2320.000	140.229	92.949	97.373	12.768	262.286	0.010	0.100	99.900	2.572	12.915		chang4+5
地211-57	2320.125	145.798	92.369	99.900	12.390	284.449	0.010	0.100	99.900	2.583	12.409		chang4+5
地211-57	2320.250	150.516	91.721	99.900	12.424	304.545	0.010	0.100	99.900	2.580	12.401		chang4+5
地211-57	2320.375	155.611	91.004	99.900	12.663	314.253	0.010	0.100	99.900	2.569	12.589		chang4+5
地211-57	2320.500	157.925	90.218	99.900	13.236	310.084	0.010	0.100	99.900	2.553	13.126		chang4+5
地211-57	2320.625	157.610	89.375	99.900	13.488	299.089	0.010	0.100	99.900	2.536	13.490		chang4+5
地211-57	2320.750	151.545	88.490	99.900	13.397	287.977	0.010	0.100	99.900	2.523	13.430		chang4+5
地211-57	2320.875	142.174	87.566	99.900	13.388	279.699	0.010	0.100	99.900	2.516	13.384		chang4+5
地211-57	2321.000	133.236	86.617	91.877	13.430	271.551	0.010	0.100	99.900	2.517	13.396		chang4+5
地211-57	2321.125	121.726	85.656	67.115	13.553	260.203	1.277	3.642	89.178	2.525	13.531		chang4+5
地211-57	2321.250	108.181	84.705	31.036	13.736	246.294	4.082	13.744	59.102	2.536	13.680	干层	chang4+5
地211-57	2321.375	97.840	83.775	22.810	14.082	233.157	2.182	12.430	64.579	2.548	13.996	干层	chang4+5
地211-57	2321.500	93.386	82.890	18.732	14.380	223.838	1.249	11.391	69.651	2.556	14.298	干层	chang4+5
地211-57	2321.625	89.652	82.060	16.621	14.547	218.458	0.902	10.792	72.854	2.559	14.562	干层	chang4+5
地211-57	2321.750	83.932	81.308	14.253	14.267	217.484	0.794	10.606	74.640	2.557	14.363	干层	chang4+5
地211-57	2321.875	80.173	80.649	12.679	13.554	221.743	0.910	10.903	74.211	2.550	13.753	干层	chang4+5
地211-57	2322.000	83.699	80.112	13.783	12.398	229.973	1.258	11.630	72.635	2.539	12.612	干层	chang4+5
地211-57	2322.125	91.029	79.693	17.601	11.624	237.153	1.771	12.397	70.549	2.530	11.771	干层	chang4+5
地211-57	2322.250	97.308	79.404	21.062	11.175	239.253	1.996	12.723	70.273	2.523	11.260	干层	chang4+5
地211-57	2322.375	99.972	79.255	22.533	11.003	235.278	1.717	12.461	72.500	2.521	11.031	干层	chang4+5
地211-57	2322.500	99.158	79.259	21.818	11.033	228.180	1.215	11.813	76.506	2.525	11.018	干层	chang4+5
地211-57	2322.625	97.027	79.395	20.141	11.083	222.172	0.864	11.184	80.619	2.530	11.075	干层	chang4+5
地211-57	2322.750	95.433	79.654	18.831	11.098	218.742	0.690	10.799	83.403	2.537	11.097	干层	chang4+5
地211-57	2322.875	97.579	80.026	19.138	11.172	217.324	0.625	10.627	84.554	2.544	11.147	干层	chang4+5
地211-57	2323.000	104.465	80.501	22.207	11.528	216.536	0.604	10.542	84.484	2.549	11.345	干层	chang4+5
地211-57	2323.125	105.861	81.046	23.795	12.600	215.808	0.623	10.469	81.926	2.554	12.250	干层	chang4+5
地211-57	2323.250	100.244	81.634	21.407	13.823	215.324	0.668	10.416	78.236	2.560	13.564	干层	chang4+5
地211-57	2323.375	95.509	82.246	18.686	14.768	214.752	0.697	10.368	75.814	2.565	14.572	干层	chang4+5
地211-57	2323.500	98.174	82.855	18.708	14.796	212.887	0.655	10.238	76.061	2.569	14.841	干层	chang4+5
地211-57	2323.625	103.810	83.441	21.155	14.435	209.465	0.532	9.932	79.150	2.568	14.573	干层	chang4+5
地211-57	2323.750	108.780	83.984	23.217	13.928	205.285	0.395	9.532	84.038	2.559	14.039	干层	chang4+5
地211-57	2323.875	115.368	84.471	26.017	13.827	201.410	0.297	9.144	88.324	2.529	13.803	干层	chang4+5
地211-57	2324.000	119.538	84.885	65.843	14.981	198.315	0.010	0.100	99.900	2.465	14.621		chang4+5
地211-57	2324.125	116.042	85.230	63.049	16.532	195.805	0.010	0.100	99.900	2.364	16.148		chang4+5
地211-57	2324.250	109.039	85.504	53.710	19.325	193.744	0.010	0.100	99.900	2.236	18.498		chang4+5
地211-57	2324.375	105.031	85.709	47.709	21.685	191.889	0.010	0.100	99.900	2.102	20.931		chang4+5
地211-57	2324.500	100.251	85.843	43.453	32.180	191.927	0.010	0.100	99.900	1.997	29.524		chang4+5
地211-57	2324.625	91.514	85.922	34.693	37.060	201.109	0.010	0.100	99.900	1.934	37.796		chang4+5
地211-57	2324.750	83.182	85.952	26.495	24.760	231.326	0.010	0.100	99.900	1.916	28.940		chang4+5
地211-57	2324.875	79.606	85.937	22.314	10.791	289.911	0.010	0.100	99.900	1.933	13.730		chang4+5
地211-57	2325.000	84.184	85.881	23.646	7.055	361.835	0.010	0.100	99.900	1.970	7.295		chang4+5
地211-57	2325.125	98.113	85.793	34.767	7.025	410.786	0.010	0.100	99.900	2.015	6.734		chang4+5
地211-57	2325.250	120.621	85.680	59.805	8.459	411.890	0.010	0.100	99.900	2.068	8.087		chang4+5
地211-57	2325.375	142.984	85.543	93.174	10.340	366.137	0.010	0.100	99.900	2.134	9.883		chang4+5
地211-57	2325.500	153.480	85.387	99.900	11.757	303.207	0.010	0.100	99.900	2.218	11.573		chang4+5
地211-57	2325.625	151.573	85.218	99.900	12.566	254.349	0.010	0.100	99.900	2.315	12.360		chang4+5
地211-57	2325.750	137.808	85.044	95.316	13.616	227.243	0.010	0.100	99.900	2.413	13.340		chang4+5
地211-57	2325.875	115.577	84.871	68.697	14.524	215.338	0.010	0.100	99.900	2.500	14.311		chang4+5
地211-57	2326.000	93.704	84.708	19.082	15.636	208.802	0.551	9.914	77.260	2.559	15.340	干层	chang4+5
地211-57	2326.125	76.455	84.563	11.116	16.673	202.909	0.431	9.335	79.179	2.590	16.487	干层	chang4+5
地211-57	2326.250	65.205	84.445	6.537	17.216	197.932	0.471	8.826	82.183	2.595	17.118	干层	chang4+5
地211-57	2326.375	60.122	84.362	4.434	17.498	194.970	0.535	8.488	84.637	2.581	17.444	干层	chang4+5
地211-57	2326.500	61.154	84.328	4.154	17.386	195.296	0.534	8.406	85.341	2.556	17.489	干层	chang4+5
地211-57	2326.625	65.821	84.343	5.563	16.915	199.186	0.504	8.709	83.478	2.530	17.040	干层	chang4+5
地211-57	2326.750	70.972	84.411	7.649	16.054	206.908	0.553	9.384	79.263	2.512	16.305	干层	chang4+5
地211-57	2326.875	76.257	84.538	10.137	14.793	218.369	0.779	10.416	74.226	2.508	15.094	干层	chang4+5
地211-57	2327.000	84.133	84.732	13.845	14.030	231.881	1.473	11.712	68.193	2.522	14.109	干层	chang4+5
地211-57	2327.125	92.620	84.985	18.822	13.815	243.039	2.689	12.889	62.618	2.548	13.831	干层	chang4+5
地211-57	2327.250	98.508	85.293	22.617	13.783	247.595	3.552	13.487	59.912	2.579	13.786	干层	chang4+5
地211-57	2327.375	103.195	85.657	24.910	13.817	244.223	3.290	13.323	60.637	2.606	13.794	干层	chang4+5
地211-57	2327.500	106.364	86.075	26.163	14.214	236.853	2.427	12.654	62.964	2.623	14.179	干层	chang4+5
地211-57	2327.625	106.942	86.538	26.053	14.247	231.251	1.786	12.045	65.935	2.628	14.274	干层	chang4+5
地211-57	2327.750	103.997	87.035	24.515	14.170	228.759	1.510	11.748	67.808	2.622	14.184	干层	chang4+5
地211-57	2327.875	98.653	87.560	21.786	14.725	227.430	1.440	11.613	67.686	2.604	14.569	干层	chang4+5
地211-57	2328.000	94.558	88.104	35.706	15.132	225.189	0.010	0.100	99.900	2.573	15.094		chang4+5
地211-57	2328.125	94.948	88.656	35.115	15.218	222.919	0.010	0.100	99.900	2.532	15.221		chang4+5
地211-57	2328.250	98.327	89.202	38.319	15.182	222.592	0.010	0.100	99.900	2.483	15.194		chang4+5
地211-57	2328.375	103.150	89.733	43.054	15.043	225.849	0.010	0.100	99.900	2.432	15.090		chang4+5
地211-57	2328.500	113.471	90.235	52.912	14.531	234.141	0.010	0.100	99.900	2.388	14.667		chang4+5
地211-57	2328.625	129.194	90.701	74.050	13.871	247.146	0.010	0.100	99.900	2.358	14.057		chang4+5
地211-57	2328.750	147.842	91.123	95.884	12.907	262.824	0.010	0.100	99.900	2.342	13.163		chang4+5
地211-57	2328.875	161.903	91.495	99.900	12.347	275.649	0.010	0.100	99.900	2.342	12.433		chang4+5
地211-57	2329.000	163.720	91.810	99.900	12.819	277.817	0.010	0.100	99.900	2.352	12.650		chang4+5
地211-57	2329.125	156.922	92.074	99.900	13.431	268.709	0.010	0.100	99.900	2.369	13.314		chang4+5
地211-57	2329.250	146.421	92.290	99.900	13.983	252.545	0.010	0.100	99.900	2.389	13.843		chang4+5
地211-57	2329.375	132.263	92.463	90.168	14.674	236.113	0.010	0.100	99.900	2.408	14.509		chang4+5
地211-57	2329.500	117.326	92.598	66.515	15.164	224.937	0.010	0.100	99.900	2.420	15.066		chang4+5
地211-57	2329.625	108.748	92.709	52.463	15.561	219.004	0.010	0.100	99.900	2.417	15.470		chang4+5
地211-57	2329.750	107.949	92.805	49.861	15.832	217.073	0.010	0.100	99.900	2.395	15.782		chang4+5
地211-57	2329.875	109.756	92.896	51.807	16.565	218.729	0.010	0.100	99.900	2.356	16.372		chang4+5
地211-57	2330.000	113.977	92.991	55.250	17.044	225.680	0.010	0.100	99.900	2.299	17.020		chang4+5
地211-57	2330.125	126.616	93.098	70.064	17.018	239.057	0.010	0.100	99.900	2.237	17.061		chang4+5
地211-57	2330.250	148.306	93.220	93.600	15.571	258.823	0.010	0.100	99.900	2.202	16.087		chang4+5
地211-57	2330.375	169.174	93.362	99.900	13.447	281.672	0.010	0.100	99.900	2.185	13.931		chang4+5
地211-57	2330.500	175.891	93.526	99.900	12.174	299.283	0.010	0.100	99.900	2.188	12.472		chang4+5
地211-57	2330.625	166.298	93.708	99.900	11.281	304.315	0.010	0.100	99.900	2.209	11.387		chang4+5
地211-57	2330.750	147.427	93.903	99.900	11.588	294.060	0.010	0.100	99.900	2.249	11.414		chang4+5
地211-57	2330.875	133.117	94.106	90.851	12.558	272.669	0.010	0.100	99.900	2.306	12.329		chang4+5
地211-57	2331.000	125.572	94.309	77.403	13.038	250.745	0.010	0.100	99.900	2.377	12.938		chang4+5
地211-57	2331.125	119.247	94.505	67.044	13.490	236.668	0.010	0.100	99.900	2.451	13.371		chang4+5
地211-57	2331.250	116.955	94.684	62.125	13.840	232.106	0.010	0.100	99.900	2.518	13.776		chang4+5
地211-57	2331.375	118.445	94.838	63.352	13.842	234.329	0.010	0.100	99.900	2.573	13.855		chang4+5
地211-57	2331.500	120.667	94.958	66.637	13.754	239.012	0.010	0.100	99.900	2.610	13.761		chang4+5
地211-57	2331.625	121.361	95.039	68.447	13.714	242.846	0.010	0.100	99.900	2.634	13.727		chang4+5
地211-57	2331.750	118.679	95.079	65.706	13.753	244.053	0.010	0.100	99.900	2.649	13.731		chang4+5
地211-57	2331.875	112.503	95.071	58.093	14.029	240.992	0.010	0.100	99.900	2.657	13.950		chang4+5
地211-57	2332.000	105.691	95.011	49.529	14.457	233.035	0.010	0.100	99.900	2.659	14.372		chang4+5
地211-57	2332.125	98.824	94.903	41.495	14.791	223.288	0.010	0.100	99.900	2.657	14.719		chang4+5
地211-57	2332.250	95.816	94.751	36.901	15.103	215.883	0.010	0.100	99.900	2.650	15.027		chang4+5
地211-57	2332.375	101.102	94.557	40.441	15.298	214.769	0.010	0.100	99.900	2.638	15.266		chang4+5
地211-57	2332.500	111.208	94.321	51.620	15.063	221.877	0.010	0.100	99.900	2.619	15.188		chang4+5
地211-57	2332.625	118.697	94.055	62.441	14.575	234.009	0.010	0.100	99.900	2.592	14.681		chang4+5
地211-57	2332.750	124.782	93.769	71.218	14.262	246.980	0.010	0.100	99.900	2.555	14.319		chang4+5
地211-57	2332.875	129.829	93.470	79.949	14.464	256.286	0.010	0.100	99.900	2.516	14.381		chang4+5
地211-57	2333.000	128.952	93.169	81.663	15.107	259.830	0.010	0.100	99.900	2.485	15.043		chang4+5
地211-57	2333.125	125.170	92.879	75.492	14.860	261.125	0.010	0.100	99.900	2.471	15.077		chang4+5
地211-57	2333.250	123.408	92.611	71.567	13.849	263.383	0.010	0.100	99.900	2.477	14.105		chang4+5
地211-57	2333.375	125.166	92.376	73.248	13.028	266.071	0.010	0.100	99.900	2.501	13.201		chang4+5
地211-57	2333.500	125.603	92.187	75.968	12.830	263.633	0.010	0.100	99.900	2.533	12.766		chang4+5
地211-57	2333.625	118.841	92.046	68.667	13.144	253.452	0.010	0.100	99.900	2.562	13.054		chang4+5
地211-57	2333.750	102.657	91.959	49.791	13.492	238.426	0.010	0.100	99.900	2.583	13.412		chang4+5
地211-57	2333.875	76.025	91.926	24.741	13.656	221.184	0.010	0.100	99.900	2.593	13.627		chang4+5
地211-57	2334.000	67.481	91.952	13.460	13.669	218.636	0.010	0.100	99.900	2.593	13.667		chang4+5
地211-57	2334.125	66.394	92.024	11.961	13.696	221.025	0.010	0.100	99.900	2.587	13.685		chang4+5
地211-57	2334.250	71.199	92.135	14.443	13.734	224.806	0.010	0.100	99.900	2.578	13.726		chang4+5
地211-57	2334.375	83.021	92.277	22.138	13.748	227.811	0.010	0.100	99.900	2.567	13.746		chang4+5
地211-57	2334.500	101.039	92.441	37.495	13.757	229.488	0.010	0.100	99.900	2.555	13.734		chang4+5
地211-57	2334.625	116.760	92.614	57.819	13.856	230.505	0.010	0.100	99.900	2.544	13.831		chang4+5
地211-57	2334.750	123.578	92.788	70.252	13.918	231.757	0.010	0.100	99.900	2.535	13.909		chang4+5
地211-57	2334.875	122.605	92.955	70.798	13.968	234.346	0.010	0.100	99.900	2.528	13.998		chang4+5
地211-57	2335.000	121.143	93.109	67.988	12.915	238.416	0.010	0.100	99.900	2.524	12.903		chang4+5
地211-57	2335.125	121.004	93.248	67.752	13.073	241.328	0.010	0.100	99.900	2.522	13.002		chang4+5
地211-57	2335.250	120.452	93.372	67.196	13.476	239.605	0.010	0.100	99.900	2.519	13.365		chang4+5
地211-57	2335.375	113.769	93.481	60.464	14.211	231.593	0.010	0.100	99.900	2.505	14.003		chang4+5
地211-57	2335.500	100.371	93.577	44.444	15.369	220.559	0.010	0.100	99.900	2.467	15.319		chang4+5
地211-57	2335.625	92.438	93.664	34.146	15.584	212.734	0.010	0.100	99.900	2.400	15.531		chang4+5
地211-57	2335.750	94.493	93.745	34.081	15.339	210.896	0.010	0.100	99.900	2.306	15.460		chang4+5
地211-57	2335.875	103.212	93.822	42.081	15.176	213.581	0.010	0.100	99.900	2.192	15.180		chang4+5
地211-57	2336.000	113.480	93.899	55.382	15.906	216.844	0.010	0.100	99.900	2.078	15.590		chang4+5
地211-57	2336.125	118.023	93.975	62.465	18.094	219.916	0.010	0.100	99.900	1.978	17.305		chang4+5
地211-57	2336.250	121.902	94.052	67.506	19.475	227.225	0.010	0.100	99.900	1.899	19.403		chang4+5
地211-57	2336.375	125.931	94.128	73.745	15.900	245.202	0.010	0.100	99.900	1.846	16.962		chang4+5
地211-57	2336.500	129.186	94.202	80.853	11.564	274.272	0.010	0.100	99.900	1.819	11.954		chang4+5
地211-57	2336.625	125.678	94.275	77.588	10.033	300.540	0.010	0.100	99.900	1.816	10.368		chang4+5
地211-57	2336.750	116.330	94.344	64.840	10.155	308.515	0.010	0.100	99.900	1.839	9.920		chang4+5
地211-57	2336.875	105.640	94.411	50.522	11.321	290.845	0.010	0.100	99.900	1.894	10.999		chang4+5
地211-57	2337.000	99.027	94.475	41.146	13.437	257.340	0.010	0.100	99.900	1.988	13.144		chang4+5
地211-57	2337.125	95.479	94.538	36.892	14.142	228.779	0.010	0.100	99.900	2.110	14.130		chang4+5
地211-57	2337.250	96.839	94.604	36.848	14.112	215.405	0.010	0.100	99.900	2.247	14.130		chang4+5
地211-57	2337.375	100.912	94.673	41.011	13.715	216.448	0.010	0.100	99.900	2.381	13.825		chang4+5
地211-57	2337.500	102.997	94.751	44.152	13.506	223.525	0.010	0.100	99.900	2.490	13.360		chang4+5
地211-57	2337.625	103.995	94.838	45.166	14.125	229.070	0.010	0.100	99.900	2.565	13.972		chang4+5
地211-57	2337.750	105.696	94.936	46.946	14.543	231.364	0.010	0.100	99.900	2.609	14.473		chang4+5
地211-57	2337.875	104.747	95.046	46.856	14.986	230.978	0.010	0.100	99.900	2.627	14.874		chang4+5
地211-57	2338.000	101.614	95.169	43.746	15.390	228.815	0.010	0.100	99.900	2.628	15.327		chang4+5
地211-57	2338.125	101.750	95.304	41.738	15.786	225.879	0.010	0.100	99.900	2.623	15.651		chang4+5
地211-57	2338.250	109.209	95.446	49.224	16.374	223.042	0.010	0.100	99.900	2.616	16.231		chang4+5
地211-57	2338.375	115.924	95.595	58.767	16.691	221.196	0.010	0.100	99.900	2.610	16.624		chang4+5
地211-57	2338.500	113.999	95.748	60.154	17.068	220.613	0.010	0.100	99.900	2.609	16.990		chang4+5
地211-57	2338.625	107.052	95.902	51.183	17.175	220.370	0.010	0.100	99.900	2.614	17.217		chang4+5
地211-57	2338.750	102.832	96.053	44.926	17.522	219.424	0.010	0.100	99.900	2.625	17.369		chang4+5
地211-57	2338.875	100.961	96.202	42.661	18.192	216.870	0.010	0.100	99.900	2.640	18.040		chang4+5
地211-57	2339.000	94.650	96.346	38.033	18.892	212.241	0.010	0.100	99.900	2.653	18.460		chang4+5
地211-57	2339.125	82.695	96.487	27.458	20.541	206.525	0.010	0.100	99.900	2.661	20.191		chang4+5
地211-57	2339.250	71.969	96.625	17.720	21.105	201.475	0.010	0.100	99.900	2.662	21.091		chang4+5
地211-57	2339.375	69.985	96.762	14.640	21.246	199.465	0.010	0.100	99.900	2.656	21.221		chang4+5
地211-57	2339.500	77.076	96.898	17.849	20.948	202.180	0.010	0.100	99.900	2.645	21.026		chang4+5
地211-57	2339.625	89.235	97.036	27.463	20.558	207.871	0.010	0.100	99.900	2.635	20.672		chang4+5
地211-57	2339.750	101.574	97.175	39.882	20.259	214.074	0.010	0.100	99.900	2.627	20.306		chang4+5
地211-57	2339.875	110.422	97.317	50.967	20.079	218.661	0.010	0.100	99.900	2.624	20.119		chang4+5
地211-57	2340.000	114.446	97.459	58.270	19.990	220.797	0.010	0.100	99.900	2.625	20.020		chang4+5
地211-57	2340.125	112.610	97.601	57.706	19.754	221.222	0.010	0.100	99.900	2.627	19.845		chang4+5
地211-57	2340.250	108.216	97.739	51.723	19.421	220.378	0.010	0.100	99.900	2.627	19.494		chang4+5
地211-57	2340.375	104.842	97.868	47.450	19.253	218.412	0.010	0.100	99.900	2.626	19.262		chang4+5
地211-57	2340.500	100.316	97.985	42.868	19.835	215.332	0.010	0.100	99.900	2.625	19.813		chang4+5
地211-57	2340.625	94.982	98.085	37.036	19.869	211.561	0.010	0.100	99.900	2.625	19.878		chang4+5
地211-57	2340.750	91.650	98.165	33.072	20.455	207.730	0.010	0.100	99.900	2.626	20.231		chang4+5
地211-57	2340.875	92.907	98.221	33.176	20.926	204.877	0.010	0.100	99.900	2.629	20.845		chang4+5
地211-57	2341.000	97.091	98.247	37.820	20.891	204.284	0.010	0.100	99.900	2.632	20.932		chang4+5
地211-57	2341.125	96.253	98.246	37.733	20.649	206.093	0.010	0.100	99.900	2.633	20.728		chang4+5
地211-57	2341.250	93.502	98.215	35.000	20.348	209.802	0.010	0.100	99.900	2.632	20.416		chang4+5
地211-57	2341.375	94.573	98.156	34.769	19.955	214.253	0.010	0.100	99.900	2.628	20.051		chang4+5
地211-57	2341.500	102.424	98.066	41.545	19.646	217.953	0.010	0.100	99.900	2.622	19.707		chang4+5
地211-57	2341.625	109.712	97.951	50.581	19.330	220.174	0.010	0.100	99.900	2.616	19.424		chang4+5
地211-57	2341.750	115.406	97.815	58.088	18.931	220.900	0.010	0.100	99.900	2.611	19.027		chang4+5
地211-57	2341.875	120.292	97.661	65.211	18.719	220.588	0.010	0.100	99.900	2.610	18.761		chang4+5
地211-57	2342.000	119.552	97.492	67.562	18.554	219.949	0.010	0.100	99.900	2.611	18.579		chang4+5
地211-57	2342.125	113.709	97.313	59.543	18.437	219.518	0.010	0.100	99.900	2.616	18.469		chang4+5
地211-57	2342.250	112.696	97.130	55.605	18.451	219.351	0.010	0.100	99.900	2.621	18.428		chang4+5
地211-57	2342.375	115.106	96.947	58.774	18.573	219.257	0.010	0.100	99.900	2.626	18.543		chang4+5
地211-57	2342.500	112.257	96.767	57.035	18.654	219.126	0.010	0.100	99.900	2.629	18.649		chang4+5
地211-57	2342.625	107.874	96.594	51.355	18.600	219.112	0.010	0.100	99.900	2.627	18.635		chang4+5
地211-57	2342.750	105.742	96.430	47.822	18.519	219.337	0.010	0.100	99.900	2.622	18.529		chang4+5
地211-57	2342.875	107.330	96.276	48.761	18.508	219.746	0.010	0.100	99.900	2.614	18.512		chang4+5
地211-57	2343.000	111.091	96.135	53.541	18.387	220.211	0.010	0.100	99.900	2.607	18.424		chang4+5
地211-57	2343.125	111.314	96.002	54.977	18.267	220.683	0.010	0.100	99.900	2.603	18.286		chang4+5
地211-57	2343.250	109.904	95.876	52.957	18.149	221.109	0.010	0.100	99.900	2.603	18.182		chang4+5
地211-57	2343.375	112.989	95.755	55.246	17.936	221.382	0.010	0.100	99.900	2.607	17.992		chang4+5
地211-57	2343.500	119.264	95.633	63.665	17.649	221.473	0.010	0.100	99.900	2.614	17.724		chang4+5
地211-57	2343.625	123.088	95.506	69.751	17.384	221.548	0.010	0.100	99.900	2.622	17.432		chang4+5
地211-57	2343.750	125.547	95.369	73.852	17.182	221.792	0.010	0.100	99.900	2.627	17.231		chang4+5
地211-57	2343.875	126.405	95.218	75.779	16.898	222.409	0.010	0.100	99.900	2.629	16.967		chang4+5
地211-57	2344.000	126.850	95.045	76.548	16.683	223.515	0.010	0.100	99.900	2.627	16.744		chang4+5
地211-57	2344.125	127.413	94.850	77.351	16.475	224.598	0.010	0.100	99.900	2.624	16.511		chang4+5
地211-57	2344.250	128.526	94.633	78.922	16.321	224.558	0.010	0.100	99.900	2.621	16.359		chang4+5
地211-57	2344.375	130.695	94.392	82.471	16.347	221.932	0.010	0.100	99.900	2.623	16.322		chang4+5
地211-57	2344.500	124.215	94.127	77.564	16.681	215.767	0.010	0.100	99.900	2.628	16.675		chang4+5
地211-57	2344.625	111.393	93.844	58.573	16.866	207.624	0.010	0.100	99.900	2.634	16.772		chang4+5
地211-57	2344.750	102.147	93.549	45.516	17.143	199.945	0.010	0.100	99.900	2.638	17.092		chang4+5
地211-57	2344.875	99.573	93.247	40.979	17.010	195.861	0.010	0.100	99.900	2.636	17.058		chang4+5
地211-57	2345.000	99.357	92.947	40.074	16.642	198.822	0.010	0.100	99.900	2.629	16.834		chang4+5
地211-57	2345.125	100.857	92.655	41.445	15.962	208.603	0.010	0.100	99.900	2.619	16.088		chang4+5
地211-57	2345.250	104.108	92.380	44.584	15.235	221.685	0.010	0.100	99.900	2.607	15.436		chang4+5
地211-57	2345.375	110.008	92.130	51.001	14.682	230.549	0.010	0.100	99.900	2.588	14.791		chang4+5
地211-57	2345.500	112.929	91.914	56.292	14.583	228.032	0.010	0.100	99.900	2.545	14.583		chang4+5
地211-57	2345.625	112.257	91.734	56.341	14.636	217.853	0.010	0.100	99.900	2.465	14.608		chang4+5
地211-57	2345.750	107.772	91.595	51.699	14.751	207.583	0.010	0.100	99.900	2.339	14.724		chang4+5
地211-57	2345.875	102.335	91.499	45.002	15.062	202.865	0.010	0.100	99.900	2.176	14.960		chang4+5
地211-57	2346.000	101.573	91.452	42.087	16.104	202.582	0.010	0.100	99.900	2.008	15.829		chang4+5
地211-57	2346.125	104.128	91.448	44.971	19.280	201.674	0.010	0.100	99.900	1.868	17.898		chang4+5
地211-57	2346.250	104.539	91.484	46.354	23.957	201.023	0.010	0.100	99.900	1.778	22.988		chang4+5
地211-57	2346.375	101.227	91.559	43.308	22.400	209.622	0.010	0.100	99.900	1.740	23.221		chang4+5
地211-57	2346.500	102.380	91.671	42.012	13.466	239.127	0.010	0.100	99.900	1.741	15.260		chang4+5
地211-57	2346.625	108.611	91.811	49.218	8.552	282.772	0.010	0.100	99.900	1.759	8.948		chang4+5
地211-57	2346.750	111.994	91.972	54.727	7.155	322.308	0.010	0.100	99.900	1.786	7.453		chang4+5
地211-57	2346.875	110.793	92.150	54.268	7.274	336.987	0.010	0.100	99.900	1.820	7.177		chang4+5
地211-57	2347.000	109.430	92.340	52.283	8.093	318.231	0.010	0.100	99.900	1.866	7.720		chang4+5
地211-57	2347.125	109.521	92.536	51.733	9.685	283.824	0.010	0.100	99.900	1.930	9.290		chang4+5
地211-57	2347.250	112.170	92.730	54.471	10.619	252.852	0.010	0.100	99.900	2.012	10.493		chang4+5
地211-57	2347.375	116.012	92.919	59.555	11.177	238.918	0.010	0.100	99.900	2.109	11.065		chang4+5
地211-57	2347.500	114.259	93.098	59.512	10.745	244.107	0.010	0.100	99.900	2.205	10.982		chang4+5
地211-57	2347.625	112.617	93.265	55.693	10.176	257.667	0.010	0.100	99.900	2.286	10.185		chang4+5
地211-57	2347.750	116.205	93.415	59.324	10.334	271.481	0.010	0.100	99.900	2.341	10.270		chang4+5
地211-57	2347.875	122.048	93.548	67.274	11.192	280.543	0.010	0.100	99.900	2.369	10.960		chang4+5
地211-57	2348.000	125.376	93.659	73.509	12.006	282.751	0.010	0.100	99.900	2.379	11.927		chang4+5
地211-57	2348.125	127.612	93.751	77.126	12.421	278.896	0.010	0.100	99.900	2.380	12.295		chang4+5
地211-57	2348.250	129.980	93.821	80.875	12.852	269.149	0.010	0.100	99.900	2.376	12.762		chang4+5
地211-57	2348.375	132.316	93.870	85.092	13.256	254.981	0.010	0.100	99.900	2.356	13.143		chang4+5
地211-57	2348.500	130.703	93.897	84.104	14.218	241.540	0.010	0.100	99.900	2.308	13.970		chang4+5
地211-57	2348.625	128.564	93.904	80.186	14.994	234.839	0.010	0.100	99.900	2.233	14.886		chang4+5
地211-57	2348.750	130.925	93.892	81.628	15.851	237.174	0.010	0.100	99.900	2.143	15.591		chang4+5
地211-57	2348.875	137.752	93.862	92.794	18.416	246.188	0.010	0.100	99.900	2.055	17.781		chang4+5
地211-57	2349.000	139.010	93.812	99.569	19.512	257.923	0.010	0.100	99.900	1.992	19.339		chang4+5
地211-57	2349.125	135.452	93.744	93.230	17.562	272.384	0.010	0.100	99.900	1.956	18.844		chang4+5
地211-57	2349.250	131.099	93.658	85.673	13.353	292.172	0.010	0.100	99.900	1.946	14.202		chang4+5
地211-57	2349.375	126.829	93.552	78.301	9.360	314.562	0.010	0.100	99.900	1.955	10.258		chang4+5
地211-57	2349.500	123.585	93.424	72.948	8.356	326.139	0.010	0.100	99.900	1.976	8.337		chang4+5
地211-57	2349.625	120.053	93.275	67.532	8.864	317.372	0.010	0.100	99.900	2.007	8.612		chang4+5
地211-57	2349.750	116.726	93.104	62.720	9.856	290.807	0.010	0.100	99.900	2.051	9.628		chang4+5
地211-57	2349.875	116.836	92.912	61.396	10.604	259.973	0.010	0.100	99.900	2.114	10.431		chang4+5
地211-57	2350.000	119.554	92.696	65.390	11.502	239.381	0.010	0.100	99.900	2.202	11.241		chang4+5
地211-57	2350.125	117.667	92.461	64.676	12.407	229.068	0.010	0.100	99.900	2.307	12.246		chang4+5
地211-57	2350.250	108.931	92.213	54.824	13.266	222.956	0.010	0.100	99.900	2.416	13.036		chang4+5
地211-57	2350.375	94.521	91.954	39.215	14.226	216.705	0.010	0.100	99.900	2.511	14.016		chang4+5
地211-57	2350.500	83.510	91.689	26.351	14.433	211.033	0.010	0.100	99.900	2.576	14.419		chang4+5
地211-57	2350.625	81.045	91.424	22.706	14.715	207.607	0.010	0.100	99.900	2.613	14.579		chang4+5
地211-57	2350.750	83.998	91.168	24.839	15.106	205.843	0.010	0.100	99.900	2.628	15.036		chang4+5
地211-57	2350.875	85.703	90.924	26.791	15.322	204.311	0.010	0.100	99.900	2.631	15.279		chang4+5
地211-57	2351.000	84.779	90.700	26.976	15.399	202.830	0.010	0.100	99.900	2.629	15.345		chang4+5
地211-57	2351.125	81.022	90.495	23.862	15.633	202.067	0.010	0.100	99.900	2.628	15.574		chang4+5
地211-57	2351.250	78.210	90.313	21.195	15.986	201.521	0.010	0.100	99.900	2.629	15.887		chang4+5
地211-57	2351.375	77.150	90.154	20.100	16.387	199.432	0.010	0.100	99.900	2.631	16.227		chang4+5
地211-57	2351.500	77.015	90.018	19.849	18.726	195.656	0.010	0.100	99.900	2.632	18.417		chang4+5
地211-57	2351.625	77.329	89.900	19.962	18.325	195.341	0.010	0.100	99.900	2.627	18.935		chang4+5
地211-57	2351.750	80.672	89.799	21.850	15.044	204.965	0.010	0.100	99.900	2.614	15.925		chang4+5
地211-57	2351.875	89.697	89.711	28.499	12.765	225.935	0.010	0.100	99.900	2.588	13.218		chang4+5
地211-57	2352.000	101.141	89.637	39.929	12.023	248.411	0.010	0.100	99.900	2.553	11.984		chang4+5
地211-57	2352.125	108.341	89.574	49.290	12.766	259.699	0.010	0.100	99.900	2.518	12.410		chang4+5
地211-57	2352.250	114.585	89.524	56.524	13.719	256.735	0.010	0.100	99.900	2.491	13.563		chang4+5
地211-57	2352.375	124.757	89.489	69.520	13.574	245.736	0.010	0.100	99.900	2.478	13.646		chang4+5
地211-57	2352.500	136.079	89.477	89.105	13.319	235.745	0.010	0.100	99.900	2.475	13.324		chang4+5
地211-57	2352.625	139.336	89.489	99.116	13.325	229.192	0.010	0.100	99.900	2.469	13.317		chang4+5
地211-57	2352.750	129.049	89.530	86.639	13.830	224.876	0.010	0.100	99.900	2.446	13.647		chang4+5
地211-57	2352.875	110.171	89.604	59.446	14.671	224.239	0.010	0.100	99.900	2.399	14.483		chang4+5
地211-57	2353.000	96.290	89.719	39.441	14.333	233.821	0.010	0.100	99.900	2.329	14.876		chang4+5
地211-57	2353.125	90.986	89.870	31.949	12.586	255.692	0.010	0.100	99.900	2.255	12.847		chang4+5
地211-57	2353.250	97.759	90.054	36.136	10.836	285.217	0.010	0.100	99.900	2.194	11.342		chang4+5
地211-57	2353.375	115.829	90.269	54.331	9.536	310.947	0.010	0.100	99.900	2.158	9.770		chang4+5
地211-57	2353.500	140.288	90.508	91.305	10.009	319.382	0.010	0.100	99.900	2.156	9.737		chang4+5
地211-57	2353.625	155.900	90.760	99.900	11.131	309.537	0.010	0.100	99.900	2.178	10.865		chang4+5
地211-57	2353.750	158.609	91.014	99.900	11.996	287.949	0.010	0.100	99.900	2.219	11.823		chang4+5
地211-57	2353.875	151.010	91.260	99.900	12.864	266.187	0.010	0.100	99.900	2.271	12.680		chang4+5
地211-57	2354.000	142.564	91.484	99.900	12.611	255.458	0.010	0.100	99.900	2.328	12.733		chang4+5
地211-57	2354.125	138.328	91.680	97.941	12.005	255.661	0.010	0.100	99.900	2.384	12.180		chang4+5
地211-57	2354.250	137.373	91.840	95.025	11.822	260.661	0.010	0.100	99.900	2.433	11.792		chang4+5
地211-57	2354.375	137.983	91.959	95.958	12.448	263.093	0.010	0.100	99.900	2.473	12.258		chang4+5
地211-57	2354.500	134.626	92.031	93.094	13.701	260.258	0.010	0.100	99.900	2.497	13.481		chang4+5
地211-57	2354.625	127.494	92.064	80.608	14.302	256.946	0.010	0.100	99.900	2.497	14.254		chang4+5
地211-57	2354.750	122.396	92.061	71.275	14.938	258.270	0.010	0.100	99.900	2.466	14.728		chang4+5
地211-57	2354.875	121.429	92.028	68.439	14.904	267.195	0.010	0.100	99.900	2.396	14.983		chang4+5
地211-57	2355.000	122.269	91.973	69.155	13.141	283.147	0.010	0.100	99.900	2.304	13.970		chang4+5
地211-57	2355.125	123.398	91.909	70.954	10.543	300.204	0.010	0.100	99.900	2.216	10.905		chang4+5
地211-57	2355.250	123.293	91.846	71.414	9.135	311.265	0.010	0.100	99.900	2.096	9.457		chang4+5
地211-57	2355.375	121.613	91.795	69.214	9.327	309.761	0.010	0.100	99.900	2.002	9.208		chang4+5
地211-57	2355.500	122.127	91.767	68.625	9.987	294.514	0.010	0.100	99.900	1.961	9.765		chang4+5
地211-57	2355.625	121.832	91.768	70.182	10.763	273.811	0.010	0.100	99.900	1.973	10.623		chang4+5
地211-57	2355.750	115.587	91.803	62.735	11.268	254.027	0.010	0.100	99.900	2.032	11.158		chang4+5
地211-57	2355.875	102.908	91.874	48.308	12.127	237.669	0.010	0.100	99.900	2.129	11.903		chang4+5
地211-57	2356.000	88.751	91.986	32.473	12.958	224.111	0.010	0.100	99.900	2.247	12.855		chang4+5
地211-57	2356.125	78.939	92.131	22.787	13.551	213.323	0.010	0.100	99.900	2.363	13.359		chang4+5
地211-57	2356.250	75.920	92.304	19.137	14.251	207.849	0.010	0.100	99.900	2.460	14.098		chang4+5
地211-57	2356.375	78.337	92.498	20.205	14.329	210.581	0.010	0.100	99.900	2.528	14.351		chang4+5
地211-57	2356.500	87.564	92.708	25.869	13.710	222.094	0.010	0.100	99.900	2.564	13.888		chang4+5
地211-57	2356.625	101.075	92.922	38.848	13.008	236.866	0.010	0.100	99.900	2.580	13.164		chang4+5
地211-57	2356.750	113.084	93.133	53.466	12.086	248.075	0.010	0.100	99.900	2.588	12.343		chang4+5
地211-57	2356.875	119.591	93.334	63.950	11.985	249.265	0.010	0.100	99.900	2.597	11.944		chang4+5
地211-57	2357.000	118.903	93.517	66.829	12.745	238.758	0.010	0.100	99.900	2.612	12.597		chang4+5
地211-57	2357.125	111.182	93.679	57.337	13.247	224.198	0.010	0.100	99.900	2.626	13.161		chang4+5
地211-57	2357.250	103.271	93.818	46.661	13.539	213.677	0.010	0.100	99.900	2.635	13.478		chang4+5
地211-57	2357.375	99.621	93.932	41.206	13.449	213.685	0.010	0.100	99.900	2.637	13.478		chang4+5
地211-57	2357.500	105.317	94.021	44.000	13.601	226.639	0.010	0.100	99.900	2.630	13.558		chang4+5
地211-57	2357.625	117.650	94.089	58.522	13.042	246.555	0.010	0.100	99.900	2.613	13.401		chang4+5
地211-57	2357.750	129.581	94.139	77.184	11.668	266.169	0.010	0.100	99.900	2.584	11.980		chang4+5
地211-57	2357.875	132.491	94.174	86.037	10.915	278.538	0.010	0.100	99.900	2.549	11.074		chang4+5
地211-57	2358.000	124.373	94.196	76.649	10.094	280.853	0.010	0.100	99.900	2.518	10.338		chang4+5
地211-57	2358.125	114.813	94.209	61.988	9.386	277.422	0.010	0.100	99.900	2.495	9.461		chang4+5
地211-57	2358.250	109.644	94.215	53.233	9.242	271.258	0.010	0.100	99.900	2.479	9.254		chang4+5
地211-57	2358.375	108.630	94.215	51.265	9.836	263.035	0.010	0.100	99.900	2.467	9.668		chang4+5
地211-57	2358.500	106.987	94.208	49.053	10.454	253.413	0.010	0.100	99.900	2.458	10.276		chang4+5
地211-57	2358.625	107.957	94.193	49.532	11.015	246.844	0.010	0.100	99.900	2.449	10.935		chang4+5
地211-57	2358.750	111.813	94.169	53.625	11.266	248.786	0.010	0.100	99.900	2.440	11.217		chang4+5
地211-57	2358.875	114.958	94.130	58.419	11.071	261.224	0.010	0.100	99.900	2.426	11.141		chang4+5
地211-57	2359.000	114.353	94.071	58.460	10.691	278.111	0.010	0.100	99.900	2.407	10.733		chang4+5
地211-57	2359.125	113.772	93.991	57.913	10.466	288.744	0.010	0.100	99.900	2.387	10.534		chang4+5
地211-57	2359.250	112.507	93.885	56.386	10.398	287.465	0.010	0.100	99.900	2.373	10.384		chang4+5
地211-57	2359.375	111.495	93.749	54.949	10.355	275.428	0.010	0.100	99.900	2.372	10.345		chang4+5
地211-57	2359.500	109.458	93.576	52.906	11.200	260.169	0.010	0.100	99.900	2.387	10.984		chang4+5
地211-57	2359.625	106.217	93.369	49.195	11.709	249.399	0.010	0.100	99.900	2.413	11.707		chang4+5
地211-57	2359.750	103.448	93.128	45.499	11.459	245.611	0.010	0.100	99.900	2.444	11.554		chang4+5
地211-57	2359.875	104.472	92.851	45.757	11.233	246.947	0.010	0.100	99.900	2.473	11.296		chang4+5
地211-57	2360.000	99.965	92.538	43.661	10.814	247.997	0.010	0.100	99.900	2.496	10.640		chang4+5
地211-57	2360.125	90.124	92.195	33.340	11.700	245.175	0.010	0.100	99.900	2.511	11.439		chang4+5
地211-57	2360.250	85.903	91.827	27.469	11.911	240.284	0.010	0.100	99.900	2.521	11.980		chang4+5
地211-57	2360.375	96.855	91.437	34.463	12.211	239.425	0.010	0.100	99.900	2.528	12.131		chang4+5
地211-57	2360.500	114.135	91.027	53.994	11.972	248.042	0.010	0.100	99.900	2.532	12.017		chang4+5
地211-57	2360.625	125.187	90.604	71.034	11.741	261.711	0.010	0.100	99.900	2.535	11.810		chang4+5
地211-57	2360.750	135.198	90.174	86.576	11.732	272.115	0.010	0.100	99.900	2.539	11.697		chang4+5
地211-57	2360.875	141.289	89.738	98.461	12.034	271.969	0.010	0.100	99.900	2.544	11.931		chang4+5
地211-57	2361.000	138.024	89.300	99.900	13.136	260.287	0.010	0.100	99.900	2.548	12.924		chang4+5
地211-57	2361.125	126.159	88.862	81.990	13.702	244.465	0.010	0.100	99.900	2.551	13.664		chang4+5
地211-57	2361.250	109.542	88.428	57.957	14.184	230.386	0.010	0.100	99.900	2.554	14.025		chang4+5
地211-57	2361.375	93.436	87.999	38.127	14.619	221.682	0.010	0.100	99.900	2.554	14.528		chang4+5
地211-57	2361.500	87.445	87.577	28.631	14.941	219.609	0.010	0.100	99.900	2.553	14.840		chang4+5
地211-57	2361.625	87.384	87.162	28.518	15.265	221.911	0.010	0.100	99.900	2.548	15.217		chang4+5
地211-57	2361.750	85.529	86.759	27.519	15.310	226.009	0.010	0.100	99.900	2.540	15.320		chang4+5
地211-57	2361.875	79.706	86.368	23.242	15.558	229.180	0.010	0.100	99.900	2.529	15.501		chang4+5
地211-57	2362.000	75.190	85.991	18.646	15.480	229.513	0.010	0.100	99.900	2.515	15.378		chang4+5
地211-57	2362.125	74.593	85.627	18.003	16.145	226.954	0.010	0.100	99.900	2.496	15.912		chang4+5
地211-57	2362.250	75.165	85.280	18.272	17.180	222.234	0.010	0.100	99.900	2.470	16.924		chang4+5
地211-57	2362.375	78.065	84.949	19.985	19.282	218.775	0.010	0.100	99.900	2.435	18.901		chang4+5
地211-57	2362.500	85.932	84.637	24.710	16.256	223.777	0.010	0.100	99.900	2.392	16.495		chang4+5
地211-57	2362.625	98.991	84.341	36.596	15.092	238.702	0.010	0.100	99.900	2.348	15.422		chang4+5
地211-57	2362.750	111.049	84.062	50.961	13.887	257.005	0.010	0.100	99.900	2.313	14.151		chang4+5
地211-57	2362.875	119.110	83.799	62.726	14.587	266.891	0.010	0.100	99.900	2.301	14.331		chang4+5
地211-57	2363.000	119.874	83.555	66.627	15.728	260.921	0.010	0.100	99.900	2.317	15.551		chang4+5
地211-57	2363.125	117.879	83.326	64.070	16.019	246.738	0.010	0.100	99.900	2.357	16.086		chang4+5
地211-57	2363.250	114.183	83.116	59.588	16.397	233.271	0.010	0.100	99.900	2.412	16.218		chang4+5
地211-57	2363.375	107.938	82.926	52.194	16.616	225.315	0.010	0.100	99.900	2.469	16.590		chang4+5
地211-57	2363.500	101.449	82.761	44.066	16.693	222.108	0.010	0.100	99.900	2.516	16.660		chang4+5
地211-57	2363.625	95.637	82.622	19.690	16.864	220.703	1.140	10.949	66.829	2.546	16.812	干层	chang4+5
地211-57	2363.750	90.191	82.514	17.004	17.000	220.453	1.120	10.902	66.785	2.560	16.978	干层	chang4+5
地211-57	2363.875	86.813	82.444	15.453	17.218	221.434	1.179	10.971	66.009	2.559	17.163	干层	chang4+5
地211-57	2364.000	82.948	82.422	13.963	17.355	223.223	1.305	11.131	64.758	2.550	17.323	干层	chang4+5
地211-57	2364.125	80.405	82.448	13.107	17.390	224.784	1.441	11.295	63.653	2.539	17.411	干层	chang4+5
地211-57	2364.250	76.768	82.529	11.972	17.458	225.491	1.515	11.383	63.144	2.529	17.420	干层	chang4+5
地211-57	2364.375	72.247	82.669	10.359	17.532	225.154	1.514	11.373	63.044	2.522	17.506	干层	chang4+5
地211-57	2364.500	67.645	82.878	8.586	18.039	223.859	1.464	11.275	62.894	2.521	17.898	干层	chang4+5
地211-57	2364.625	64.568	83.149	7.463	18.513	221.959	1.411	11.099	62.953	2.524	18.435	干层	chang4+5
地211-57	2364.750	62.110	83.477	6.491	19.022	219.800	1.476	10.891	63.404	2.529	18.876	干层	chang4+5
地211-57	2364.875	61.944	83.860	6.139	19.433	218.108	1.423	10.710	63.693	2.533	19.342	干层	chang4+5
地211-57	2365.000	63.023	84.296	6.304	19.753	218.405	1.345	10.656	63.326	2.534	19.766	干层	chang4+5
地211-57	2365.125	66.041	84.769	7.248	20.140	221.975	1.410	10.926	61.560	2.531	19.913	干层	chang4+5
地211-57	2365.250	72.697	85.267	9.652	19.730	229.347	1.949	11.569	58.006	2.525	20.012	干层	chang4+5
地211-57	2365.375	86.510	85.779	14.980	18.248	238.970	2.928	12.474	55.787	2.518	18.609	干层	chang4+5
地211-57	2365.500	105.127	86.293	42.570	17.185	246.650	0.010	0.100	99.900	2.512	17.268		chang4+5
地211-57	2365.625	117.646	86.798	60.112	17.035	249.733	0.010	0.100	99.900	2.509	17.010		chang4+5
地211-57	2365.750	120.526	87.281	67.145	17.589	249.176	0.010	0.100	99.900	2.506	17.395		chang4+5
地211-57	2365.875	116.615	87.736	62.839	17.995	248.388	0.010	0.100	99.900	2.503	17.912		chang4+5
地211-57	2366.000	116.841	88.153	61.173	18.433	249.717	0.010	0.100	99.900	2.498	18.344		chang4+5
地211-57	2366.125	119.130	88.533	64.000	18.666	251.159	0.010	0.100	99.900	2.493	18.651		chang4+5
地211-57	2366.250	120.127	88.720	66.469	18.878	249.993	0.010	0.100	99.900	2.489	18.806		chang4+5
地211-57	2366.375	116.416	89.003	62.630	18.716	245.618	0.010	0.100	99.900	2.490	18.771		chang4+5
地211-57	2366.500	114.383	89.289	57.702	18.626	240.679	0.010	0.100	99.900	2.495	18.655		chang4+5
地211-57	2366.625	117.118	89.545	61.039	18.336	238.205	0.010	0.100	99.900	2.503	18.457		chang4+5
地211-57	2366.750	119.419	89.775	64.832	17.961	238.789	0.010	0.100	99.900	2.510	18.034		chang4+5
地211-57	2366.875	119.563	89.986	65.870	17.551	240.791	0.010	0.100	99.900	2.514	17.662		chang4+5
地211-57	2367.000	114.094	90.187	60.478	16.960	241.208	0.010	0.100	99.900	2.514	17.028		chang4+5
地211-57	2367.125	105.232	90.385	50.069	16.637	238.689	0.010	0.100	99.900	2.513	16.726		chang4+5
地211-57	2367.250	95.004	90.588	38.420	16.358	234.107	0.010	0.100	99.900	2.512	16.412		chang4+5
地211-57	2367.375	88.478	90.801	30.807	16.319	230.530	0.010	0.100	99.900	2.513	16.327		chang4+5
地211-57	2367.500	85.835	91.032	27.042	16.038	232.671	0.010	0.100	99.900	2.517	16.124		chang4+5
地211-57	2367.625	88.526	91.281	28.416	15.802	241.556	0.010	0.100	99.900	2.520	15.821		chang4+5
地211-57	2367.750	94.389	91.551	33.789	15.584	253.999	0.010	0.100	99.900	2.522	15.655		chang4+5
地211-57	2367.875	102.264	91.841	41.369	16.054	262.625	0.010	0.100	99.900	2.521	15.911		chang4+5
地211-57	2368.000	111.673	92.153	52.341	16.607	259.591	0.010	0.100	99.900	2.519	16.417		chang4+5
地211-57	2368.125	117.427	92.480	61.732	17.122	246.893	0.010	0.100	99.900	2.517	17.084		chang4+5
地211-57	2368.250	115.935	92.817	61.787	17.167	231.387	0.010	0.100	99.900	2.521	17.172		chang4+5
地211-57	2368.375	112.008	93.159	56.316	16.757	220.824	0.010	0.100	99.900	2.533	16.871		chang4+5
地211-57	2368.500	115.789	93.501	57.331	16.428	218.693	0.010	0.100	99.900	2.553	16.447		chang4+5
地211-57	2368.625	126.145	93.834	71.390	16.341	220.887	0.010	0.100	99.900	2.577	16.364		chang4+5
地211-57	2368.750	133.741	94.150	86.199	16.354	223.522	0.010	0.100	99.900	2.601	16.336		chang4+5
地211-57	2368.875	135.979	94.442	91.798	16.299	225.109	0.010	0.100	99.900	2.620	16.325		chang4+5
地211-57	2369.000	135.634	94.699	91.537	15.858	227.227	0.010	0.100	99.900	2.627	16.052		chang4+5
地211-57	2369.125	138.874	94.917	94.219	15.271	231.593	0.010	0.100	99.900	2.622	15.343		chang4+5
地211-57	2369.250	145.213	95.090	99.900	15.099	238.039	0.010	0.100	99.900	2.608	15.123		chang4+5
地211-57	2369.375	149.378	95.210	99.900	15.254	244.959	0.010	0.100	99.900	2.587	15.195		chang4+5
地211-57	2369.500	149.575	95.267	99.900	15.874	250.825	0.010	0.100	99.900	2.565	15.703		chang4+5
地211-57	2369.625	144.224	95.265	99.900	16.458	256.153	0.010	0.100	99.900	2.546	16.357		chang4+5
地211-57	2369.750	136.085	95.199	95.068	17.067	262.771	0.010	0.100	99.900	2.531	16.896		chang4+5
地211-57	2369.875	131.255	95.067	85.644	17.671	272.907	0.010	0.100	99.900	2.518	17.556		chang4+5
地211-57	2370.000	130.462	94.861	82.531	17.167	287.245	0.010	0.100	99.900	2.507	17.434		chang4+5
地211-57	2370.125	132.231	94.590	84.252	16.252	301.529	0.010	0.100	99.900	2.498	16.412		chang4+5
地211-57	2370.250	139.213	94.256	93.930	15.941	309.296	0.010	0.100	99.900	2.495	15.968		chang4+5
地211-57	2370.375	142.182	93.861	99.900	17.271	304.374	0.010	0.100	99.900	2.503	16.875		chang4+5
地211-57	2370.500	131.667	93.402	90.997	18.927	285.506	0.010	0.100	99.900	2.520	18.834		chang4+5
地211-57	2370.625	117.399	92.892	67.457	19.459	261.107	0.010	0.100	99.900	2.539	19.288		chang4+5
地211-57	2370.750	107.073	92.340	51.716	20.053	239.364	0.010	0.100	99.900	2.555	19.928		chang4+5
地211-57	2370.875	100.387	91.753	43.094	20.412	226.769	0.010	0.100	99.900	2.561	20.324		chang4+5
地211-57	2371.000	99.102	91.136	38.717	20.776	227.118	0.010	0.100	99.900	2.553	20.910		chang4+5
地211-57	2371.125	108.286	90.506	46.777	20.258	238.025	0.010	0.100	99.900	2.535	20.369		chang4+5
地211-57	2371.250	120.245	89.875	63.099	19.808	255.450	0.010	0.100	99.900	2.511	19.913		chang4+5
地211-57	2371.375	120.923	89.259	68.422	19.586	271.817	0.010	0.100	99.900	2.489	19.621		chang4+5
地211-57	2371.500	110.187	88.670	57.120	19.876	277.503	0.010	0.100	99.900	2.471	19.656		chang4+5
地211-57	2371.625	97.489	88.122	41.509	20.521	271.023	0.010	0.100	99.900	2.459	20.449		chang4+5
地211-57	2371.750	86.296	87.628	30.054	20.707	256.691	0.010	0.100	99.900	2.453	20.678		chang4+5
地211-57	2371.875	77.068	87.202	21.604	20.754	241.520	0.010	0.100	99.900	2.452	20.740		chang4+5
地211-57	2372.000	70.194	86.861	10.257	20.969	230.704	2.669	12.082	54.246	2.457	20.951	干层	chang4+5
地211-57	2372.125	65.334	86.603	8.013	20.934	224.109	1.821	11.373	57.609	2.465	20.976	干层	chang4+5
地211-57	2372.250	61.596	86.434	6.492	20.514	220.622	1.562	10.983	60.124	2.477	20.648	干层	chang4+5
地211-57	2372.375	60.294	86.360	5.803	20.678	219.477	1.605	10.826	61.021	2.491	20.623	干层	chang4+5
地211-57	2372.500	61.513	86.390	5.872	20.339	219.756	1.586	10.828	61.305	2.506	20.427	干层	chang4+5
地211-57	2372.625	65.328	86.509	6.966	20.216	219.706	1.367	10.846	61.589	2.521	20.171	干层	chang4+5
地211-57	2372.750	69.180	86.712	8.152	20.302	218.027	1.205	10.722	62.112	2.535	20.296	干层	chang4+5
地211-57	2372.875	71.938	86.996	8.892	19.940	214.454	0.988	10.413	64.381	2.548	20.035	干层	chang4+5
地211-57	2373.000	74.579	87.360	9.566	19.730	210.401	0.756	10.005	67.313	2.557	19.842	干层	chang4+5
地211-57	2373.125	76.279	87.783	9.885	19.149	208.177	0.617	9.734	70.122	2.564	19.322	干层	chang4+5
地211-57	2373.250	81.926	88.255	11.461	18.696	209.209	0.612	9.764	70.925	2.566	18.768	干层	chang4+5
地211-57	2373.375	91.763	88.766	15.436	18.154	213.320	0.744	10.105	69.449	2.566	18.280	干层	chang4+5
地211-57	2373.500	95.687	89.309	18.635	18.107	218.168	0.994	10.593	66.547	2.561	18.111	干层	chang4+5
地211-57	2373.625	95.656	89.867	18.893	18.331	220.684	1.205	10.907	64.469	2.547	18.205	干层	chang4+5
地211-57	2373.750	98.150	90.429	19.618	19.394	219.387	1.226	10.859	63.287	2.518	19.066	干层	chang4+5
地211-57	2373.875	102.151	90.986	37.540	20.786	215.880	0.307	2.778	90.616	2.473	20.472		chang4+5
地211-57	2374.000	105.116	91.529	44.643	20.124	217.693	0.010	0.100	99.900	2.418	21.299		chang4+5
地211-57	2374.125	118.598	92.052	57.941	16.419	232.698	0.010	0.100	99.900	2.368	16.943		chang4+5
地211-57	2374.250	140.119	92.548	87.662	12.577	262.601	0.010	0.100	99.900	2.337	13.719		chang4+5
地211-57	2374.375	151.629	93.012	99.900	10.217	298.380	0.010	0.100	99.900	2.330	10.619		chang4+5
地211-57	2374.500	147.792	93.441	99.900	10.178	321.794	0.010	0.100	99.900	2.347	10.172		chang4+5
地211-57	2374.625	142.644	93.835	99.900	10.726	324.446	0.010	0.100	99.900	2.373	10.435		chang4+5
地211-57	2374.750	138.860	94.194	98.225	11.654	309.549	0.010	0.100	99.900	2.396	11.471		chang4+5
地211-57	2374.875	131.151	94.516	87.490	12.674	287.220	0.010	0.100	99.900	2.411	12.408		chang4+5
地211-57	2375.000	123.364	94.801	72.836	13.849	268.945	0.010	0.100	99.900	2.410	13.767		chang4+5
地211-57	2375.125	120.621	95.053	67.440	14.070	261.304	0.010	0.100	99.900	2.395	14.055		chang4+5
地211-57	2375.250	122.791	95.273	69.030	14.084	267.476	0.010	0.100	99.900	2.367	14.088		chang4+5
地211-57	2375.375	132.056	95.462	81.197	14.106	286.872	0.010	0.100	99.900	2.330	14.092		chang4+5
地211-57	2375.500	145.143	95.620	99.900	14.309	312.651	0.010	0.100	99.900	2.290	14.311		chang4+5
地211-57	2375.625	155.540	95.753	99.900	14.319	333.624	0.010	0.100	99.900	2.256	14.312		chang4+5
地211-57	2375.750	158.646	95.863	99.900	14.313	341.687	0.010	0.100	99.900	2.237	14.320		chang4+5
地211-57	2375.875	152.456	95.951	99.900	14.404	332.162	0.010	0.100	99.900	2.239	14.372		chang4+5
地211-57	2376.000	135.323	96.019	99.900	14.830	306.158	0.010	0.100	99.900	2.267	14.640		chang4+5
地211-57	2376.125	114.143	96.072	65.829	15.168	274.888	0.010	0.100	99.900	2.315	15.225		chang4+5
地211-57	2376.250	97.815	96.113	42.393	15.022	249.040	0.010	0.100	99.900	2.377	15.045		chang4+5
地211-57	2376.375	93.258	96.143	34.582	14.804	235.933	0.010	0.100	99.900	2.443	14.856		chang4+5
地211-57	2376.500	97.222	96.165	36.723	14.707	235.126	0.010	0.100	99.900	2.501	14.777		chang4+5
地211-57	2376.625	101.682	96.182	42.074	14.638	238.408	0.010	0.100	99.900	2.543	14.587		chang4+5
地211-57	2376.750	104.119	96.194	45.091	14.663	240.949	0.010	0.100	99.900	2.569	14.683		chang4+5
地211-57	2376.875	107.141	96.203	48.360	14.758	241.165	0.010	0.100	99.900	2.578	14.703		chang4+5
地211-57	2377.000	108.291	96.209	50.609	15.587	239.655	0.010	0.100	99.900	2.574	15.529		chang4+5
地211-57	2377.125	108.447	96.213	50.697	15.369	238.859	0.010	0.100	99.900	2.561	15.560		chang4+5
地211-57	2377.250	108.520	96.216	50.916	14.763	242.510	0.010	0.100	99.900	2.541	14.881		chang4+5
地211-57	2377.375	109.482	96.218	51.731	14.109	254.127	0.010	0.100	99.900	2.518	14.275		chang4+5
地211-57	2377.500	110.706	96.219	53.269	13.681	271.718	0.010	0.100	99.900	2.499	13.527		chang4+5
地211-57	2377.625	112.490	96.222	55.119	14.215	285.542	0.010	0.100	99.900	2.489	14.121		chang4+5
地211-57	2377.750	113.302	96.228	57.036	14.925	287.881	0.010	0.100	99.900	2.489	14.712		chang4+5
地211-57	2377.875	109.365	96.238	53.379	16.126	277.563	0.010	0.100	99.900	2.497	15.844		chang4+5
地211-57	2378.000	105.662	96.256	47.274	16.604	261.019	0.010	0.100	99.900	2.510	16.557		chang4+5
地211-57	2378.125	106.832	96.281	48.310	16.743	245.717	0.010	0.100	99.900	2.523	16.727		chang4+5
地211-57	2378.250	102.993	96.317	46.374	17.144	233.240	0.010	0.100	99.900	2.534	17.003		chang4+5
地211-57	2378.375	92.703	96.364	36.124	17.360	223.030	0.010	0.100	99.900	2.544	17.325		chang4+5
地211-57	2378.500	87.016	96.423	28.823	17.454	216.471	0.010	0.100	99.900	2.550	17.475		chang4+5
地211-57	2378.625	86.914	96.493	27.399	17.298	215.789	0.010	0.100	99.900	2.553	17.356		chang4+5
地211-57	2378.750	95.895	96.570	33.974	16.993	221.404	0.010	0.100	99.900	2.554	17.074		chang4+5
地211-57	2378.875	110.122	96.653	49.024	16.826	230.419	0.010	0.100	99.900	2.552	16.860		chang4+5
地211-57	2379.000	115.870	96.736	61.071	16.649	238.437	0.010	0.100	99.900	2.548	16.668		chang4+5
地211-57	2379.125	113.167	96.816	57.975	16.614	244.217	0.010	0.100	99.900	2.542	16.608		chang4+5
地211-57	2379.250	112.485	96.887	55.601	16.448	249.092	0.010	0.100	99.900	2.537	16.514		chang4+5
地211-57	2379.375	117.576	96.943	60.873	15.916	254.417	0.010	0.100	99.900	2.531	16.049		chang4+5
地211-57	2379.500	123.168	96.977	69.160	15.491	259.827	0.010	0.100	99.900	2.527	15.630		chang4+5
地211-57	2379.625	127.094	96.986	76.128	14.923	263.673	0.010	0.100	99.900	2.523	15.056		chang4+5
地211-57	2379.750	126.768	96.967	77.354	14.768	264.449	0.010	0.100	99.900	2.521	14.751		chang4+5
地211-57	2379.875	123.723	96.916	73.152	14.914	261.192	0.010	0.100	99.900	2.522	14.848		chang4+5
地211-57	2380.000	117.399	96.827	65.176	15.652	254.503	0.010	0.100	99.900	2.525	15.768		chang4+5
地211-57	2380.125	109.616	96.703	54.696	15.255	247.712	0.010	0.100	99.900	2.531	15.323		chang4+5
地211-57	2380.250	104.287	96.545	46.959	14.284	243.733	0.010	0.100	99.900	2.539	14.609		chang4+5
地211-57	2380.375	103.989	96.352	45.370	13.605	243.513	0.010	0.100	99.900	2.546	13.712		chang4+5
地211-57	2380.500	105.528	96.122	46.443	13.770	244.754	0.010	0.100	99.900	2.553	13.845		chang4+5
地211-57	2380.625	107.691	95.861	49.569	13.731	243.979	0.010	0.100	99.900	2.558	13.658		chang4+5
地211-57	2380.750	107.048	95.572	49.569	14.358	239.862	0.010	0.100	99.900	2.564	14.165		chang4+5
地211-57	2380.875	103.879	95.255	46.406	15.261	233.529	0.010	0.100	99.900	2.572	15.059		chang4+5
地211-57	2381.000	99.256	94.907	41.070	15.711	228.656	0.010	0.100	99.900	2.584	15.480		chang4+5
地211-57	2381.125	99.227	94.534	39.202	15.922	228.460	0.010	0.100	99.900	2.599	16.100		chang4+5
地211-57	2381.250	105.292	94.137	45.084	15.325	233.620	0.010	0.100	99.900	2.616	15.447		chang4+5
地211-57	2381.375	113.336	93.714	54.657	15.119	241.475	0.010	0.100	99.900	2.632	15.142		chang4+5
地211-57	2381.500	117.610	93.261	62.062	15.501	246.462	0.010	0.100	99.900	2.644	15.323		chang4+5
地211-57	2381.625	120.159	92.784	65.503	16.568	245.447	0.010	0.100	99.900	2.650	16.214		chang4+5
地211-57	2381.750	119.184	92.282	66.165	17.763	238.984	0.010	0.100	99.900	2.648	17.517		chang4+5
地211-57	2381.875	112.412	91.759	58.314	18.374	230.282	0.010	0.100	99.900	2.639	18.232		chang4+5
地211-57	2382.000	103.204	91.214	47.404	19.437	223.036	0.010	0.100	99.900	2.625	19.166		chang4+5
地211-57	2382.125	95.298	90.655	37.394	20.255	218.283	0.010	0.100	99.900	2.610	20.154		chang4+5
地211-57	2382.250	93.375	90.093	34.219	20.982	215.609	0.010	0.100	99.900	2.596	20.767		chang4+5
地211-57	2382.375	95.945	89.535	35.844	21.240	214.651	0.010	0.100	99.900	2.586	21.211		chang4+5
地211-57	2382.500	104.475	88.994	43.917	21.340	215.286	0.010	0.100	99.900	2.581	21.243		chang4+5
地211-57	2382.625	109.798	88.482	51.843	21.591	216.263	0.010	0.100	99.900	2.581	21.577		chang4+5
地211-57	2382.750	105.542	88.013	49.635	22.180	215.972	0.010	0.100	99.900	2.582	21.967		chang4+5
地211-57	2382.875	92.760	87.601	24.394	23.114	213.665	0.776	7.706	70.650	2.584	22.912		chang4+5
地211-57	2383.000	79.689	87.264	12.441	23.111	210.803	0.890	10.016	62.187	2.586	23.199	干层	chang4+5
地211-57	2383.125	72.360	87.004	9.086	22.772	209.665	0.791	9.857	63.678	2.586	22.845	干层	chang4+5
地211-57	2383.250	70.661	86.831	8.384	22.097	210.973	0.814	9.937	63.923	2.586	22.308	干层	chang4+5
地211-57	2383.375	72.007	86.750	8.795	21.780	213.983	0.944	10.201	62.915	2.584	21.855	干层	chang4+5
地211-57	2383.500	77.517	86.772	10.455	20.638	217.276	1.107	10.528	62.216	2.583	20.978	干层	chang4+5
地211-57	2383.625	86.077	86.883	13.796	19.956	219.714	1.229	10.790	62.337	2.583	19.895	干层	chang4+5
地211-57	2383.750	92.487	87.078	16.983	19.920	220.372	1.313	10.896	61.614	2.586	19.969	干层	chang4+5
地211-57	2383.875	91.585	87.351	17.203	19.942	218.146	1.203	10.750	62.510	2.590	19.933	干层	chang4+5
地211-57	2384.000	84.955	87.698	14.558	19.791	212.376	0.905	10.291	65.456	2.597	19.834	干层	chang4+5
地211-57	2384.125	75.007	88.098	10.522	19.611	204.873	0.585	9.572	70.752	2.603	19.653	干层	chang4+5
地211-57	2384.250	64.588	88.536	6.425	19.380	198.266	0.497	8.891	76.583	2.608	19.442	干层	chang4+5
地211-57	2384.375	62.342	89.001	4.800	18.953	195.305	0.506	8.509	80.736	2.610	19.074	干层	chang4+5
地211-57	2384.500	69.651	89.479	6.402	18.150	197.461	0.404	8.565	81.863	2.610	18.306	干层	chang4+5
地211-57	2384.625	78.117	89.955	9.454	17.138	203.024	0.387	9.058	79.243	2.610	17.489	干层	chang4+5
地211-57	2384.750	89.398	90.416	13.881	16.243	210.134	0.529	9.733	76.220	2.608	16.378	干层	chang4+5
地211-57	2384.875	104.605	90.851	38.212	15.298	217.074	0.163	2.592	93.523	2.604	15.531		chang4+5
地211-57	2385.000	114.611	91.247	58.176	14.779	222.961	0.010	0.100	99.900	2.595	14.794		chang4+5
地211-57	2385.125	116.029	91.600	60.294	14.649	228.771	0.010	0.100	99.900	2.581	14.700		chang4+5
地211-57	2385.250	120.011	91.906	64.384	14.261	236.283	0.010	0.100	99.900	2.567	14.376		chang4+5
地211-57	2385.375	127.393	92.158	74.641	13.569	246.350	0.010	0.100	99.900	2.557	13.761		chang4+5
地211-57	2385.500	135.008	92.353	89.099	12.480	256.364	0.010	0.100	99.900	2.557	12.569		chang4+5
地211-57	2385.625	135.314	92.499	92.889	12.241	261.995	0.010	0.100	99.900	2.567	12.258		chang4+5
地211-57	2385.750	127.201	92.598	81.642	12.262	261.657	0.010	0.100	99.900	2.584	12.245		chang4+5
地211-57	2385.875	115.792	92.656	64.100	12.202	257.533	0.010	0.100	99.900	2.602	12.223		chang4+5
地211-57	2386.000	112.166	92.675	55.548	12.163	253.653	0.010	0.100	99.900	2.610	12.134		chang4+5
地211-57	2386.125	112.538	92.668	55.644	12.789	251.731	0.010	0.100	99.900	2.602	12.486		chang4+5
地211-57	2386.250	117.088	92.641	60.030	13.663	251.948	0.010	0.100	99.900	2.571	13.509		chang4+5
地211-57	2386.375	123.221	92.600	68.960	15.438	255.565	0.010	0.100	99.900	2.512	14.963		chang4+5
地211-57	2386.500	127.970	92.551	76.326	16.749	265.800	0.010	0.100	99.900	2.427	16.878		chang4+5
地211-57	2386.625	133.511	92.498	85.752	15.594	283.149	0.010	0.100	99.900	2.328	16.057		chang4+5
地211-57	2386.750	136.455	92.444	92.571	12.282	304.925	0.010	0.100	99.900	2.227	13.259		chang4+5
地211-57	2386.875	131.255	92.390	86.892	10.166	323.731	0.010	0.100	99.900	2.138	10.572		chang4+5
地211-57	2387.000	123.862	92.336	73.945	9.273	329.360	0.010	0.100	99.900	2.079	9.146		chang4+5
地211-57	2387.125	121.758	92.280	68.209	9.891	321.762	0.010	0.100	99.900	2.054	9.715		chang4+5
地211-57	2387.250	126.736	92.220	74.051	11.300	309.079	0.010	0.100	99.900	2.067	10.872		chang4+5
地211-57	2387.375	133.936	92.154	86.002	12.051	302.574	0.010	0.100	99.900	2.121	11.935		chang4+5
地211-57	2387.500	134.685	92.080	91.015	12.183	305.652	0.010	0.100	99.900	2.212	12.040		chang4+5
地211-57	2387.625	133.126	92.000	87.576	13.023	307.505	0.010	0.100	99.900	2.320	12.749		chang4+5
地211-57	2387.750	130.527	91.914	84.305	13.833	298.226	0.010	0.100	99.900	2.431	13.686		chang4+5
地211-57	2387.875	125.066	91.826	76.339	15.151	276.440	0.010	0.100	99.900	2.526	14.832		chang4+5
地211-57	2388.000	115.133	91.742	63.045	15.582	251.395	0.010	0.100	99.900	2.590	15.507		chang4+5
地211-57	2388.125	106.143	91.670	49.935	15.918	233.124	0.010	0.100	99.900	2.625	15.831		chang4+5
地211-57	2388.250	101.918	91.617	43.957	16.100	223.877	0.010	0.100	99.900	2.636	16.081		chang4+5
地211-57	2388.375	98.754	91.594	26.064	16.405	220.580	0.823	8.205	75.884	2.632	16.323		chang4+5
地211-57	2388.500	92.153	91.613	18.273	16.840	218.426	1.017	10.774	68.297	2.623	16.623	干层	chang4+5
地211-57	2388.625	81.844	91.678	13.746	17.489	215.133	0.893	10.478	68.626	2.615	17.412	干层	chang4+5
地211-57	2388.750	73.797	91.793	10.042	17.773	211.094	0.716	10.092	70.650	2.611	17.710	干层	chang4+5
地211-57	2388.875	71.868	91.965	8.603	17.902	207.380	0.592	9.718	73.023	2.609	17.876	干层	chang4+5
地211-57	2389.000	74.194	92.197	8.907	17.977	204.962	0.484	9.434	74.916	2.609	18.017	干层	chang4+5
地211-57	2389.125	77.001	92.480	9.721	17.687	204.307	0.434	9.331	76.220	2.608	17.795	干层	chang4+5
地211-57	2389.250	82.039	92.808	11.363	17.348	205.895	0.457	9.438	76.177	2.605	17.413	干层	chang4+5
地211-57	2389.375	90.825	93.173	14.741	16.893	209.828	0.558	9.770	74.464	2.601	17.009	干层	chang4+5
地211-57	2389.500	101.292	93.566	19.590	16.505	215.422	0.749	10.278	71.715	2.599	16.566	干层	chang4+5
地211-57	2389.625	112.972	93.972	53.031	16.025	221.206	0.010	0.100	99.900	2.599	16.208		chang4+5
地211-57	2389.750	123.140	94.379	67.771	15.492	226.147	0.010	0.100	99.900	2.604	15.588		chang4+5
地211-57	2389.875	125.639	94.774	74.681	15.140	229.588	0.010	0.100	99.900	2.611	15.221		chang4+5
地211-57	2390.000	120.016	95.145	67.773	14.768	231.531	0.010	0.100	99.900	2.618	14.914		chang4+5
地211-57	2390.125	117.076	95.487	62.510	14.348	233.123	0.010	0.100	99.900	2.619	14.392		chang4+5
地211-57	2390.250	118.226	95.791	62.874	14.127	236.005	0.010	0.100	99.900	2.612	14.185		chang4+5
地211-57	2390.375	122.035	96.054	67.930	13.841	242.438	0.010	0.100	99.900	2.596	13.912		chang4+5
地211-57	2390.500	123.659	96.269	71.092	13.485	254.105	0.010	0.100	99.900	2.573	13.602		chang4+5
地211-57	2390.625	125.938	96.443	74.134	13.102	267.828	0.010	0.100	99.900	2.548	13.161		chang4+5
地211-57	2390.750	128.277	96.578	78.273	13.043	277.625	0.010	0.100	99.900	2.527	13.031		chang4+5
地211-57	2390.875	124.505	96.675	75.022	13.540	277.267	0.010	0.100	99.900	2.514	13.412		chang4+5
地211-57	2391.000	116.401	96.739	64.358	13.721	265.779	0.010	0.100	99.900	2.511	13.683		chang4+5
地211-57	2391.125	107.504	96.777	52.106	13.725	251.545	0.010	0.100	99.900	2.515	13.770		chang4+5
地211-57	2391.250	103.334	96.795	45.295	13.599	241.887	0.010	0.100	99.900	2.521	13.620		chang4+5
地211-57	2391.375	104.935	96.791	45.927	13.407	240.084	0.010	0.100	99.900	2.525	13.460		chang4+5
地211-57	2391.500	107.628	96.773	49.569	13.125	244.518	0.010	0.100	99.900	2.521	13.195		chang4+5
地211-57	2391.625	108.156	96.748	50.392	12.569	251.096	0.010	0.100	99.900	2.511	12.782		chang4+5
地211-57	2391.750	111.644	96.718	53.228	11.761	257.789	0.010	0.100	99.900	2.499	11.943		chang4+5
地211-57	2391.875	116.125	96.680	59.488	11.527	262.679	0.010	0.100	99.900	2.488	11.549		chang4+5
地211-57	2392.000	117.431	96.634	62.557	11.900	263.326	0.010	0.100	99.900	2.486	11.681		chang4+5
地211-57	2392.125	116.698	96.578	62.161	12.586	259.916	0.010	0.100	99.900	2.494	12.491		chang4+5
地211-57	2392.250	118.510	96.510	62.837	12.956	254.552	0.010	0.100	99.900	2.511	12.871		chang4+5
地211-57	2392.375	121.761	96.425	67.789	13.003	250.267	0.010	0.100	99.900	2.535	13.004		chang4+5
地211-57	2392.500	123.587	96.320	70.983	13.053	248.855	0.010	0.100	99.900	2.561	13.046		chang4+5
地211-57	2392.625	124.220	96.192	72.840	13.087	249.087	0.010	0.100	99.900	2.585	13.077		chang4+5
地211-57	2392.750	122.819	96.043	71.086	13.164	249.586	0.010	0.100	99.900	2.603	13.141		chang4+5
地211-57	2392.875	118.378	95.869	65.477	13.588	249.921	0.010	0.100	99.900	2.613	13.471		chang4+5
地211-57	2393.000	118.158	95.670	63.158	13.887	250.556	0.010	0.100	99.900	2.616	13.979		chang4+5
地211-57	2393.125	118.553	95.451	64.444	14.022	251.174	0.010	0.100	99.900	2.616	13.831		chang4+5
地211-57	2393.250	118.032	95.216	63.551	14.509	250.259	0.010	0.100	99.900	2.615	14.435		chang4+5
地211-57	2393.375	113.660	94.968	59.330	14.751	246.076	0.010	0.100	99.900	2.616	14.685		chang4+5
地211-57	2393.500	103.505	94.714	48.106	15.311	238.463	0.010	0.100	99.900	2.621	15.210		chang4+5
地211-57	2393.625	94.591	94.457	36.857	15.652	230.126	0.010	0.100	99.900	2.627	15.594		chang4+5
地211-57	2393.750	91.164	94.204	32.521	15.957	223.333	0.010	0.100	99.900	2.634	15.876		chang4+5
地211-57	2393.875	91.278	93.958	32.039	16.309	218.882	0.010	0.100	99.900	2.636	16.231		chang4+5
地211-57	2394.000	90.392	93.723	32.410	16.669	215.989	0.010	0.100	99.900	2.631	16.396		chang4+5
地211-57	2394.125	85.782	93.496	28.051	17.464	214.026	0.010	0.100	99.900	2.620	17.378		chang4+5
地211-57	2394.250	84.959	93.280	26.148	17.690	214.068	0.010	0.100	99.900	2.605	17.654		chang4+5
地211-57	2394.375	92.271	93.070	31.142	17.630	217.540	0.010	0.100	99.900	2.590	17.667		chang4+5
地211-57	2394.500	102.131	92.864	41.621	17.180	224.077	0.010	0.100	99.900	2.577	17.229		chang4+5
地211-57	2394.625	107.854	92.658	48.791	17.021	230.698	0.010	0.100	99.900	2.567	17.045		chang4+5
地211-57	2394.750	111.568	92.451	53.736	17.010	235.609	0.010	0.100	99.900	2.560	17.001		chang4+5
地211-57	2394.875	111.681	92.239	55.042	17.106	239.329	0.010	0.100	99.900	2.555	17.076		chang4+5
地211-57	2395.000	110.684	92.020	53.810	17.304	244.014	0.010	0.100	99.900	2.550	17.305		chang4+5
地211-57	2395.125	113.030	91.798	54.726	17.305	249.610	0.010	0.100	99.900	2.545	17.303		chang4+5
地211-57	2395.250	119.204	91.575	63.067	17.405	253.448	0.010	0.100	99.900	2.541	17.368		chang4+5
地211-57	2395.375	118.510	91.356	64.908	17.532	252.245	0.010	0.100	99.900	2.538	17.506		chang4+5
地211-57	2395.500	113.717	91.149	59.413	17.562	244.939	0.010	0.100	99.900	2.537	17.561		chang4+5
地211-57	2395.625	107.134	90.958	51.452	17.615	235.045	0.010	0.100	99.900	2.537	17.588		chang4+5
地211-57	2395.750	97.135	90.791	41.065	17.655	225.967	0.010	0.100	99.900	2.538	17.655		chang4+5
地211-57	2395.875	84.746	90.652	28.945	17.787	220.050	0.010	0.100	99.900	2.539	17.752		chang4+5
地211-57	2396.000	77.021	90.548	20.237	17.873	217.857	0.010	0.100	99.900	2.538	17.845		chang4+5
地211-57	2396.125	77.954	90.475	19.716	18.029	217.870	0.010	0.100	99.900	2.536	17.981		chang4+5
地211-57	2396.250	85.189	90.431	24.878	18.417	218.977	0.010	0.100	99.900	2.535	18.300		chang4+5
地211-57	2396.375	94.571	90.412	33.297	18.800	220.324	0.010	0.100	99.900	2.539	18.701		chang4+5
地211-57	2396.500	99.443	90.411	40.075	19.748	221.469	0.010	0.100	99.900	2.551	19.390		chang4+5
地211-57	2396.625	101.573	90.417	41.978	20.739	223.129	0.010	0.100	99.900	2.575	20.654		chang4+5
地211-57	2396.750	106.029	90.418	46.443	19.361	227.178	0.010	0.100	99.900	2.607	19.925		chang4+5
地211-57	2396.875	110.099	90.404	51.766	17.901	235.456	0.010	0.100	99.900	2.639	18.192		chang4+5
地211-57	2397.000	112.994	90.361	55.184	17.166	246.670	0.010	0.100	99.900	2.661	17.402		chang4+5
地211-57	2397.125	118.700	90.284	61.982	17.025	255.012	0.010	0.100	99.900	2.671	16.803		chang4+5
地211-57	2397.250	124.690	90.167	71.409	18.074	255.606	0.010	0.100	99.900	2.675	17.809		chang4+5
地211-57	2397.375	123.710	90.005	72.875	19.952	247.699	0.010	0.100	99.900	2.672	19.495		chang4+5
地211-57	2397.500	115.597	89.793	62.947	21.428	236.175	0.010	0.100	99.900	2.660	20.751		chang4+5
地211-57	2397.625	106.518	89.539	45.977	24.223	227.175	0.533	2.896	88.155	2.638	23.563		chang4+5
地211-57	2397.750	94.928	89.249	20.400	26.102	222.502	2.001	11.181	52.859	2.605	25.774	油层	chang4+5
地211-57	2397.875	83.668	88.929	14.900	28.156	221.063	1.913	10.985	51.967	2.568	27.630	油层	chang4+5
地211-57	2398.000	80.199	88.588	12.507	30.208	221.112	2.034	10.956	50.099	2.537	29.873	油层	chang4+5
地211-57	2398.125	81.757	88.238	12.820	32.130	221.944	2.229	11.020	48.515	2.513	31.510	油层	chang4+5
地211-57	2398.250	86.437	87.891	14.658	34.890	223.638	2.639	11.168	45.956	2.496	34.208	油层	chang4+5
地211-57	2398.375	90.284	87.555	16.621	36.611	225.825	3.136	11.374	43.843	2.486	36.206	油层	chang4+5
地211-57	2398.500	95.421	87.245	18.525	39.413	227.624	3.752	11.569	41.585	2.480	38.881	油层	chang4+5
地211-57	2398.625	106.334	86.962	23.527	41.091	228.617	4.194	11.682	40.180	2.476	40.854	油层	chang4+5
地211-57	2398.750	119.352	86.713	31.036	42.547	228.884	4.417	11.720	39.437	2.472	42.136	油层	chang4+5
地211-57	2398.875	124.357	86.501	35.770	44.174	228.627	4.552	11.705	38.737	2.469	43.779	油层	chang4+5
地211-57	2399.000	117.791	86.329	33.017	46.022	227.978	4.608	11.652	38.117	2.466	45.622	油层	chang4+5
地211-57	2399.125	110.189	86.188	28.109	47.786	227.221	4.587	11.577	37.667	2.465	47.334	油层	chang4+5
地211-57	2399.250	103.496	86.076	24.304	48.925	226.756	4.585	11.523	37.287	2.465	48.755	油层	chang4+5
地211-57	2399.375	96.610	85.986	20.855	49.432	226.914	4.640	11.524	37.074	2.469	49.306	油层	chang4+5
地211-57	2399.500	89.971	85.912	17.684	50.427	227.268	4.834	11.568	36.621	2.475	50.152	油层	chang4+5
地211-57	2399.625	85.043	85.844	15.284	52.043	226.368	4.842	11.522	36.279	2.485	51.514	油层	chang4+5
地211-57	2399.750	81.140	85.777	13.489	55.685	222.695	4.360	11.230	36.161	2.496	54.621	油层	chang4+5
地211-57	2399.875	74.431	85.705	10.748	57.710	215.545	3.205	10.612	37.389	2.510	57.221	油层	chang4+5
地211-57	2400.000	68.297	85.622	14.046	62.693	205.922	0.010	0.100	99.900	2.526	61.867		chang4+5
地211-57	2400.125	65.355	85.526	11.917	65.910	196.475	0.010	0.100	99.900	2.544	65.210		chang4+5
地211-57	2400.250	62.879	85.416	10.320	68.877	189.179	0.010	0.100	99.900	2.562	68.164		chang4+5
地211-57	2400.375	61.968	85.291	9.386	71.845	185.309	0.010	0.100	99.900	2.578	71.170		chang4+5
地211-57	2400.500	65.703	85.152	10.867	73.130	185.426	0.010	0.100	99.900	2.589	73.142		chang4+5
地211-57	2400.625	71.440	85.000	14.733	73.508	188.524	0.010	0.100	99.900	2.591	73.287		chang4+5
地211-57	2400.750	74.493	84.840	17.659	73.172	193.673	0.010	0.100	99.900	2.584	73.423		chang4+5
地211-57	2400.875	75.104	84.672	18.350	72.630	199.799	0.010	0.100	99.900	2.565	72.774		chang4+5
地211-57	2401.000	73.423	84.499	17.576	70.634	206.092	0.010	0.100	99.900	2.536	71.322		chang4+5
地211-57	2401.125	70.734	84.323	14.163	66.797	212.290	0.763	2.650	83.975	2.504	68.008		chang4+5
地211-57	2401.250	68.028	84.147	8.128	61.569	218.202	3.374	10.551	35.886	2.472	62.839	油层	chang4+5
地211-57	2401.375	72.110	83.972	9.180	59.339	223.102	4.322	11.055	35.108	2.447	59.770	油层	chang4+5
地211-57	2401.500	83.325	83.798	12.896	57.005	225.800	5.001	11.395	34.832	2.434	57.134	油层	chang4+5
地211-57	2401.625	95.371	83.625	18.238	56.773	226.291	5.210	11.480	34.693	2.430	56.736	油层	chang4+5
地211-57	2401.750	105.591	83.457	23.233	57.496	225.353	5.049	11.408	34.758	2.435	57.246	油层	chang4+5
地211-57	2401.875	113.780	83.293	27.842	57.130	224.229	4.739	11.294	35.097	2.444	57.279	油层	chang4+5
地211-57	2402.000	116.591	83.133	30.375	56.740	223.892	4.533	11.233	35.455	2.454	56.735	油层	chang4+5
地211-57	2402.125	114.918	82.979	30.102	57.367	224.234	4.622	11.258	35.287	2.463	57.032	油层	chang4+5
地211-57	2402.250	107.755	82.830	26.653	57.589	224.779	4.818	11.311	34.918	2.469	57.696	油层	chang4+5
地211-57	2402.375	99.572	82.687	22.285	57.380	225.121	4.901	11.350	34.884	2.473	57.408	油层	chang4+5
地211-57	2402.500	91.040	82.551	17.954	57.497	225.242	4.957	11.366	34.790	2.474	57.564	油层	chang4+5
地211-57	2402.625	87.350	82.419	15.827	57.554	225.446	4.990	11.381	34.780	2.472	57.437	油层	chang4+5
地211-57	2402.750	89.117	82.293	16.208	58.172	225.849	5.141	11.417	34.502	2.468	58.006	油层	chang4+5
地211-57	2402.875	94.250	82.171	18.269	58.233	226.241	5.289	11.457	34.283	2.463	58.333	油层	chang4+5
地211-57	2403.000	99.559	82.053	20.694	55.327	226.236	5.114	11.472	34.959	2.458	55.958	油层	chang4+5
地211-57	2403.125	105.416	81.938	23.664	53.459	225.856	4.819	11.440	35.796	2.454	53.674	油层	chang4+5
地211-57	2403.250	110.290	81.828	26.382	52.217	225.409	4.601	11.395	36.318	2.452	52.560	油层	chang4+5
地211-57	2403.375	115.305	81.725	29.142	51.485	225.210	4.452	11.368	36.731	2.453	51.615	油层	chang4+5
地211-57	2403.500	119.192	81.630	31.845	51.173	225.289	4.435	11.370	36.811	2.457	51.378	油层	chang4+5
地211-57	2403.625	121.628	81.546	33.496	50.305	225.426	4.394	11.383	37.080	2.461	50.517	油层	chang4+5
地211-57	2403.750	124.504	81.476	35.232	50.069	225.567	4.385	11.397	37.213	2.466	50.037	油层	chang4+5
地211-57	2403.875	123.278	81.426	35.463	49.607	225.823	4.411	11.418	37.257	2.468	49.735	油层	chang4+5
地211-57	2404.000	113.466	81.400	30.287	49.127	226.288	4.480	11.457	37.248	2.467	49.416	油层	chang4+5
地211-57	2404.125	105.115	81.400	25.126	48.077	226.819	4.507	11.510	37.513	2.461	48.281	油层	chang4+5
地211-57	2404.250	103.607	81.429	23.391	47.446	227.205	4.545	11.552	37.656	2.454	47.566	油层	chang4+5
地211-57	2404.375	107.437	81.489	25.029	46.898	227.273	4.529	11.566	37.823	2.448	47.031	油层	chang4+5
地211-57	2404.500	111.768	81.584	27.820	46.466	227.063	4.438	11.551	38.098	2.445	46.476	油层	chang4+5
地211-57	2404.625	108.172	81.710	27.347	46.566	226.882	4.390	11.530	38.156	2.448	46.499	油层	chang4+5
地211-57	2404.750	93.912	81.865	20.785	46.185	226.769	4.351	11.519	38.248	2.456	46.365	油层	chang4+5
地211-57	2404.875	78.502	82.047	13.718	45.701	226.085	4.191	11.473	38.629	2.468	45.822	油层	chang4+5
地211-57	2405.000	70.908	82.256	9.722	44.751	223.432	3.705	11.290	39.653	2.495	44.904	油层	chang4+5
地211-57	2405.125	68.416	82.484	8.371	44.440	218.372	2.852	10.846	41.519	2.515	44.414	油层	chang4+5
地211-57	2405.250	66.709	82.728	7.407	44.138	211.470	1.938	10.203	44.234	2.534	44.265	油层	chang4+5
地211-57	2405.375	63.526	82.987	6.045	43.417	204.333	1.209	9.502	47.848	2.551	43.597	油层	chang4+5
地211-57	2405.500	61.533	83.259	4.915	42.329	199.267	0.784	8.922	51.352	2.563	42.872	油层	chang4+5
地211-57	2405.625	61.024	83.542	4.538	40.285	197.292	0.619	8.668	54.251	2.570	40.705	干层	chang4+5
地211-57	2405.750	61.684	83.834	4.681	38.639	198.038	0.606	8.697	55.231	2.572	39.017	干层	chang4+5
地211-57	2405.875	63.155	84.138	5.167	36.948	199.752	0.652	8.857	55.423	2.571	37.352	干层	chang4+5
地211-57	2406.000	63.542	84.456	5.507	35.759	200.187	0.671	8.955	55.977	2.570	35.819	干层	chang4+5
地211-57	2406.125	62.678	84.790	5.194	35.066	199.120	0.626	8.870	56.878	2.569	35.368	干层	chang4+5
地211-57	2406.250	61.239	85.140	4.780	33.462	198.101	0.592	8.753	58.884	2.568	33.892	干层	chang4+5
地211-57	2406.375	59.522	85.509	4.333	32.354	199.463	0.671	8.818	59.557	2.564	32.635	干层	chang4+5
地211-57	2406.500	59.356	85.900	4.246	29.855	204.823	0.871	9.218	59.034	2.559	30.395	干层	chang4+5
地211-57	2406.625	63.515	86.314	5.706	28.143	212.645	1.100	9.950	56.625	2.553	28.387	干层	chang4+5
地211-57	2406.750	69.556	86.745	8.095	26.230	220.385	1.604	10.726	54.057	2.551	26.807	干层	chang4+5
地211-57	2406.875	76.930	87.196	10.903	24.290	225.293	2.029	11.279	53.513	2.555	24.717	干层	chang4+5
地211-57	2407.000	85.618	87.663	14.162	22.866	225.831	2.118	11.462	54.229	2.564	23.293	干层	chang4+5
地211-57	2407.125	95.517	88.145	33.983	21.209	223.628	0.010	0.100	99.900	2.576	21.566		chang4+5
地211-57	2407.250	102.993	88.632	42.806	20.308	220.684	0.010	0.100	99.900	2.590	20.443		chang4+5
地211-57	2407.375	106.511	89.124	47.639	19.352	218.593	0.010	0.100	99.900	2.602	19.594		chang4+5
地211-57	2407.500	107.328	89.613	50.082	18.623	217.795	0.010	0.100	99.900	2.610	18.694		chang4+5
地211-57	2407.625	104.200	90.097	46.960	18.225	217.534	0.010	0.100	99.900	2.616	18.351		chang4+5
地211-57	2407.750	99.639	90.566	41.914	17.761	217.301	0.010	0.100	99.900	2.618	17.864		chang4+5
地211-57	2407.875	97.314	91.017	38.660	17.513	217.035	0.010	0.100	99.900	2.619	17.567		chang4+5
地211-57	2408.000	94.973	91.439	36.711	17.313	217.034	0.010	0.100	99.900	2.618	17.292		chang4+5
地211-57	2408.125	90.910	91.833	32.827	17.413	217.449	0.010	0.100	99.900	2.613	17.385		chang4+5
地211-57	2408.250	87.689	92.189	29.386	17.633	218.331	0.010	0.100	99.900	2.604	17.567		chang4+5
地211-57	2408.375	89.486	92.503	29.756	18.007	220.116	0.010	0.100	99.900	2.587	17.931		chang4+5
地211-57	2408.500	97.373	92.766	35.655	17.765	224.334	0.010	0.100	99.900	2.561	17.835		chang4+5
地211-57	2408.625	107.928	92.980	47.255	17.318	232.089	0.010	0.100	99.900	2.532	17.472		chang4+5
地211-57	2408.750	116.616	93.142	59.040	16.798	243.334	0.010	0.100	99.900	2.506	16.905		chang4+5
地211-57	2408.875	121.293	93.251	66.700	16.309	256.086	0.010	0.100	99.900	2.490	16.422		chang4+5
地211-57	2409.000	125.141	93.302	73.180	15.883	266.500	0.010	0.100	99.900	2.494	16.090		chang4+5
地211-57	2409.125	125.287	93.306	75.194	15.546	271.388	0.010	0.100	99.900	2.515	15.465		chang4+5
地211-57	2409.250	120.451	93.266	69.148	15.915	268.510	0.010	0.100	99.900	2.549	15.823		chang4+5
地211-57	2409.375	112.487	93.186	58.594	17.007	257.221	0.010	0.100	99.900	2.586	16.688		chang4+5
地211-57	2409.500	105.688	93.072	49.125	18.754	240.481	0.010	0.100	99.900	2.613	18.591		chang4+5
地211-57	2409.625	100.293	92.935	42.683	19.563	225.224	0.010	0.100	99.900	2.625	19.330		chang4+5
地211-57	2409.750	96.192	92.784	28.919	20.291	216.374	0.505	5.254	81.871	2.622	20.150		chang4+5
地211-57	2409.875	94.605	92.626	18.071	20.616	215.276	0.997	10.393	63.700	2.607	20.535	差油层	chang4+5
地211-57	2410.000	90.848	92.467	16.950	21.562	218.933	1.212	10.659	61.094	2.586	21.223	差油层	chang4+5
地211-57	2410.125	88.361	92.314	15.888	22.704	222.592	1.615	11.042	57.269	2.567	22.514	差油层	chang4+5
地211-57	2410.250	89.684	92.171	16.389	24.154	224.461	1.930	11.264	54.712	2.552	23.719	差油层	chang4+5
地211-57	2410.375	91.524	92.040	17.309	25.611	224.777	2.124	11.321	52.695	2.540	25.297	差油层	chang4+5
地211-57	2410.500	92.724	91.922	17.876	26.286	224.807	2.195	11.318	51.799	2.529	26.186	差油层	chang4+5
地211-57	2410.625	93.668	91.812	18.447	26.582	225.477	2.288	11.367	51.224	2.519	26.548	差油层	chang4+5
地211-57	2410.750	95.084	91.709	19.063	26.965	226.865	2.479	11.489	50.402	2.508	26.841	差油层	chang4+5
地211-57	2410.875	96.870	91.608	20.068	27.332	228.404	2.734	11.641	49.392	2.499	27.225	差油层	chang4+5
地211-57	2411.000	100.085	91.502	21.490	28.455	229.144	3.003	11.745	48.050	2.495	28.258	差油层	chang4+5
地211-57	2411.125	103.200	91.389	44.092	29.507	228.982	0.010	0.100	99.900	2.497	29.185		chang4+5
地211-57	2411.250	105.702	91.264	46.708	30.203	228.641	0.010	0.100	99.900	2.505	30.124		chang4+5
地211-57	2411.375	110.024	91.126	51.352	30.578	229.109	0.010	0.100	99.900	2.519	30.424		chang4+5
地211-57	2411.500	115.424	90.973	58.471	33.313	230.636	0.010	0.100	99.900	2.535	32.484		chang4+5
地211-57	2411.625	118.077	90.809	63.255	36.298	232.114	0.010	0.100	99.900	2.547	35.729		chang4+5
地211-57	2411.750	113.533	90.638	59.768	39.917	232.406	0.010	0.100	99.900	2.554	38.886		chang4+5
地211-57	2411.875	98.990	90.466	44.376	44.220	231.025	0.010	0.100	99.900	2.550	43.267		chang4+5
地211-57	2412.000	86.663	90.299	16.445	46.422	228.678	4.854	11.754	37.856	2.536	45.459	油层	chang4+5
地211-57	2412.125	82.089	90.141	14.007	49.456	226.863	4.695	11.556	37.077	2.516	49.033	油层	chang4+5
地211-57	2412.250	79.850	89.999	13.023	50.959	226.441	4.659	11.484	36.714	2.495	50.636	油层	chang4+5
地211-57	2412.375	79.038	89.876	12.615	53.141	227.413	5.031	11.551	35.800	2.476	52.642	油层	chang4+5
地211-57	2412.500	80.135	89.773	12.929	53.475	228.874	5.504	11.692	35.141	2.464	53.308	油层	chang4+5
地211-57	2412.625	81.664	89.686	13.742	54.985	229.775	5.944	11.797	34.491	2.459	54.374	油层	chang4+5
地211-57	2412.750	81.677	89.610	13.879	56.766	229.828	6.240	11.818	33.789	2.459	56.445	油层	chang4+5
地211-57	2412.875	79.048	89.540	13.088	58.256	229.445	6.277	11.785	33.484	2.463	57.797	油层	chang4+5
地211-57	2413.000	75.054	89.465	11.552	62.180	229.418	6.646	11.765	32.420	2.469	61.862	油层	chang4+5
地211-57	2413.125	72.331	89.375	10.532	63.371	229.926	6.938	11.807	31.980	2.474	63.128	油层	chang4+5
地211-57	2413.250	72.959	89.264	10.425	64.010	230.474	7.249	11.865	31.627	2.480	63.912	油层	chang4+5
地211-57	2413.375	77.727	89.124	11.907	68.876	230.189	7.656	11.863	30.765	2.488	67.619	油层	chang4+5
地211-57	2413.500	79.978	88.946	13.232	71.065	227.930	7.355	11.717	30.538	2.501	70.300	油层	chang4+5
地211-57	2413.625	77.395	88.734	12.101	74.555	223.102	6.150	11.305	30.935	2.519	73.629	油层	chang4+5
地211-57	2413.750	73.791	88.491	13.969	78.030	215.524	2.575	5.523	65.675	2.543	77.254		chang4+5
地211-57	2413.875	70.186	88.222	15.424	81.313	206.445	0.010	0.100	99.900	2.568	80.523		chang4+5
地211-57	2414.000	66.725	87.935	13.121	83.839	199.291	0.010	0.100	99.900	2.589	83.837		chang4+5
地211-57	2414.125	62.531	87.642	10.351	82.080	196.855	0.010	0.100	99.900	2.600	83.042		chang4+5
地211-57	2414.250	60.603	87.356	8.628	77.169	199.749	0.010	0.100	99.900	2.598	78.463		chang4+5
地211-57	2414.375	62.945	87.089	9.511	73.036	206.388	0.010	0.100	99.900	2.584	73.956		chang4+5
地211-57	2414.500	67.670	86.855	12.130	70.017	213.972	0.010	0.100	99.900	2.561	70.412		chang4+5
地211-57	2414.625	72.565	86.659	9.303	68.616	220.425	4.221	10.769	33.577	2.536	68.876	油层	chang4+5
地211-57	2414.750	75.076	86.507	10.709	68.072	225.056	5.534	11.257	32.295	2.512	68.126	油层	chang4+5
地211-57	2414.875	74.101	86.403	10.913	65.259	227.683	6.316	11.554	31.961	2.492	66.010	油层	chang4+5
地211-57	2415.000	71.129	86.353	9.984	63.222	228.461	6.547	11.680	32.147	2.476	63.832	油层	chang4+5
地211-57	2415.125	68.661	86.348	9.234	61.547	228.292	6.305	11.674	32.721	2.462	61.680	油层	chang4+5
地211-57	2415.250	66.286	86.382	8.325	60.307	227.922	6.078	11.637	33.093	2.451	60.695	油层	chang4+5
地211-57	2415.375	66.660	86.451	8.207	58.810	227.709	5.847	11.613	33.588	2.443	59.158	油层	chang4+5
地211-57	2415.500	67.432	86.551	8.534	57.437	227.071	5.605	11.577	34.072	2.441	57.841	油层	chang4+5
地211-57	2415.625	66.909	86.670	8.259	56.136	225.103	5.007	11.419	35.007	2.446	56.329	油层	chang4+5
地211-57	2415.750	66.573	86.803	7.885	55.729	221.610	4.159	11.107	36.175	2.457	55.772	油层	chang4+5
地211-57	2415.875	68.734	86.944	8.058	54.877	217.669	3.282	10.723	37.682	2.473	55.152	油层	chang4+5
地211-57	2416.000	74.268	87.089	9.278	52.698	215.551	2.647	10.435	39.450	2.489	53.110	油层	chang4+5
地211-57	2416.125	82.493	87.238	12.168	49.890	216.476	2.577	10.461	40.208	2.503	50.895	油层	chang4+5
地211-57	2416.250	88.086	87.388	15.102	46.348	220.232	2.894	10.778	40.566	2.511	47.106	油层	chang4+5
地211-57	2416.375	88.523	87.542	16.148	44.777	225.297	3.660	11.255	39.694	2.515	45.115	油层	chang4+5
地211-57	2416.500	88.279	87.701	16.309	42.373	229.536	4.479	11.712	39.099	2.514	42.920	油层	chang4+5
地211-57	2416.625	90.028	87.869	17.290	40.666	232.061	4.960	11.990	39.126	2.510	40.898	油层	chang4+5
地211-57	2416.750	93.848	88.048	18.857	38.979	233.174	5.128	12.120	39.401	2.502	39.478	油层	chang4+5
地211-57	2416.875	99.697	88.241	21.622	36.962	233.694	5.006	12.177	40.296	2.490	37.390	油层	chang4+5
地211-57	2417.000	100.730	88.455	23.272	36.386	234.348	5.071	12.232	40.432	2.474	36.795	油层	chang4+5
地211-57	2417.125	94.848	88.689	21.160	35.090	235.301	5.087	12.319	41.003	2.457	35.275	油层	chang4+5
地211-57	2417.250	85.044	88.942	16.875	34.321	236.510	5.275	12.432	41.083	2.444	34.504	油层	chang4+5
地211-57	2417.375	77.698	89.218	13.547	32.669	238.103	5.449	12.576	41.456	2.438	33.121	油层	chang4+5
地211-57	2417.500	79.027	89.516	12.949	30.592	240.578	5.646	12.784	42.221	2.443	30.894	油层	chang4+5
地211-57	2417.625	87.716	89.835	16.612	28.832	243.978	6.279	13.098	42.248	2.458	29.405	油层	chang4+5
地211-57	2417.750	95.887	90.170	28.686	26.631	247.511	3.324	6.708	71.249	2.479	27.131		chang4+5
地211-57	2417.875	103.206	90.521	42.705	25.290	249.300	0.010	0.100	99.900	2.502	25.583		chang4+5
地211-57	2418.000	108.355	90.885	50.264	24.105	246.780	0.010	0.100	99.900	2.523	24.241		chang4+5
地211-57	2418.125	105.900	91.260	49.930	23.771	239.519	0.010	0.100	99.900	2.542	23.780		chang4+5
地211-57	2418.250	92.614	91.640	37.757	23.745	228.329	0.010	0.100	99.900	2.558	23.750		chang4+5
地211-57	2418.375	76.199	92.025	22.333	23.442	215.655	0.010	0.100	99.900	2.571	23.530		chang4+5
地211-57	2418.500	70.682	92.410	14.900	22.751	205.822	0.010	0.100	99.900	2.583	23.121		chang4+5
地211-57	2418.625	74.941	92.795	16.917	21.079	202.009	0.010	0.100	99.900	2.594	21.519		chang4+5
地211-57	2418.750	84.865	93.173	24.152	19.705	204.897	0.010	0.100	99.900	2.603	19.970		chang4+5
地211-57	2418.875	97.923	93.543	35.659	18.232	212.094	0.010	0.100	99.900	2.612	18.599		chang4+5
地211-57	2419.000	109.590	93.900	50.018	17.016	219.281	0.010	0.100	99.900	2.620	17.134		chang4+5
地211-57	2419.125	115.068	94.244	58.394	16.362	224.400	0.010	0.100	99.900	2.626	16.568		chang4+5
地211-57	2419.250	116.357	94.568	60.978	15.431	228.184	0.010	0.100	99.900	2.629	15.663		chang4+5
地211-57	2419.375	117.907	94.872	62.509	15.017	231.514	0.010	0.100	99.900	2.629	15.105		chang4+5
地211-57	2419.500	123.150	95.148	68.957	14.345	233.158	0.010	0.100	99.900	2.625	14.409		chang4+5
地211-57	2419.625	126.354	95.397	75.817	14.124	231.741	0.010	0.100	99.900	2.619	14.163		chang4+5
地211-57	2419.750	123.032	95.617	72.769	13.839	228.140	0.010	0.100	99.900	2.614	13.923		chang4+5
地211-57	2419.875	117.522	95.804	64.445	13.327	225.679	0.010	0.100	99.900	2.610	13.453		chang4+5
地211-57	2420.000	117.227	95.955	61.755	12.929	227.710	0.010	0.100	99.900	2.606	13.007		chang4+5
地211-57	2295.750--2420.000(平均)	106.486	90.498	48.269	19.668	238.711	0.586	2.398	90.190	2.479	19.670		
地211-57	2295.750--2420.000(最大)	175.891	98.247	99.900	83.839	411.890	7.656	13.744	99.900	2.675	83.837		
地211-57	2295.750--2420.000(最小)	59.356	79.255	4.154	7.025	185.309	0.010	0.100	30.538	1.571	6.734		
