井名	深度	GR	SP	SH	AT90	AC	PERM	POR	SW	DEN	RT	解释结论	层位
地213-67	2217.750	81.535	82.095	15.143	10.099	223.427	0.010	9.265	71.962	2.499	9.838		chang3
地213-67	2217.875	83.350	83.190	15.832	11.281	224.522	0.010	9.499	66.780	2.509	10.922		chang3
地213-67	2218.000	87.934	84.453	18.050	12.687	226.811	1.367	10.001	59.796	2.506	12.417		chang3
地213-67	2218.125	94.625	85.828	39.775	13.421	231.235	0.010	0.100	99.900	2.475	13.543		chang3
地213-67	2218.250	104.079	87.262	51.576	12.706	238.873	0.010	0.100	99.900	2.420	13.036		chang3
地213-67	2218.375	114.249	88.706	68.124	11.401	249.083	0.010	0.100	99.900	2.357	11.663		chang4+5
地213-67	2218.500	119.313	90.101	79.012	10.519	260.447	0.010	0.100	99.900	2.300	10.570		chang4+5
地213-67	2218.625	118.470	91.410	76.913	10.469	270.589	0.010	0.100	99.900	2.255	10.357		chang4+5
地213-67	2218.750	120.107	92.608	78.354	11.061	276.475	0.010	0.100	99.900	2.223	10.823		chang4+5
地213-67	2218.875	125.682	93.685	89.937	12.186	277.148	0.010	0.100	99.900	2.210	11.815		chang4+5
地213-67	2219.000	127.673	94.629	96.289	13.841	273.206	0.010	0.100	99.900	2.231	13.360		chang4+5
地213-67	2219.125	123.913	95.465	88.646	15.868	266.782	0.010	0.100	99.900	2.285	15.365		chang4+5
地213-67	2219.250	120.557	96.215	81.065	17.716	260.617	0.010	0.100	99.900	2.342	17.456		chang4+5
地213-67	2219.375	120.135	96.896	80.458	18.402	256.263	0.010	0.100	99.900	2.387	18.540		chang4+5
地213-67	2219.500	118.844	97.517	78.759	17.531	253.537	0.010	0.100	99.900	2.422	17.966		chang4+5
地213-67	2219.625	116.118	98.093	73.016	15.751	251.414	0.010	0.100	99.900	2.446	16.157		chang4+5
地213-67	2219.750	116.021	98.633	72.823	14.273	248.954	0.010	0.100	99.900	2.467	14.468		chang4+5
地213-67	2219.875	115.425	99.138	72.789	13.650	246.087	0.010	0.100	99.900	2.492	13.657		chang4+5
地213-67	2220.000	111.244	99.604	66.710	13.682	243.136	0.010	0.100	99.900	2.522	13.629		chang4+5
地213-67	2220.125	104.218	100.032	55.709	13.857	240.412	0.010	0.100	99.900	2.552	13.852		chang4+5
地213-67	2220.250	98.305	100.418	46.868	13.831	238.144	0.010	0.100	99.900	2.578	13.870		chang4+5
地213-67	2220.375	95.404	100.756	42.669	13.677	236.332	0.010	0.100	99.900	2.591	13.707		chang4+5
地213-67	2220.500	94.694	101.032	41.655	13.582	234.890	0.010	0.100	99.900	2.600	13.582		chang4+5
地213-67	2220.625	94.598	101.250	41.512	13.602	233.665	0.010	0.100	99.900	2.608	13.583		chang4+5
地213-67	2220.750	94.732	101.409	41.530	13.670	232.564	0.010	0.100	99.900	2.614	13.660		chang4+5
地213-67	2220.875	95.443	101.514	42.471	13.701	231.662	0.010	0.100	99.900	2.618	13.704		chang4+5
地213-67	2221.000	95.719	101.563	42.993	13.692	231.178	0.010	0.100	99.900	2.621	13.691		chang4+5
地213-67	2221.125	95.780	101.567	42.392	13.729	231.242	0.010	0.100	99.900	2.623	13.694		chang4+5
地213-67	2221.250	98.567	101.531	46.085	13.915	231.582	0.010	0.100	99.900	2.626	13.837		chang4+5
地213-67	2221.375	100.269	101.457	48.848	14.289	231.374	0.010	0.100	99.900	2.627	14.162		chang4+5
地213-67	2221.500	99.369	101.344	48.350	14.878	229.880	0.010	0.100	99.900	2.621	14.690		chang4+5
地213-67	2221.625	95.274	101.200	43.611	15.700	226.951	0.010	0.100	99.900	2.612	15.473		chang4+5
地213-67	2221.750	88.885	101.031	36.037	16.598	223.543	0.010	0.100	99.900	2.602	16.415		chang4+5
地213-67	2221.875	83.262	100.848	28.985	17.143	221.484	0.010	0.100	99.900	2.595	17.174		chang4+5
地213-67	2222.000	83.540	100.665	28.338	16.842	221.821	0.010	0.100	99.900	2.587	17.042		chang4+5
地213-67	2222.125	87.854	100.494	33.682	16.028	224.190	0.010	0.100	99.900	2.582	16.209		chang4+5
地213-67	2222.250	87.415	100.346	33.911	15.495	226.692	0.010	0.100	99.900	2.583	15.453		chang4+5
地213-67	2222.375	83.705	100.227	29.831	15.922	227.147	0.010	0.100	99.900	2.586	15.627		chang4+5
地213-67	2222.500	80.551	100.141	26.781	17.377	224.767	0.010	0.100	99.900	2.585	16.856		chang4+5
地213-67	2222.625	76.869	100.082	23.187	19.669	220.138	0.010	0.100	99.900	2.583	19.026		chang4+5
地213-67	2222.750	74.082	100.042	20.342	22.283	214.801	0.010	0.100	99.900	2.580	21.704		chang4+5
地213-67	2222.875	73.758	100.013	19.647	24.521	210.469	0.010	0.100	99.900	2.577	24.115		chang4+5
地213-67	2223.000	76.092	99.984	21.554	25.922	208.064	0.010	0.100	99.900	2.576	25.802		chang4+5
地213-67	2223.125	79.319	99.948	24.497	26.138	207.997	0.010	0.100	99.900	2.577	26.302		chang4+5
地213-67	2223.250	82.447	99.904	27.750	25.279	210.179	0.010	0.100	99.900	2.581	25.618		chang4+5
地213-67	2223.375	83.862	99.854	29.710	23.899	213.366	0.010	0.100	99.900	2.590	24.209		chang4+5
地213-67	2223.500	82.884	99.807	28.363	22.718	216.483	0.010	0.100	99.900	2.601	22.917		chang4+5
地213-67	2223.625	83.972	99.773	29.216	22.003	218.666	0.010	0.100	99.900	2.609	22.089		chang4+5
地213-67	2223.750	85.530	99.769	31.690	21.758	219.501	0.010	0.100	99.900	2.618	21.732		chang4+5
地213-67	2223.875	82.371	99.807	28.841	21.900	219.500	0.010	0.100	99.900	2.627	21.841		chang4+5
地213-67	2224.000	77.420	99.909	23.676	22.059	219.269	0.010	0.100	99.900	2.633	22.087		chang4+5
地213-67	2224.125	75.542	100.074	20.931	21.752	219.418	0.010	0.100	99.900	2.636	21.971		chang4+5
地213-67	2224.250	79.997	100.300	24.720	20.757	220.361	0.010	0.100	99.900	2.633	21.059		chang4+5
地213-67	2224.375	86.046	100.582	30.814	19.531	221.832	0.010	0.100	99.900	2.626	19.802		chang4+5
地213-67	2224.500	91.028	100.911	37.028	18.475	223.319	0.010	0.100	99.900	2.626	18.673		chang4+5
地213-67	2224.625	92.570	101.271	38.633	17.677	224.323	0.010	0.100	99.900	2.627	17.850		chang4+5
地213-67	2224.750	95.027	101.641	41.467	16.974	224.701	0.010	0.100	99.900	2.629	17.132		chang4+5
地213-67	2224.875	97.304	102.007	45.122	16.383	224.937	0.010	0.100	99.900	2.631	16.475		chang4+5
地213-67	2225.000	95.073	102.347	43.702	16.077	225.524	0.010	0.100	99.900	2.630	16.092		chang4+5
地213-67	2225.125	86.528	102.647	34.212	16.015	226.850	0.010	0.100	99.900	2.623	16.029		chang4+5
地213-67	2225.250	76.015	102.898	23.048	15.798	229.183	0.010	0.100	99.900	2.605	15.969		chang4+5
地213-67	2225.375	69.578	103.094	16.507	14.966	232.205	0.010	0.100	99.900	2.577	15.257		chang4+5
地213-67	2225.500	70.556	103.226	16.072	13.807	235.365	0.010	0.100	99.900	2.548	14.047		chang4+5
地213-67	2225.625	79.582	103.307	23.811	13.027	238.046	0.010	0.100	99.900	2.531	13.048		chang4+5
地213-67	2225.750	87.803	103.347	33.454	13.073	240.081	0.010	0.100	99.900	2.516	12.962		chang4+5
地213-67	2225.875	88.860	103.359	34.773	13.461	242.033	0.010	0.100	99.900	2.502	13.425		chang4+5
地213-67	2226.000	90.400	103.355	35.124	13.424	244.120	0.010	0.100	99.900	2.491	13.577		chang4+5
地213-67	2226.125	98.663	103.346	44.615	12.826	245.833	0.010	0.100	99.900	2.482	12.939		chang4+5
地213-67	2226.250	107.950	103.338	58.195	12.517	246.227	0.010	0.100	99.900	2.481	12.467		chang4+5
地213-67	2226.375	114.200	103.332	68.183	12.804	245.315	0.010	0.100	99.900	2.498	12.674		chang4+5
地213-67	2226.500	119.275	103.325	78.112	13.253	243.739	0.010	0.100	99.900	2.534	13.216		chang4+5
地213-67	2226.625	119.996	103.313	81.217	13.346	242.180	0.010	0.100	99.900	2.568	13.369		chang4+5
地213-67	2226.750	115.283	103.294	73.392	13.378	240.744	0.010	0.100	99.900	2.590	13.275		chang4+5
地213-67	2226.875	109.419	103.266	62.382	13.960	239.044	0.010	0.100	99.900	2.608	13.702		chang4+5
地213-67	2227.000	108.636	103.232	59.916	15.092	237.020	0.010	0.100	99.900	2.626	14.774		chang4+5
地213-67	2227.125	112.559	103.193	65.391	16.367	235.000	0.010	0.100	99.900	2.642	16.099		chang4+5
地213-67	2227.250	117.697	103.152	75.815	17.438	233.249	0.010	0.100	99.900	2.656	17.215		chang4+5
地213-67	2227.375	116.767	103.109	75.468	18.320	231.491	0.010	0.100	99.900	2.663	18.142		chang4+5
地213-67	2227.500	112.126	103.061	67.305	18.991	229.523	0.010	0.100	99.900	2.663	18.884		chang4+5
地213-67	2227.625	108.696	103.002	61.100	19.446	227.941	0.010	0.100	99.900	2.654	19.330		chang4+5
地213-67	2227.750	108.225	102.927	59.640	19.990	228.715	0.010	0.100	99.900	2.633	19.815		chang4+5
地213-67	2227.875	110.271	102.825	62.829	20.522	233.832	0.010	0.100	99.900	2.595	20.544		chang4+5
地213-67	2228.000	112.854	102.686	65.905	19.909	244.342	0.010	0.100	99.900	2.542	20.452		chang4+5
地213-67	2228.125	119.653	102.509	76.116	17.307	258.865	0.010	0.100	99.900	2.478	18.191		chang4+5
地213-67	2228.250	130.282	102.294	97.544	13.807	272.623	0.010	0.100	99.900	2.409	14.513		chang4+5
地213-67	2228.375	137.784	102.051	99.900	11.197	279.802	0.010	0.100	99.900	2.361	11.573		chang4+5
地213-67	2228.500	136.615	101.787	99.900	9.927	277.656	0.010	0.100	99.900	2.368	10.009		chang4+5
地213-67	2228.625	127.389	101.519	98.189	9.809	267.597	0.010	0.100	99.900	2.438	9.667		chang4+5
地213-67	2228.750	117.336	101.257	76.464	10.456	254.478	0.010	0.100	99.900	2.517	10.256		chang4+5
地213-67	2228.875	113.193	101.010	68.327	11.246	243.622	0.010	0.100	99.900	2.577	11.089		chang4+5
地213-67	2229.000	112.121	100.784	66.509	11.851	236.424	0.010	0.100	99.900	2.610	11.740		chang4+5
地213-67	2229.125	111.071	100.577	65.060	12.317	231.807	0.010	0.100	99.900	2.624	12.204		chang4+5
地213-67	2229.250	109.433	100.388	62.127	12.780	228.051	0.010	0.100	99.900	2.625	12.677		chang4+5
地213-67	2229.375	109.113	100.216	61.363	13.179	224.547	0.010	0.100	99.900	2.619	13.105		chang4+5
地213-67	2229.500	109.194	100.065	62.265	13.481	222.025	0.010	0.100	99.900	2.613	13.410		chang4+5
地213-67	2229.625	106.336	99.939	58.386	13.789	221.242	0.010	0.100	99.900	2.605	13.706		chang4+5
地213-67	2229.750	102.182	99.840	51.854	14.132	222.202	0.010	0.100	99.900	2.598	14.051		chang4+5
地213-67	2229.875	100.627	99.768	48.881	14.449	223.602	0.010	0.100	99.900	2.595	14.388		chang4+5
地213-67	2230.000	102.480	99.725	51.208	14.681	224.389	0.010	0.100	99.900	2.596	14.641		chang4+5
地213-67	2230.125	104.412	99.701	54.858	14.848	224.032	0.010	0.100	99.900	2.599	14.809		chang4+5
地213-67	2230.250	103.057	99.683	52.691	15.042	222.678	0.010	0.100	99.900	2.607	14.973		chang4+5
地213-67	2230.375	102.948	99.661	52.046	15.387	221.116	0.010	0.100	99.900	2.621	15.262		chang4+5
地213-67	2230.500	104.143	99.615	54.499	15.985	219.830	0.010	0.100	99.900	2.637	15.782		chang4+5
地213-67	2230.625	102.100	99.532	52.175	16.887	219.053	0.010	0.100	99.900	2.650	16.624		chang4+5
地213-67	2230.750	98.293	99.402	46.606	18.028	218.797	0.010	0.100	99.900	2.666	17.716		chang4+5
地213-67	2230.875	96.824	99.217	43.888	19.399	218.634	0.010	0.100	99.900	2.689	19.014		chang4+5
地213-67	2231.000	98.788	98.968	46.389	21.123	217.908	0.010	0.100	99.900	2.693	20.618		chang4+5
地213-67	2231.125	99.752	98.664	49.048	23.404	215.851	0.010	0.100	99.900	2.692	22.722		chang4+5
地213-67	2231.250	94.744	98.316	43.181	26.408	212.068	0.010	0.100	99.900	2.688	25.562		chang4+5
地213-67	2231.375	87.821	97.940	34.360	29.749	207.598	0.010	0.100	99.900	2.682	29.084		chang4+5
地213-67	2231.500	84.579	97.556	30.241	31.918	203.759	0.010	0.100	99.900	2.672	31.852		chang4+5
地213-67	2231.625	83.938	97.189	30.179	31.503	201.623	0.010	0.100	99.900	2.657	32.127		chang4+5
地213-67	2231.750	80.054	96.865	26.477	28.724	201.505	0.010	0.100	99.900	2.625	29.526		chang4+5
地213-67	2231.875	75.500	96.607	21.843	25.482	202.442	0.010	0.100	99.900	2.584	26.189		chang4+5
地213-67	2232.000	73.721	96.452	19.636	22.743	203.780	0.010	0.100	99.900	2.566	23.244		chang4+5
地213-67	2232.125	76.130	96.409	21.410	20.828	205.399	0.010	0.100	99.900	2.556	21.161		chang4+5
地213-67	2232.250	80.246	96.486	25.528	19.581	207.898	0.010	0.100	99.900	2.548	19.777		chang4+5
地213-67	2232.375	82.745	96.686	27.856	18.872	212.034	0.010	0.100	99.900	2.547	18.960		chang4+5
地213-67	2232.500	86.470	97.016	31.065	18.539	218.392	0.010	0.100	99.900	2.553	18.593		chang4+5
地213-67	2232.625	92.682	97.445	38.642	18.265	227.014	0.010	0.100	99.900	2.559	18.370		chang4+5
地213-67	2232.750	95.629	97.948	42.278	17.679	237.092	0.010	0.100	99.900	2.564	17.935	干层	chang4+5
地213-67	2232.875	99.247	98.496	45.495	16.538	246.605	0.010	0.100	99.900	2.567	16.870	干层	chang4+5
地213-67	2233.000	108.739	99.054	58.248	15.227	253.766	0.010	0.100	99.900	2.572	15.489	干层	chang4+5
地213-67	2233.125	118.226	99.586	76.340	14.351	257.386	0.010	0.100	99.900	2.579	14.400	干层	chang4+5
地213-67	2233.250	118.122	100.065	78.633	14.296	257.347	0.010	0.100	99.900	2.585	14.196	干层	chang4+5
地213-67	2233.375	110.683	100.469	66.067	14.650	255.567	0.010	0.100	99.900	2.588	14.609	干层	chang4+5
地213-67	2233.500	103.201	100.772	53.665	14.502	253.396	0.010	0.100	99.900	2.589	14.778	干层	chang4+5
地213-67	2233.625	100.823	100.982	48.345	13.238	251.386	0.010	0.100	99.900	2.588	13.626	干层	chang4+5
地213-67	2233.750	106.451	101.105	55.918	11.751	249.221	0.010	0.100	99.900	2.589	12.010	干层	chang4+5
地213-67	2233.875	112.324	101.150	66.119	10.891	246.528	0.010	0.100	99.900	2.600	10.930	干层	chang4+5
地213-67	2234.000	113.536	101.120	69.204	10.865	243.454	0.010	0.100	99.900	2.620	10.769	干层	chang4+5
地213-67	2234.125	110.803	101.030	65.505	11.342	240.355	0.010	0.100	99.900	2.642	11.167	干层	chang4+5
地213-67	2234.250	105.273	100.890	57.391	12.129	237.196	0.010	0.100	99.900	2.656	11.897	干层	chang4+5
地213-67	2234.375	98.802	100.703	47.616	13.135	233.307	0.010	0.100	99.900	2.662	12.865		chang4+5
地213-67	2234.500	95.532	100.476	42.814	14.353	228.114	0.010	0.100	99.900	2.658	13.990		chang4+5
地213-67	2234.625	93.865	100.225	41.886	16.206	222.252	0.010	0.100	99.900	2.635	15.503		chang4+5
地213-67	2234.750	87.341	99.973	34.358	19.427	218.981	0.010	0.100	99.900	2.578	18.431		chang4+5
地213-67	2234.875	81.558	99.742	27.222	22.993	222.802	0.010	0.100	99.900	2.462	22.578		chang4+5
地213-67	2235.000	82.056	99.565	26.936	23.261	236.547	0.010	0.100	99.900	2.310	24.303		chang4+5
地213-67	2235.125	87.551	99.458	31.666	18.812	258.155	0.010	0.100	99.900	2.217	19.965		chang4+5
地213-67	2235.250	97.455	99.429	43.200	14.464	278.786	0.010	0.100	99.900	2.204	15.166		chang4+5
地213-67	2235.375	106.361	99.477	55.761	12.018	287.671	0.010	0.100	99.900	2.224	12.244		chang4+5
地213-67	2235.500	112.787	99.592	66.125	11.422	280.286	0.010	0.100	99.900	2.261	11.302		chang4+5
地213-67	2235.625	116.475	99.742	74.117	12.240	260.111	0.010	0.100	99.900	2.314	11.800		chang4+5
地213-67	2235.750	113.663	99.898	70.975	14.300	236.921	0.010	0.100	99.900	2.381	13.628		chang4+5
地213-67	2235.875	106.422	100.034	58.190	17.036	219.953	0.010	0.100	99.900	2.455	16.422		chang4+5
地213-67	2236.000	104.595	100.125	53.579	19.382	211.092	0.010	0.100	99.900	2.534	18.978		chang4+5
地213-67	2236.125	109.141	100.164	61.286	20.818	208.119	0.010	0.100	99.900	2.598	20.659		chang4+5
地213-67	2236.250	108.922	100.154	62.948	21.269	208.669	0.010	0.100	99.900	2.617	21.320		chang4+5
地213-67	2236.375	102.281	100.099	52.611	20.925	211.868	0.010	0.100	99.900	2.613	21.108		chang4+5
地213-67	2236.500	98.978	100.005	45.943	20.224	217.833	0.010	0.100	99.900	2.608	20.348		chang4+5
地213-67	2236.625	103.910	99.890	53.170	19.895	224.910	0.010	0.100	99.900	2.604	19.831		chang4+5
地213-67	2236.750	105.479	99.767	57.121	20.343	229.612	0.010	0.100	99.900	2.602	20.098		chang4+5
地213-67	2236.875	100.120	99.651	50.636	21.281	230.446	0.010	0.100	99.900	2.593	21.120		chang4+5
地213-67	2237.000	90.974	99.565	38.533	21.499	229.201	0.010	0.100	99.900	2.570	21.790		chang4+5
地213-67	2237.125	86.045	99.524	30.710	19.877	229.708	0.010	0.100	99.900	2.525	20.578	干层	chang4+5
地213-67	2237.250	93.726	99.541	37.620	16.992	234.922	0.010	0.100	99.900	2.486	17.660	干层	chang4+5
地213-67	2237.375	108.229	99.621	57.310	14.490	242.450	0.010	0.100	99.900	2.493	14.878	干层	chang4+5
地213-67	2237.500	118.370	99.771	76.569	13.162	248.021	0.010	0.100	99.900	2.518	13.264	干层	chang4+5
地213-67	2237.625	117.993	99.970	79.051	12.966	248.040	0.010	0.100	99.900	2.550	12.841	干层	chang4+5
地213-67	2237.750	108.231	100.196	62.867	13.564	241.714	0.010	0.100	99.900	2.585	13.359	干层	chang4+5
地213-67	2237.875	97.644	100.426	47.121	14.408	232.995	0.010	0.100	99.900	2.618	14.210	干层	chang4+5
地213-67	2238.000	89.939	100.635	36.559	15.188	225.280	0.010	0.100	99.900	2.640	15.036	干层	chang4+5
地213-67	2238.125	88.706	100.806	33.373	15.773	220.764	0.010	0.100	99.900	2.643	15.671	干层	chang4+5
地213-67	2238.250	96.484	100.930	41.812	16.123	220.487	0.010	0.100	99.900	2.631	16.099	干层	chang4+5
地213-67	2238.375	106.268	101.006	55.503	16.061	224.116	0.010	0.100	99.900	2.622	16.198		chang4+5
地213-67	2238.500	113.127	101.030	66.690	15.314	232.071	0.010	0.100	99.900	2.621	15.626		chang4+5
地213-67	2238.625	119.149	101.015	74.653	13.921	244.043	0.010	0.100	99.900	2.624	14.327		chang4+5
地213-67	2238.750	133.390	100.970	99.900	12.310	257.314	0.010	0.100	99.900	2.630	12.638		chang4+5
地213-67	2238.875	153.254	100.901	99.900	11.105	266.601	0.010	0.100	99.900	2.632	11.272		chang4+5
地213-67	2239.000	165.241	100.809	99.900	10.581	268.062	0.010	0.100	99.900	2.626	10.579		chang4+5
地213-67	2239.125	162.010	100.695	99.900	10.732	261.107	0.010	0.100	99.900	2.615	10.586		chang4+5
地213-67	2239.250	144.575	100.560	99.900	11.407	249.247	0.010	0.100	99.900	2.599	11.195		chang4+5
地213-67	2239.375	126.973	100.402	96.699	12.293	239.142	0.010	0.100	99.900	2.578	12.078		chang4+5
地213-67	2239.500	119.342	100.218	78.393	13.110	234.438	0.010	0.100	99.900	2.556	12.975		chang4+5
地213-67	2239.625	121.615	100.014	80.491	13.564	235.863	0.010	0.100	99.900	2.530	13.535		chang4+5
地213-67	2239.750	130.394	99.799	96.800	13.618	242.309	0.010	0.100	99.900	2.503	13.657		chang4+5
地213-67	2239.875	142.452	99.585	99.900	13.405	251.520	0.010	0.100	99.900	2.467	13.493		chang4+5
地213-67	2240.000	155.833	99.388	99.900	12.959	262.517	0.010	0.100	99.900	2.416	13.125		chang4+5
地213-67	2240.125	167.748	99.223	99.900	12.217	273.228	0.010	0.100	99.900	2.356	12.433		chang4+5
地213-67	2240.250	176.167	99.095	99.900	11.406	279.058	0.010	0.100	99.900	2.306	11.532		chang4+5
地213-67	2240.375	170.130	99.006	99.900	11.077	276.305	0.010	0.100	99.900	2.293	11.008		chang4+5
地213-67	2240.500	142.762	98.954	99.900	11.597	264.169	0.010	0.100	99.900	2.330	11.296		chang4+5
地213-67	2240.625	111.875	98.920	70.981	13.052	245.985	0.010	0.100	99.900	2.399	12.551		chang4+5
地213-67	2240.750	94.877	98.889	42.931	15.140	228.202	0.010	0.100	99.900	2.474	14.634		chang4+5
地213-67	2240.875	90.161	98.846	36.468	17.132	215.928	0.010	0.100	99.900	2.533	16.738		chang4+5
地213-67	2241.000	88.799	98.783	17.398	18.685	209.913	0.010	9.915	68.794	2.574	18.378		chang4+5
地213-67	2241.125	84.950	98.703	15.563	20.026	207.931	0.010	9.705	67.737	2.606	19.655		chang4+5
地213-67	2241.250	78.599	98.620	12.676	21.821	206.733	0.010	9.608	65.776	2.627	21.200		chang4+5
地213-67	2241.375	71.802	98.553	9.751	25.037	204.282	0.010	9.390	63.311	2.643	23.785		chang4+5
地213-67	2241.500	65.419	98.529	6.982	31.036	200.731	0.010	9.047	59.172	2.661	28.996		chang4+5
地213-67	2241.625	62.221	98.564	5.504	39.693	197.457	0.010	8.697	53.803	2.676	37.487		chang4+5
地213-67	2241.750	62.139	98.665	5.233	46.630	196.361	0.010	8.549	48.926	2.688	46.671		chang4+5
地213-67	2241.875	65.165	98.836	6.059	44.622	197.894	0.010	8.664	48.464	2.692	46.501		chang4+5
地213-67	2242.000	72.271	99.079	8.686	36.813	201.351	0.010	8.988	51.516	2.687	38.681		chang4+5
地213-67	2242.125	79.933	99.382	12.367	29.809	205.306	0.010	9.383	55.577	2.675	30.905		chang4+5
地213-67	2242.250	82.568	99.737	14.044	25.708	208.463	0.010	9.705	58.511	2.661	26.343		chang4+5
地213-67	2242.375	82.424	100.142	14.094	23.297	210.739	0.010	9.931	60.495	2.647	23.701		chang4+5
地213-67	2242.500	83.649	100.603	14.699	21.702	212.777	1.441	10.121	61.771	2.638	22.017		chang4+5
地213-67	2242.625	86.124	101.116	31.598	20.421	215.466	0.010	0.100	99.900	2.636	20.707		chang4+5
地213-67	2242.750	87.716	101.677	33.211	19.244	219.615	0.010	0.100	99.900	2.633	19.518		chang4+5
地213-67	2242.875	90.347	102.279	35.478	18.109	225.067	0.010	0.100	99.900	2.628	18.377		chang4+5
地213-67	2243.000	96.186	102.908	42.128	17.026	231.115	0.010	0.100	99.900	2.621	17.263		chang4+5
地213-67	2243.125	102.847	103.533	50.976	16.099	236.592	0.010	0.100	99.900	2.612	16.275		chang4+5
地213-67	2243.250	108.573	104.118	59.553	15.455	240.471	0.010	0.100	99.900	2.603	15.545		chang4+5
地213-67	2243.375	112.699	104.626	66.788	15.119	243.268	0.010	0.100	99.900	2.595	15.171		chang4+5
地213-67	2243.500	113.464	105.005	69.513	14.870	246.370	0.010	0.100	99.900	2.580	14.954		chang4+5
地213-67	2243.625	110.427	105.241	63.244	14.407	251.607	0.010	0.100	99.900	2.546	14.605		chang4+5
地213-67	2243.750	113.551	105.328	65.248	13.485	260.581	0.010	0.100	99.900	2.496	13.783		chang4+5
地213-67	2243.875	128.277	105.271	88.336	12.219	272.396	0.010	0.100	99.900	2.435	12.543		chang4+5
地213-67	2244.000	152.662	105.074	99.900	10.974	284.796	0.010	0.100	99.900	2.380	11.192		chang4+5
地213-67	2244.125	174.902	104.779	99.900	10.255	294.168	0.010	0.100	99.900	2.336	10.285		chang4+5
地213-67	2244.250	180.206	104.418	99.900	10.370	296.681	0.010	0.100	99.900	2.308	10.163		chang4+5
地213-67	2244.375	168.290	104.014	99.900	11.441	293.038	0.010	0.100	99.900	2.303	11.021		chang4+5
地213-67	2244.500	150.691	103.581	99.900	13.067	286.262	0.010	0.100	99.900	2.325	12.767		chang4+5
地213-67	2244.625	136.636	103.129	99.900	13.955	280.133	0.010	0.100	99.900	2.357	14.016		chang4+5
地213-67	2244.750	128.966	102.658	99.582	13.597	276.320	0.010	0.100	99.900	2.373	13.763		chang4+5
地213-67	2244.875	123.357	102.165	88.667	13.152	272.229	0.010	0.100	99.900	2.380	13.073		chang4+5
地213-67	2245.000	115.328	101.642	74.669	13.784	264.901	0.010	0.100	99.900	2.389	13.401		chang4+5
地213-67	2245.125	104.221	101.091	57.017	15.560	253.547	0.010	0.100	99.900	2.408	14.995		chang4+5
地213-67	2245.250	91.952	100.516	40.988	17.808	240.547	0.010	0.100	99.900	2.446	17.347		chang4+5
地213-67	2245.375	78.651	99.926	15.085	19.482	229.780	2.965	11.925	57.497	2.506	19.265		chang4+5
地213-67	2245.500	69.051	99.334	9.959	20.075	222.858	2.247	11.197	59.265	2.568	20.169		chang4+5
地213-67	2245.625	65.861	98.758	8.092	19.472	219.398	1.936	10.824	61.581	2.613	19.780		chang4+5
地213-67	2245.750	68.092	98.216	8.813	18.120	218.095	1.829	10.685	64.377	2.628	18.499		chang4+5
地213-67	2245.875	69.864	97.723	9.553	16.588	217.562	1.785	10.625	67.626	2.614	16.922		chang4+5
地213-67	2246.000	69.842	97.309	9.580	15.222	217.518	1.776	10.614	70.660	2.594	15.530		chang4+5
地213-67	2246.125	69.091	96.987	9.365	13.956	218.007	1.802	10.650	73.559	2.576	14.248		chang4+5
地213-67	2246.250	67.531	96.776	8.952	12.827	219.286	1.884	10.757	76.267	2.564	13.032		chang4+5
地213-67	2246.375	64.785	96.690	8.076	12.128	221.834	2.054	10.970	77.603	2.555	12.177		chang4+5
地213-67	2246.500	63.131	96.763	7.562	12.103	226.815	2.426	11.394	75.788	2.550	11.976		chang4+5
地213-67	2246.625	66.384	96.982	12.586	12.711	236.025	0.010	0.100	99.900	2.546	12.507		chang4+5
地213-67	2246.750	78.787	97.334	21.505	13.395	251.295	0.010	0.100	99.900	2.507	13.355		chang4+5
地213-67	2246.875	99.486	97.799	43.114	13.324	270.608	0.010	0.100	99.900	2.415	13.522		chang4+5
地213-67	2247.000	120.867	98.353	76.878	12.442	289.586	0.010	0.100	99.900	2.321	12.698		chang4+5
地213-67	2247.125	133.984	98.954	99.900	11.520	301.751	0.010	0.100	99.900	2.241	11.630		chang4+5
地213-67	2247.250	131.240	99.566	99.900	11.289	300.888	0.010	0.100	99.900	2.199	11.171		chang4+5
地213-67	2247.375	121.941	100.166	85.897	12.035	289.218	0.010	0.100	99.900	2.200	11.659		chang4+5
地213-67	2247.500	115.128	100.732	72.134	13.624	272.284	0.010	0.100	99.900	2.234	13.225		chang4+5
地213-67	2247.625	112.344	101.259	66.933	15.002	256.967	0.010	0.100	99.900	2.298	14.886		chang4+5
地213-67	2247.750	111.757	101.747	65.108	15.204	248.084	0.010	0.100	99.900	2.400	15.370		chang4+5
地213-67	2247.875	113.770	102.195	68.772	14.574	244.328	0.010	0.100	99.900	2.495	14.678		chang4+5
地213-67	2248.000	113.790	102.602	70.154	14.275	243.262	0.010	0.100	99.900	2.525	14.245		chang4+5
地213-67	2248.125	109.750	102.970	63.300	14.381	243.284	0.010	0.100	99.900	2.541	14.371		chang4+5
地213-67	2248.250	107.272	103.297	58.397	14.281	244.213	0.010	0.100	99.900	2.550	14.411		chang4+5
地213-67	2248.375	108.881	103.578	60.317	13.709	245.607	0.010	0.100	99.900	2.556	13.869		chang4+5
地213-67	2248.500	112.352	103.798	65.637	13.212	246.085	0.010	0.100	99.900	2.563	13.202		chang4+5
地213-67	2248.625	115.797	103.957	72.146	13.460	244.040	0.010	0.100	99.900	2.570	13.246		chang4+5
地213-67	2248.750	116.428	104.055	73.937	14.509	239.276	0.010	0.100	99.900	2.579	14.140		chang4+5
地213-67	2248.875	115.459	104.096	71.386	15.992	234.602	0.010	0.100	99.900	2.578	15.675		chang4+5
地213-67	2249.000	118.136	104.087	74.313	16.940	232.764	0.010	0.100	99.900	2.549	16.995		chang4+5
地213-67	2249.125	126.659	104.049	89.013	16.284	235.137	0.010	0.100	99.900	2.495	16.767		chang4+5
地213-67	2249.250	137.953	104.004	99.900	14.160	241.032	0.010	0.100	99.900	2.436	14.756		chang4+5
地213-67	2249.375	143.147	103.971	99.900	11.827	247.564	0.010	0.100	99.900	2.388	12.275		chang4+5
地213-67	2249.500	136.531	103.968	99.900	10.138	252.904	0.010	0.100	99.900	2.353	10.410		chang4+5
地213-67	2249.625	126.062	104.003	93.570	9.156	256.115	0.010	0.100	99.900	2.330	9.276		chang4+5
地213-67	2249.750	121.121	104.076	82.366	8.755	256.787	0.010	0.100	99.900	2.324	8.776		chang4+5
地213-67	2249.875	120.054	104.184	80.254	8.758	255.302	0.010	0.100	99.900	2.343	8.690		chang4+5
地213-67	2250.000	118.910	104.320	78.889	9.148	251.740	0.010	0.100	99.900	2.388	8.973		chang4+5
地213-67	2250.125	115.304	104.474	73.090	10.008	246.296	0.010	0.100	99.900	2.444	9.702		chang4+5
地213-67	2250.250	109.700	104.637	64.027	11.483	239.383	0.010	0.100	99.900	2.497	10.975		chang4+5
地213-67	2250.375	103.028	104.800	54.415	13.926	232.213	0.010	0.100	99.900	2.544	13.090		chang4+5
地213-67	2250.500	94.682	104.955	43.380	17.431	226.340	0.010	0.100	99.900	2.579	16.569		chang4+5
地213-67	2250.625	87.263	105.092	33.019	20.274	224.096	0.010	0.100	99.900	2.597	20.157		chang4+5
地213-67	2250.750	89.360	105.200	33.377	19.751	228.217	0.010	0.100	99.900	2.581	20.645		chang4+5
地213-67	2250.875	101.204	105.271	46.963	16.018	237.831	0.010	0.100	99.900	2.504	16.926		chang4+5
地213-67	2251.000	114.944	105.285	68.138	12.562	249.889	0.010	0.100	99.900	2.380	13.147		chang4+5
地213-67	2251.125	124.608	105.241	87.159	10.447	259.697	0.010	0.100	99.900	2.284	10.711		chang4+5
地213-67	2251.250	129.474	105.140	97.612	9.500	263.291	0.010	0.100	99.900	2.246	9.614		chang4+5
地213-67	2251.375	132.236	104.990	99.900	9.052	262.105	0.010	0.100	99.900	2.238	9.141		chang4+5
地213-67	2251.500	129.859	104.802	99.900	8.642	259.308	0.010	0.100	99.900	2.244	8.773		chang4+5
地213-67	2251.625	124.247	104.605	90.208	8.140	257.428	0.010	0.100	99.900	2.260	8.229		chang4+5
地213-67	2251.750	118.305	104.422	77.386	7.899	256.367	0.010	0.100	99.900	2.284	7.859		chang4+5
地213-67	2251.875	117.174	104.275	74.061	8.235	254.120	0.010	0.100	99.900	2.313	8.027		chang4+5
地213-67	2252.000	119.999	104.183	78.967	9.120	250.445	0.010	0.100	99.900	2.352	8.893		chang4+5
地213-67	2252.125	122.972	104.146	85.140	9.889	247.593	0.010	0.100	99.900	2.399	9.840		chang4+5
地213-67	2252.250	123.721	104.161	87.784	9.872	248.784	0.010	0.100	99.900	2.437	10.042		chang4+5
地213-67	2252.375	120.609	104.219	83.102	9.175	253.539	0.010	0.100	99.900	2.466	9.334		chang4+5
地213-67	2252.500	114.179	104.314	70.957	8.629	258.799	0.010	0.100	99.900	2.488	8.672		chang4+5
地213-67	2252.625	109.994	104.433	63.210	8.584	260.746	0.010	0.100	99.900	2.507	8.492		chang4+5
地213-67	2252.750	108.872	104.569	61.167	9.039	257.021	0.010	0.100	99.900	2.532	8.874		chang4+5
地213-67	2252.875	108.662	104.716	60.966	9.757	249.663	0.010	0.100	99.900	2.564	9.559		chang4+5
地213-67	2253.000	108.207	104.869	60.006	10.604	241.194	0.010	0.100	99.900	2.597	10.383		chang4+5
地213-67	2253.125	108.534	105.019	60.697	11.526	233.711	0.010	0.100	99.900	2.636	11.303		chang4+5
地213-67	2253.250	107.772	105.156	60.191	12.398	228.548	0.010	0.100	99.900	2.671	12.228		chang4+5
地213-67	2253.375	104.965	105.266	55.699	13.013	225.940	0.010	0.100	99.900	2.675	12.936	差油层	chang4+5
地213-67	2253.500	103.488	105.331	53.255	13.272	226.236	0.010	0.100	99.900	2.663	13.256	差油层	chang4+5
地213-67	2253.625	103.546	105.343	52.870	13.256	229.668	0.010	0.100	99.900	2.641	13.324	差油层	chang4+5
地213-67	2253.750	105.656	105.297	55.434	12.819	236.356	0.010	0.100	99.900	2.610	13.040	差油层	chang4+5
地213-67	2253.875	109.002	105.195	61.035	11.825	245.319	0.010	0.100	99.900	2.567	12.118	差油层	chang4+5
地213-67	2254.000	110.099	105.036	62.929	10.641	255.632	0.010	0.100	99.900	2.517	10.896	差油层	chang4+5
地213-67	2254.125	110.816	104.837	63.658	9.704	265.828	0.010	0.100	99.900	2.461	9.834	差油层	chang4+5
地213-67	2254.250	113.567	104.612	66.957	9.281	273.884	0.010	0.100	99.900	2.417	9.293	差油层	chang4+5
地213-67	2254.375	120.669	104.375	78.029	9.315	278.697	0.010	0.100	99.900	2.408	9.244	差油层	chang4+5
地213-67	2254.500	131.864	104.139	99.213	9.630	280.044	0.010	0.100	99.900	2.410	9.542	差油层	chang4+5
地213-67	2254.625	144.860	103.914	99.900	10.004	278.568	0.010	0.100	99.900	2.416	9.910	差油层	chang4+5
地213-67	2254.750	151.343	103.707	99.900	10.476	275.397	0.010	0.100	99.900	2.426	10.301	差油层	chang4+5
地213-67	2254.875	147.795	103.525	99.900	11.330	272.089	0.010	0.100	99.900	2.437	11.030	差油层	chang4+5
地213-67	2255.000	139.554	103.378	99.900	12.463	269.614	0.010	0.100	99.900	2.441	12.281	差油层	chang4+5
地213-67	2255.125	133.064	103.269	99.900	12.868	268.500	0.010	0.100	99.900	2.430	13.040	差油层	chang4+5
地213-67	2255.250	132.124	103.204	99.900	11.950	268.405	0.010	0.100	99.900	2.393	12.327	差油层	chang4+5
地213-67	2255.375	131.088	103.187	99.900	10.477	267.781	0.010	0.100	99.900	2.345	10.756		chang4+5
地213-67	2255.500	124.435	103.229	91.448	9.466	265.361	0.010	0.100	99.900	2.326	9.593		chang4+5
地213-67	2255.625	115.653	103.323	73.770	9.070	260.759	0.010	0.100	99.900	2.326	9.065		chang4+5
地213-67	2255.750	110.461	103.462	64.238	9.165	254.737	0.010	0.100	99.900	2.345	9.086		chang4+5
地213-67	2255.875	108.282	103.633	60.420	9.543	248.904	0.010	0.100	99.900	2.381	9.414		chang4+5
地213-67	2256.000	107.613	103.817	59.247	10.118	244.004	0.010	0.100	99.900	2.433	9.949		chang4+5
地213-67	2256.125	107.742	103.994	59.047	10.853	239.978	0.010	0.100	99.900	2.492	10.653		chang4+5
地213-67	2256.250	108.618	104.146	61.341	11.715	236.291	0.010	0.100	99.900	2.550	11.485		chang4+5
地213-67	2256.375	105.620	104.261	57.678	12.706	232.519	0.010	0.100	99.900	2.602	12.441		chang4+5
地213-67	2256.500	99.791	104.331	49.150	13.831	228.863	0.010	0.100	99.900	2.635	13.543		chang4+5
地213-67	2256.625	95.550	104.363	42.990	15.014	226.009	0.010	0.100	99.900	2.644	14.740		chang4+5
地213-67	2256.750	93.847	104.367	41.115	16.060	224.879	0.010	0.100	99.900	2.649	15.882		chang4+5
地213-67	2256.875	91.737	104.350	37.983	16.677	225.404	0.010	0.100	99.900	2.652	16.624		chang4+5
地213-67	2257.000	93.171	104.319	38.740	16.820	226.876	0.010	0.100	99.900	2.657	16.847		chang4+5
地213-67	2257.125	98.147	104.276	45.577	16.722	228.149	0.010	0.100	99.900	2.663	16.737		chang4+5
地213-67	2257.250	99.258	104.221	48.100	16.717	228.168	0.010	0.100	99.900	2.672	16.677		chang4+5
地213-67	2257.375	95.858	104.152	43.982	16.918	226.926	0.010	0.100	99.900	2.685	16.842		chang4+5
地213-67	2257.500	91.769	104.062	38.459	17.221	224.844	0.010	0.100	99.900	2.691	17.155		chang4+5
地213-67	2257.625	89.969	103.954	36.492	17.465	222.517	0.010	0.100	99.900	2.685	17.428		chang4+5
地213-67	2257.750	87.810	103.831	33.909	17.590	220.533	0.010	0.100	99.900	2.672	17.582		chang4+5
地213-67	2257.875	86.857	103.698	32.434	17.592	219.188	0.010	0.100	99.900	2.659	17.614		chang4+5
地213-67	2258.000	88.761	103.562	33.721	17.503	218.434	0.010	0.100	99.900	2.648	17.521		chang4+5
地213-67	2258.125	93.631	103.428	40.199	17.489	217.821	0.010	0.100	99.900	2.641	17.446		chang4+5
地213-67	2258.250	93.267	103.303	41.113	17.808	216.680	0.010	0.100	99.900	2.641	17.626		chang4+5
地213-67	2258.375	86.781	103.188	33.900	18.695	214.933	0.010	0.100	99.900	2.650	18.384		chang4+5
地213-67	2258.500	79.847	103.090	25.938	20.035	213.169	0.010	0.100	99.900	2.663	19.677		chang4+5
地213-67	2258.625	78.160	103.008	23.318	21.397	212.357	0.010	0.100	99.900	2.670	21.170		chang4+5
地213-67	2258.750	82.033	102.943	27.142	22.114	213.388	0.010	0.100	99.900	2.669	22.114		chang4+5
地213-67	2258.875	85.538	102.899	30.363	21.883	216.028	0.010	0.100	99.900	2.666	22.115		chang4+5
地213-67	2259.000	91.297	102.879	35.999	20.733	219.786	0.010	0.100	99.900	2.662	21.149		chang4+5
地213-67	2259.125	99.423	102.879	46.569	18.994	224.076	0.010	0.100	99.900	2.655	19.415		chang4+5
地213-67	2259.250	103.467	102.895	53.514	17.365	228.263	0.010	0.100	99.900	2.646	17.660		chang4+5
地213-67	2259.375	101.304	102.923	51.358	16.338	231.519	0.010	0.100	99.900	2.638	16.432		chang4+5
地213-67	2259.500	95.581	102.952	44.185	16.121	232.845	0.010	0.100	99.900	2.637	16.043		chang4+5
地213-67	2259.625	88.601	102.971	35.506	16.622	231.362	0.010	0.100	99.900	2.646	16.367		chang4+5
地213-67	2259.750	83.315	102.966	29.703	17.899	226.944	0.010	0.100	99.900	2.660	17.430		chang4+5
地213-67	2259.875	78.492	102.929	25.058	19.914	221.616	0.010	0.100	99.900	2.670	19.382		chang4+5
地213-67	2260.000	73.475	102.847	20.047	21.879	217.549	0.010	0.100	99.900	2.674	21.597		chang4+5
地213-67	2260.125	72.321	102.722	17.934	22.505	216.353	0.010	0.100	99.900	2.673	22.769		chang4+5
地213-67	2260.250	79.031	102.557	23.002	21.213	218.072	0.010	0.100	99.900	2.669	21.671		chang4+5
地213-67	2260.375	89.600	102.362	34.718	19.453	220.188	0.010	0.100	99.900	2.666	19.766		chang4+5
地213-67	2260.500	94.088	102.145	40.797	18.514	220.420	0.010	0.100	99.900	2.665	18.464		chang4+5
地213-67	2260.625	93.583	101.923	41.417	19.083	217.524	0.010	0.100	99.900	2.664	18.671		chang4+5
地213-67	2260.750	87.274	101.706	34.633	21.127	212.081	0.010	0.100	99.900	2.660	20.387		chang4+5
地213-67	2260.875	78.945	101.496	25.547	24.241	207.023	0.010	0.100	99.900	2.658	23.469		chang4+5
地213-67	2261.000	74.460	101.278	20.173	26.826	204.839	0.010	0.100	99.900	2.660	26.685		chang4+5
地213-67	2261.125	78.819	101.028	22.640	26.604	206.812	0.010	0.100	99.900	2.666	27.272		chang4+5
地213-67	2261.250	90.706	100.715	35.557	23.642	212.257	0.010	0.100	99.900	2.674	24.491	干层	chang4+5
地213-67	2261.375	96.368	100.308	44.462	20.434	217.924	0.010	0.100	99.900	2.680	20.956	干层	chang4+5
地213-67	2261.500	91.678	99.767	39.868	18.633	221.387	0.010	0.100	99.900	2.677	18.782	干层	chang4+5
地213-67	2261.625	82.262	99.103	18.101	18.331	221.634	2.122	11.052	63.142	2.655	18.164	干层	chang4+5
地213-67	2261.750	74.316	98.338	14.538	19.167	219.428	1.952	10.844	62.967	2.622	18.860	干层	chang4+5
地213-67	2261.875	66.036	97.510	11.108	20.444	217.075	1.765	10.599	62.121	2.602	20.138	干层	chang4+5
地213-67	2262.000	59.169	96.676	8.372	21.595	215.815	1.662	10.456	60.945	2.585	21.410	干层	chang4+5
地213-67	2262.125	56.831	95.894	7.456	22.304	215.856	1.656	10.446	59.925	2.571	22.179	干层	chang4+5
地213-67	2262.250	56.975	95.212	7.598	22.867	216.619	1.709	10.521	58.877	2.559	22.700	干层	chang4+5
地213-67	2262.375	56.010	94.663	7.472	23.620	217.251	1.758	10.589	57.681	2.550	23.395	干层	chang4+5
地213-67	2262.500	53.046	94.289	6.533	24.459	217.454	1.777	10.615	56.446	2.543	24.329	干层	chang4+5
地213-67	2262.625	51.787	94.082	5.852	24.805	217.279	1.767	10.602	55.890	2.542	24.868	干层	chang4+5
地213-67	2262.750	55.913	94.032	7.019	24.421	216.884	1.741	10.566	56.348	2.540	24.606	干层	chang4+5
地213-67	2262.875	60.176	94.131	8.581	23.706	216.311	1.705	10.515	57.487	2.536	23.834	干层	chang4+5
地213-67	2263.000	59.989	94.384	8.624	23.314	215.389	1.647	10.434	58.524	2.535	23.301		chang4+5
地213-67	2263.125	56.832	94.761	7.612	23.578	213.929	1.558	10.303	59.080	2.540	23.357		chang4+5
地213-67	2263.250	52.140	95.244	5.987	24.728	211.835	1.432	10.107	58.897	2.548	24.277		chang4+5
地213-67	2263.375	48.577	95.816	4.731	26.910	209.302	0.010	9.865	57.912	2.560	26.157		chang4+5
地213-67	2263.500	46.451	96.471	3.939	30.550	206.614	0.010	9.598	56.007	2.576	29.291		chang4+5
地213-67	2263.625	45.225	97.185	5.399	36.340	204.640	0.010	0.100	99.900	2.591	34.532		chang4+5
地213-67	2263.750	45.162	97.939	5.183	43.623	205.457	0.010	0.100	99.900	2.586	42.058		chang4+5
地213-67	2263.875	48.051	98.720	6.103	47.113	211.080	0.010	0.100	99.900	2.548	48.573		chang4+5
地213-67	2264.000	59.633	99.511	12.001	39.390	222.843	0.010	0.100	99.900	2.492	42.495		chang4+5
地213-67	2264.125	82.960	100.298	29.375	27.177	240.172	0.010	0.100	99.900	2.426	29.571		chang4+5
地213-67	2264.250	110.596	101.064	62.498	18.347	259.871	0.010	0.100	99.900	2.366	19.609		chang4+5
地213-67	2264.375	128.499	101.800	95.266	13.664	276.470	0.010	0.100	99.900	2.315	14.356		chang4+5
地213-67	2264.500	133.445	102.492	99.900	11.131	285.932	0.010	0.100	99.900	2.272	11.478		chang4+5
地213-67	2264.625	132.146	103.139	99.900	9.961	286.067	0.010	0.100	99.900	2.249	10.037		chang4+5
地213-67	2264.750	129.572	103.741	99.900	9.879	276.820	0.010	0.100	99.900	2.260	9.723		chang4+5
地213-67	2264.875	125.388	104.300	93.685	10.789	262.699	0.010	0.100	99.900	2.321	10.375		chang4+5
地213-67	2265.000	116.885	104.815	79.629	12.772	247.612	0.010	0.100	99.900	2.407	12.101		chang4+5
地213-67	2265.125	105.869	105.294	62.953	15.505	235.436	0.010	0.100	99.900	2.482	14.895		chang4+5
地213-67	2265.250	95.623	105.738	48.212	17.572	229.673	0.010	0.100	99.900	2.545	17.438		chang4+5
地213-67	2265.375	92.726	106.142	43.297	17.530	230.466	0.010	0.100	99.900	2.584	17.998		chang4+5
地213-67	2265.500	97.252	106.494	48.204	15.495	236.542	0.010	0.100	99.900	2.598	16.053		chang4+5
地213-67	2265.625	103.065	106.787	55.603	13.377	244.872	0.010	0.100	99.900	2.596	13.732		chang4+5
地213-67	2265.750	107.881	107.013	62.454	12.242	251.482	0.010	0.100	99.900	2.586	12.252		chang4+5
地213-67	2265.875	111.087	107.166	67.326	12.477	254.517	0.010	0.100	99.900	2.577	12.211		chang4+5
地213-67	2266.000	113.037	107.235	70.591	13.670	254.914	0.010	0.100	99.900	2.567	13.319		chang4+5
地213-67	2266.125	114.131	107.233	71.669	14.768	255.142	0.010	0.100	99.900	2.547	14.782		chang4+5
地213-67	2266.250	116.850	107.173	76.561	14.380	257.018	0.010	0.100	99.900	2.521	14.725		chang4+5
地213-67	2266.375	116.786	107.067	77.558	12.955	259.185	0.010	0.100	99.900	2.497	13.289		chang4+5
地213-67	2266.500	112.555	106.930	71.808	11.788	259.007	0.010	0.100	99.900	2.487	11.898		chang4+5
地213-67	2266.625	105.738	106.781	61.205	11.480	254.631	0.010	0.100	99.900	2.495	11.440		chang4+5
地213-67	2266.750	101.634	106.630	55.373	11.706	246.478	0.010	0.100	99.900	2.524	11.608		chang4+5
地213-67	2266.875	98.423	106.482	51.889	12.117	237.836	0.010	0.100	99.900	2.572	12.015		chang4+5
地213-67	2267.000	92.525	106.337	45.143	12.570	230.895	0.010	0.100	99.900	2.620	12.441		chang4+5
地213-67	2267.125	85.425	106.188	37.326	13.139	226.436	0.010	0.100	99.900	2.636	12.978		chang4+5
地213-67	2267.250	79.730	106.027	30.817	13.789	224.122	0.010	0.100	99.900	2.626	13.649		chang4+5
地213-67	2267.375	79.578	105.845	30.044	14.313	222.936	0.010	0.100	99.900	2.615	14.233		chang4+5
地213-67	2267.500	83.194	105.631	33.274	14.597	222.863	0.010	0.100	99.900	2.609	14.566		chang4+5
地213-67	2267.625	87.559	105.386	38.017	14.696	224.756	0.010	0.100	99.900	2.608	14.697		chang4+5
地213-67	2267.750	89.890	105.110	40.704	14.640	230.430	0.010	0.100	99.900	2.605	14.696		chang4+5
地213-67	2267.875	91.472	104.808	42.096	14.282	240.774	0.010	0.100	99.900	2.589	14.463		chang4+5
地213-67	2268.000	95.091	104.483	45.675	13.349	255.940	0.010	0.100	99.900	2.526	13.708		chang4+5
地213-67	2268.125	101.445	104.141	52.830	11.826	274.280	0.010	0.100	99.900	2.410	12.214		chang4+5
地213-67	2268.250	110.497	103.788	64.238	10.322	291.927	0.010	0.100	99.900	2.305	10.601		chang4+5
地213-67	2268.375	121.814	103.423	82.642	9.348	304.603	0.010	0.100	99.900	2.227	9.443		chang4+5
地213-67	2268.500	129.156	103.041	98.079	9.081	310.005	0.010	0.100	99.900	2.183	9.047		chang4+5
地213-67	2268.625	130.321	102.632	99.887	9.294	308.025	0.010	0.100	99.900	2.170	9.189		chang4+5
地213-67	2268.750	133.219	102.184	99.900	9.736	300.156	0.010	0.100	99.900	2.184	9.626		chang4+5
地213-67	2268.875	138.167	101.682	99.900	10.186	289.664	0.010	0.100	99.900	2.224	10.084		chang4+5
地213-67	2269.000	138.673	101.104	99.900	10.642	278.041	0.010	0.100	99.900	2.282	10.508		chang4+5
地213-67	2269.125	136.208	100.449	99.900	11.271	266.097	0.010	0.100	99.900	2.370	11.067		chang4+5
地213-67	2269.250	131.848	99.724	99.900	12.150	254.519	0.010	0.100	99.900	2.465	11.915		chang4+5
地213-67	2269.375	122.090	98.943	89.476	13.145	244.009	0.010	0.100	99.900	2.512	12.896		chang4+5
地213-67	2269.500	107.802	98.131	34.452	14.250	235.049	3.568	12.437	65.259	2.544	13.931		chang4+5
地213-67	2269.625	93.962	97.331	24.702	15.711	227.741	2.730	11.703	65.634	2.560	15.262		chang4+5
地213-67	2269.750	85.024	96.581	19.381	17.699	221.995	2.187	11.128	64.642	2.562	17.131		chang4+5
地213-67	2269.875	78.328	95.917	15.824	20.112	217.345	1.813	10.663	62.815	2.556	19.496		chang4+5
地213-67	2270.000	73.291	95.388	13.293	22.699	213.513	1.546	10.284	60.887	2.547	22.058		chang4+5
地213-67	2270.125	70.630	95.004	11.770	25.479	210.030	0.010	9.950	59.133	2.542	24.728		chang4+5
地213-67	2270.250	71.180	94.771	11.618	28.847	206.295	0.010	9.595	57.449	2.550	27.854		chang4+5
地213-67	2270.375	72.492	94.691	11.760	33.217	202.120	0.010	9.192	55.586	2.565	31.986		chang4+5
地213-67	2270.500	73.328	94.774	11.890	38.556	197.928	0.010	8.776	53.667	2.580	37.109		chang4+5
地213-67	2270.625	71.584	94.990	10.995	44.855	194.541	0.010	8.422	51.539	2.592	43.135		chang4+5
地213-67	2270.750	69.387	95.315	10.016	52.194	192.810	0.010	8.228	48.674	2.599	50.296		chang4+5
地213-67	2270.875	67.899	95.729	9.464	59.497	192.695	0.010	8.194	45.409	2.604	58.198		chang4+5
地213-67	2271.000	67.576	96.208	9.119	62.267	194.044	0.010	8.304	42.949	2.607	63.605		chang4+5
地213-67	2271.125	73.819	96.718	10.928	55.004	196.750	0.010	8.544	43.895	2.612	58.034		chang4+5
地213-67	2271.250	88.180	97.228	36.872	42.698	200.810	0.010	0.100	99.900	2.617	45.423	差油层	chang4+5
地213-67	2271.375	99.929	97.715	51.951	32.479	205.702	0.010	0.100	99.900	2.620	34.078	差油层	chang4+5
地213-67	2271.500	102.206	98.156	56.343	26.520	210.771	0.010	0.100	99.900	2.617	27.421	差油层	chang4+5
地213-67	2271.625	98.619	98.550	51.476	23.201	215.157	0.010	0.100	99.900	2.614	23.674	差油层	chang4+5
地213-67	2271.750	96.883	98.904	48.623	21.517	218.019	0.010	0.100	99.900	2.613	21.708	差油层	chang4+5
地213-67	2271.875	98.360	99.231	50.385	20.886	219.397	0.010	0.100	99.900	2.617	20.914	差油层	chang4+5
地213-67	2272.000	99.753	99.547	52.332	20.868	219.650	0.010	0.100	99.900	2.626	20.799	差油层	chang4+5
地213-67	2272.125	99.817	99.866	52.883	21.131	219.410	0.010	0.100	99.900	2.638	21.086	差油层	chang4+5
地213-67	2272.250	97.907	100.196	50.517	21.187	219.452	0.010	0.100	99.900	2.651	21.274	差油层	chang4+5
地213-67	2272.375	96.530	100.536	48.195	20.700	220.304	0.010	0.100	99.900	2.662	20.915	差油层	chang4+5
地213-67	2272.500	98.120	100.880	49.989	19.778	222.029	0.010	0.100	99.900	2.668	20.021	差油层	chang4+5
地213-67	2272.625	99.904	101.213	52.589	18.826	224.108	0.010	0.100	99.900	2.669	19.008	差油层	chang4+5
地213-67	2272.750	99.771	101.523	52.714	18.162	225.466	0.010	0.100	99.900	2.671	18.251	差油层	chang4+5
地213-67	2272.875	98.963	101.798	51.029	17.919	225.468	0.010	0.100	99.900	2.673	17.882	差油层	chang4+5
地213-67	2273.000	100.604	102.023	53.605	18.171	224.519	0.010	0.100	99.900	2.675	18.038	差油层	chang4+5
地213-67	2273.125	100.100	102.199	52.901	18.748	224.205	0.010	0.100	99.900	2.676	18.591		chang4+5
地213-67	2273.250	100.757	102.327	52.611	19.330	226.839	0.010	0.100	99.900	2.671	19.243		chang4+5
地213-67	2273.375	106.213	102.414	59.541	19.658	232.938	0.010	0.100	99.900	2.651	19.606		chang4+5
地213-67	2273.500	111.441	102.463	68.332	19.934	241.345	0.010	0.100	99.900	2.621	19.824		chang4+5
地213-67	2273.625	111.487	102.487	68.553	20.540	249.414	0.010	0.100	99.900	2.595	20.281		chang4+5
地213-67	2273.750	111.083	102.498	67.823	21.745	254.083	0.010	0.100	99.900	2.573	21.360		chang4+5
地213-67	2273.875	110.911	102.504	67.912	23.351	254.933	0.010	0.100	99.900	2.557	22.962		chang4+5
地213-67	2274.000	109.180	102.510	65.883	24.595	253.385	0.010	0.100	99.900	2.548	24.580		chang4+5
地213-67	2274.125	106.449	102.520	60.892	24.125	251.789	0.010	0.100	99.900	2.541	24.641		chang4+5
地213-67	2274.250	108.975	102.532	62.971	21.704	251.725	0.010	0.100	99.900	2.533	22.496		chang4+5
地213-67	2274.375	116.990	102.548	74.786	18.550	251.858	0.010	0.100	99.900	2.527	19.199		chang4+5
地213-67	2274.500	123.701	102.569	88.987	16.148	249.590	0.010	0.100	99.900	2.531	16.498		chang4+5
地213-67	2274.625	118.985	102.594	84.701	15.004	242.922	0.010	0.100	99.900	2.551	15.038		chang4+5
地213-67	2274.750	102.887	102.626	59.268	15.184	232.148	0.010	0.100	99.900	2.582	14.896		chang4+5
地213-67	2274.875	90.850	102.671	42.929	16.576	221.049	0.010	0.100	99.900	2.614	16.094		chang4+5
地213-67	2275.000	85.901	102.734	37.149	18.635	212.736	0.010	0.100	99.900	2.643	18.102		chang4+5
地213-67	2275.125	83.352	102.822	34.544	20.718	208.834	0.010	0.100	99.900	2.663	20.320		chang4+5
地213-67	2275.250	80.997	102.940	32.223	22.185	209.144	0.010	0.100	99.900	2.670	21.978		chang4+5
地213-67	2275.375	79.087	103.096	30.149	22.873	211.308	0.010	0.100	99.900	2.663	22.841		chang4+5
地213-67	2275.500	78.830	103.302	29.805	22.891	213.959	0.010	0.100	99.900	2.649	22.976		chang4+5
地213-67	2275.625	79.493	103.555	30.126	22.521	216.421	0.010	0.100	99.900	2.640	22.625		chang4+5
地213-67	2275.750	82.007	103.850	32.312	22.104	218.437	0.010	0.100	99.900	2.642	22.191		chang4+5
地213-67	2275.875	85.782	104.178	35.781	21.765	219.964	0.010	0.100	99.900	2.648	21.830		chang4+5
地213-67	2276.000	90.635	104.527	41.080	21.519	220.944	0.010	0.100	99.900	2.655	21.559		chang4+5
地213-67	2276.125	93.830	104.875	45.269	21.390	221.421	0.010	0.100	99.900	2.659	21.391		chang4+5
地213-67	2276.250	93.724	105.200	45.583	21.391	221.614	0.010	0.100	99.900	2.660	21.387		chang4+5
地213-67	2276.375	92.199	105.486	43.206	21.309	221.998	0.010	0.100	99.900	2.658	21.404		chang4+5
地213-67	2276.500	94.507	105.710	44.870	20.766	223.006	0.010	0.100	99.900	2.652	21.006		chang4+5
地213-67	2276.625	100.826	105.868	52.874	19.702	224.912	0.010	0.100	99.900	2.645	20.006		chang4+5
地213-67	2276.750	104.972	105.963	58.637	18.501	227.672	0.010	0.100	99.900	2.644	18.738		chang4+5
地213-67	2276.875	107.787	105.998	62.248	17.632	230.670	0.010	0.100	99.900	2.647	17.752		chang4+5
地213-67	2277.000	111.394	105.973	67.603	17.236	233.400	0.010	0.100	99.900	2.654	17.255		chang4+5
地213-67	2277.125	113.917	105.904	72.018	17.135	235.593	0.010	0.100	99.900	2.661	17.177		chang4+5
地213-67	2277.250	114.154	105.798	72.581	16.861	237.284	0.010	0.100	99.900	2.667	17.002		chang4+5
地213-67	2277.375	114.681	105.659	71.914	16.246	238.677	0.010	0.100	99.900	2.668	16.414		chang4+5
地213-67	2277.500	120.813	105.482	80.808	15.685	239.545	0.010	0.100	99.900	2.661	15.713		chang4+5
地213-67	2277.625	128.230	105.269	97.090	15.802	239.273	0.010	0.100	99.900	2.640	15.596		chang4+5
地213-67	2277.750	124.339	105.018	94.067	16.936	237.285	0.010	0.100	99.900	2.617	16.451		chang4+5
地213-67	2277.875	108.701	104.729	67.734	19.066	234.433	0.010	0.100	99.900	2.613	18.470		chang4+5
地213-67	2278.000	96.115	104.401	48.536	21.407	232.433	0.010	0.100	99.900	2.619	20.949		chang4+5
地213-67	2278.125	94.652	104.047	45.164	22.990	233.678	0.010	0.100	99.900	2.631	22.855		chang4+5
地213-67	2278.250	101.284	103.675	52.318	23.420	240.631	0.010	0.100	99.900	2.644	23.417		chang4+5
地213-67	2278.375	111.351	103.294	65.868	23.430	252.634	0.010	0.100	99.900	2.652	23.426		chang4+5
地213-67	2278.500	121.176	102.908	81.596	23.438	267.550	0.010	0.100	99.900	2.639	23.442		chang4+5
地213-67	2278.625	128.988	102.514	96.699	23.331	281.759	0.010	0.100	99.900	2.596	23.426		chang4+5
地213-67	2278.750	132.758	102.101	99.900	22.805	291.283	0.010	0.100	99.900	2.514	23.029		chang4+5
地213-67	2278.875	131.942	101.649	99.900	21.747	295.285	0.010	0.100	99.900	2.431	22.095		chang4+5
地213-67	2279.000	124.524	101.124	91.935	20.279	294.608	0.010	0.100	99.900	2.405	20.648		chang4+5
地213-67	2279.125	117.521	100.507	78.956	18.856	290.718	0.010	0.100	99.900	2.400	19.113		chang4+5
地213-67	2279.250	113.192	99.788	71.944	18.087	284.321	0.010	0.100	99.900	2.411	18.043	差油层	chang4+5
地213-67	2279.375	108.355	98.969	66.182	18.633	275.712	0.010	0.100	99.900	2.433	18.224	差油层	chang4+5
地213-67	2279.500	97.574	98.068	32.295	20.715	265.009	9.159	15.409	45.541	2.461	19.925	差油层	chang4+5
地213-67	2279.625	82.798	97.140	22.323	24.270	253.391	6.523	14.265	45.028	2.489	23.215	差油层	chang4+5
地213-67	2279.750	70.592	96.242	15.023	28.501	243.160	4.678	13.227	44.009	2.514	27.607	差油层	chang4+5
地213-67	2279.875	67.000	95.431	12.434	31.736	235.917	3.614	12.473	43.411	2.529	31.329	差油层	chang4+5
地213-67	2280.000	70.093	94.785	13.163	32.975	231.843	3.093	12.041	43.562	2.529	33.023	差油层	chang4+5
地213-67	2280.125	73.837	94.326	14.610	32.777	229.963	2.876	11.843	44.308	2.528	32.824	差油层	chang4+5
地213-67	2280.250	75.366	94.064	15.277	32.791	228.873	2.768	11.740	44.770	2.528	32.626	差油层	chang4+5
地213-67	2280.375	74.948	93.998	15.069	33.600	227.585	2.644	11.619	44.696	2.529	33.314	差油层	chang4+5
地213-67	2280.500	73.244	94.134	14.353	34.529	226.141	2.504	11.476	44.379	2.531	34.507	差油层	chang4+5
地213-67	2280.625	70.039	94.433	12.998	34.197	224.948	2.387	11.352	44.729	2.534	34.597	差油层	chang4+5
地213-67	2280.750	66.688	94.869	11.632	32.387	224.232	2.321	11.279	46.095	2.539	32.931	差油层	chang4+5
地213-67	2280.875	64.332	95.428	10.584	30.297	223.705	2.273	11.226	47.958	2.544	30.667		chang4+5
地213-67	2281.000	64.509	96.109	10.504	28.781	223.454	2.238	11.186	49.356	2.543	29.128		chang4+5
地213-67	2281.125	67.179	96.885	11.199	26.825	224.560	2.288	11.243	50.412	2.527	27.684		chang4+5
地213-67	2281.250	75.642	97.731	14.260	22.875	228.972	2.641	11.616	52.553	2.501	24.109		chang4+5
地213-67	2281.375	91.793	98.619	39.401	17.875	236.638	0.010	0.100	99.900	2.471	18.972		chang4+5
地213-67	2281.500	111.809	99.508	65.128	13.779	245.426	0.010	0.100	99.900	2.445	14.405		chang4+5
地213-67	2281.625	124.701	100.356	91.282	11.544	251.489	0.010	0.100	99.900	2.428	11.797		chang4+5
地213-67	2281.750	119.464	101.131	83.961	10.758	251.182	0.010	0.100	99.900	2.433	10.742		chang4+5
地213-67	2281.875	108.460	101.806	66.646	10.938	245.910	0.010	0.100	99.900	2.473	10.811		chang4+5
地213-67	2282.000	97.591	102.355	51.432	11.378	239.295	0.010	0.100	99.900	2.537	11.341		chang4+5
地213-67	2282.125	89.929	102.786	41.497	11.421	235.494	0.010	0.100	99.900	2.586	11.494		chang4+5
地213-67	2282.250	88.296	103.111	38.247	11.133	237.138	0.010	0.100	99.900	2.605	11.187		chang4+5
地213-67	2282.375	94.113	103.339	44.524	11.007	242.529	0.010	0.100	99.900	2.611	10.960		chang4+5
地213-67	2282.500	99.721	103.469	51.788	11.325	249.143	0.010	0.100	99.900	2.611	11.157		chang4+5
地213-67	2282.625	102.198	103.516	55.548	12.190	254.263	0.010	0.100	99.900	2.606	11.857		chang4+5
地213-67	2282.750	102.178	103.488	55.465	13.759	255.608	0.010	0.100	99.900	2.593	13.241		chang4+5
地213-67	2282.875	102.400	103.391	55.737	16.051	253.565	0.010	0.100	99.900	2.553	15.398		chang4+5
地213-67	2283.000	102.301	103.228	56.113	18.454	250.132	0.010	0.100	99.900	2.472	18.115		chang4+5
地213-67	2283.125	99.920	103.025	53.367	19.111	248.627	0.010	0.100	99.900	2.379	19.526		chang4+5
地213-67	2283.250	96.870	102.806	48.863	16.912	252.072	0.010	0.100	99.900	2.304	17.798		chang4+5
地213-67	2283.375	97.992	102.596	49.014	13.375	259.174	0.010	0.100	99.900	2.250	14.110		chang4+5
地213-67	2283.500	105.071	102.422	57.004	10.628	266.648	0.010	0.100	99.900	2.221	11.052		chang4+5
地213-67	2283.625	115.814	102.299	72.609	9.124	270.772	0.010	0.100	99.900	2.215	9.285		chang4+5
地213-67	2283.750	125.236	102.232	88.930	8.670	269.292	0.010	0.100	99.900	2.236	8.615		chang4+5
地213-67	2283.875	131.197	102.217	99.900	9.058	264.292	0.010	0.100	99.900	2.283	8.843		chang4+5
地213-67	2284.000	129.144	102.242	99.900	10.119	258.619	0.010	0.100	99.900	2.357	9.737		chang4+5
地213-67	2284.125	123.177	102.283	88.956	11.848	255.163	0.010	0.100	99.900	2.439	11.327		chang4+5
地213-67	2284.250	118.202	102.315	79.354	13.918	256.266	0.010	0.100	99.900	2.478	13.498		chang4+5
地213-67	2284.375	117.555	102.318	76.620	15.359	261.763	0.010	0.100	99.900	2.485	15.243		chang4+5
地213-67	2284.500	123.327	102.268	84.576	15.554	270.639	0.010	0.100	99.900	2.476	15.726		chang4+5
地213-67	2284.625	133.654	102.161	99.900	14.730	280.806	0.010	0.100	99.900	2.458	15.011		chang4+5
地213-67	2284.750	139.194	102.000	99.900	13.508	289.482	0.010	0.100	99.900	2.434	13.841		chang4+5
地213-67	2284.875	135.534	101.789	99.900	12.118	294.812	0.010	0.100	99.900	2.406	12.457		chang4+5
地213-67	2285.000	127.467	101.534	98.018	10.766	296.073	0.010	0.100	99.900	2.380	11.049		chang4+5
地213-67	2285.125	118.450	101.251	81.174	9.686	293.536	0.010	0.100	99.900	2.366	9.872		chang4+5
地213-67	2285.250	111.614	100.950	70.067	9.038	288.475	0.010	0.100	99.900	2.374	9.100		chang4+5
地213-67	2285.375	105.689	100.636	61.381	8.880	283.624	0.010	0.100	99.900	2.401	8.843		chang4+5
地213-67	2285.500	100.472	100.312	54.122	9.126	281.146	0.010	0.100	99.900	2.434	8.997		chang4+5
地213-67	2285.625	97.522	99.976	49.257	9.759	282.207	0.010	0.100	99.900	2.462	9.534		chang4+5
地213-67	2285.750	100.434	99.624	51.885	10.749	286.105	0.010	0.100	99.900	2.479	10.471		chang4+5
地213-67	2285.875	107.450	99.249	60.951	11.925	289.482	0.010	0.100	99.900	2.482	11.629		chang4+5
地213-67	2286.000	114.926	98.837	71.819	13.198	289.269	0.010	0.100	99.900	2.475	12.860		chang4+5
地213-67	2286.125	121.031	98.386	83.946	14.729	283.326	0.010	0.100	99.900	2.471	14.270		chang4+5
地213-67	2286.250	118.473	97.889	82.067	16.786	271.199	0.010	0.100	99.900	2.484	16.180		chang4+5
地213-67	2286.375	107.539	97.340	66.156	19.320	256.524	0.010	0.100	99.900	2.512	18.703		chang4+5
地213-67	2286.500	92.835	96.726	46.649	21.588	243.526	0.010	0.100	99.900	2.541	21.272		chang4+5
地213-67	2286.625	81.632	96.045	32.455	22.444	236.462	0.010	0.100	99.900	2.559	22.589		chang4+5
地213-67	2286.750	83.491	95.294	32.705	21.557	237.826	0.010	0.100	99.900	2.564	21.986		chang4+5
地213-67	2286.875	93.850	94.471	43.348	19.854	243.992	0.010	0.100	99.900	2.559	20.202		chang4+5
地213-67	2287.000	103.876	93.568	56.680	18.600	250.138	0.010	0.100	99.900	2.553	18.751		chang4+5
地213-67	2287.125	108.087	92.599	63.493	18.164	251.855	0.010	0.100	99.900	2.553	18.122		chang4+5
地213-67	2287.250	107.542	91.583	63.591	18.439	247.284	0.010	0.100	99.900	2.573	18.299		chang4+5
地213-67	2287.375	102.904	90.541	58.409	19.069	239.567	0.010	0.100	99.900	2.603	18.881		chang4+5
地213-67	2287.500	93.475	89.505	25.038	19.859	231.793	3.162	12.101	56.213	2.616	19.664		chang4+5
地213-67	2287.625	82.864	88.509	19.066	20.625	225.989	2.523	11.496	57.529	2.617	20.474		chang4+5
地213-67	2287.750	72.400	87.583	14.033	21.176	222.739	2.210	11.154	58.126	2.610	21.103		chang4+5
地213-67	2287.875	65.153	86.758	10.839	21.383	221.091	2.059	10.977	58.501	2.598	21.404		chang4+5
地213-67	2288.000	62.334	86.083	9.714	21.239	220.508	2.003	10.908	58.935	2.584	21.316		chang4+5
地213-67	2288.125	60.752	85.570	9.176	20.882	220.707	2.010	10.917	59.340	2.570	20.995		chang4+5
地213-67	2288.250	59.323	85.236	8.740	20.382	221.455	2.069	10.988	59.688	2.557	20.525		chang4+5
地213-67	2288.375	58.636	85.099	8.400	19.770	222.224	2.136	11.069	60.205	2.540	19.927		chang4+5
地213-67	2288.500	60.645	85.206	9.131	19.143	222.567	2.174	11.112	61.016	2.523	19.273		chang4+5
地213-67	2288.625	61.537	85.548	9.625	18.704	222.290	2.155	11.091	61.992	2.510	18.731		chang4+5
地213-67	2288.750	59.538	86.120	8.797	18.666	221.877	2.107	11.034	62.446	2.496	18.621		chang4+5
地213-67	2288.875	60.066	86.916	8.738	18.717	222.861	2.148	11.083	61.903	2.478	18.809		chang4+5
地213-67	2289.000	65.354	87.938	10.660	17.824	227.122	2.456	11.425	60.959	2.452	18.426		chang4+5
地213-67	2289.125	73.586	89.126	23.767	15.072	235.956	0.010	0.100	99.900	2.416	15.921		chang4+5
地213-67	2289.250	84.222	90.427	33.339	11.692	248.725	0.010	0.100	99.900	2.379	12.386		chang4+5
地213-67	2289.375	94.689	91.792	44.621	9.135	261.233	0.010	0.100	99.900	2.357	9.496		chang4+5
地213-67	2289.500	103.575	93.169	55.790	7.854	269.522	0.010	0.100	99.900	2.363	7.991		chang4+5
地213-67	2289.625	110.009	94.514	65.909	7.431	271.117	0.010	0.100	99.900	2.393	7.419		chang4+5
地213-67	2289.750	110.649	95.799	68.145	7.590	266.107	0.010	0.100	99.900	2.431	7.472		chang4+5
地213-67	2289.875	106.767	97.009	62.377	8.143	258.526	0.010	0.100	99.900	2.469	7.963		chang4+5
地213-67	2290.000	103.448	98.124	57.994	8.924	251.307	0.010	0.100	99.900	2.511	8.712		chang4+5
地213-67	2290.125	99.543	99.149	52.972	9.776	246.271	0.010	0.100	99.900	2.561	9.594		chang4+5
地213-67	2290.250	95.725	100.085	48.004	10.482	244.318	0.010	0.100	99.900	2.610	10.354		chang4+5
地213-67	2290.375	94.118	100.933	45.058	10.993	244.963	0.010	0.100	99.900	2.647	10.886		chang4+5
地213-67	2290.500	97.708	101.678	48.829	11.475	247.638	0.010	0.100	99.900	2.665	11.330		chang4+5
地213-67	2290.625	102.752	102.330	55.741	12.130	251.075	0.010	0.100	99.900	2.661	11.937		chang4+5
地213-67	2290.750	105.274	102.894	59.000	12.946	253.156	0.010	0.100	99.900	2.646	12.741		chang4+5
地213-67	2290.875	108.080	103.374	62.909	13.778	252.220	0.010	0.100	99.900	2.631	13.596		chang4+5
地213-67	2291.000	110.116	103.769	66.656	14.569	247.752	0.010	0.100	99.900	2.623	14.354		chang4+5
地213-67	2291.125	108.307	104.098	65.182	15.582	240.562	0.010	0.100	99.900	2.619	15.250		chang4+5
地213-67	2291.250	101.565	104.373	56.986	17.108	232.500	0.010	0.100	99.900	2.621	16.631		chang4+5
地213-67	2291.375	90.970	104.601	43.722	19.076	225.640	0.010	0.100	99.900	2.628	18.614		chang4+5
地213-67	2291.500	82.523	104.783	34.155	20.833	220.984	0.010	0.100	99.900	2.641	20.537		chang4+5
地213-67	2291.625	77.807	104.922	29.317	21.829	218.747	0.010	0.100	99.900	2.655	21.771		chang4+5
地213-67	2291.750	75.817	105.015	26.884	21.929	218.600	0.010	0.100	99.900	2.663	22.014		chang4+5
地213-67	2291.875	78.451	105.061	28.492	21.537	219.381	0.010	0.100	99.900	2.667	21.658		chang4+5
地213-67	2292.000	85.419	105.050	35.119	21.176	220.164	0.010	0.100	99.900	2.669	21.153		chang4+5
地213-67	2292.125	91.127	104.993	42.386	21.510	219.959	0.010	0.100	99.900	2.667	21.249		chang4+5
地213-67	2292.250	89.433	104.904	41.707	22.801	217.992	0.010	0.100	99.900	2.663	22.334		chang4+5
地213-67	2292.375	82.207	104.796	34.085	24.667	214.918	0.010	0.100	99.900	2.662	24.277		chang4+5
地213-67	2292.500	76.563	104.689	27.871	25.829	212.052	0.010	0.100	99.900	2.666	25.901		chang4+5
地213-67	2292.625	77.547	104.596	27.432	25.026	210.990	0.010	0.100	99.900	2.672	25.598		chang4+5
地213-67	2292.750	86.549	104.526	35.690	22.485	213.102	0.010	0.100	99.900	2.678	23.217		chang4+5
地213-67	2292.875	96.451	104.479	47.018	19.547	218.049	0.010	0.100	99.900	2.683	20.171		chang4+5
地213-67	2293.000	103.327	104.452	55.947	17.067	225.214	0.010	0.100	99.900	2.686	17.576		chang4+5
地213-67	2293.125	108.463	104.433	62.804	15.015	233.795	0.010	0.100	99.900	2.686	15.457		chang4+5
地213-67	2293.250	114.181	104.415	70.801	13.241	242.835	0.010	0.100	99.900	2.677	13.616		chang4+5
地213-67	2293.375	120.663	104.391	81.983	11.789	250.930	0.010	0.100	99.900	2.656	12.053		chang4+5
地213-67	2293.500	123.503	104.357	88.583	10.854	256.621	0.010	0.100	99.900	2.624	10.956		chang4+5
地213-67	2293.625	120.145	104.311	84.628	10.562	258.617	0.010	0.100	99.900	2.585	10.533		chang4+5
地213-67	2293.750	111.352	104.248	69.928	10.782	256.178	0.010	0.100	99.900	2.561	10.654		chang4+5
地213-67	2293.875	104.441	104.165	59.796	11.410	250.811	0.010	0.100	99.900	2.569	11.189		chang4+5
地213-67	2294.000	98.045	104.046	51.940	12.453	244.417	0.010	0.100	99.900	2.584	12.111		chang4+5
地213-67	2294.125	89.863	103.885	42.253	14.030	240.003	0.010	0.100	99.900	2.594	13.535		chang4+5
地213-67	2294.250	83.376	103.674	34.166	16.132	242.058	0.010	0.100	99.900	2.585	15.594		chang4+5
地213-67	2294.375	85.089	103.407	34.323	18.129	253.111	0.010	0.100	99.900	2.542	17.832		chang4+5
地213-67	2294.500	95.906	103.082	44.793	19.005	273.597	0.010	0.100	99.900	2.450	19.066		chang4+5
地213-67	2294.625	111.855	102.716	65.100	18.491	299.978	0.010	0.100	99.900	2.310	18.811		chang4+5
地213-67	2294.750	127.605	102.325	92.000	17.145	323.962	0.010	0.100	99.900	2.111	17.478		chang4+5
地213-67	2294.875	137.644	101.927	99.900	15.911	336.619	0.010	0.100	99.900	1.943	16.092		chang4+5
地213-67	2295.000	139.014	101.537	99.900	15.435	333.219	0.010	0.100	99.900	1.920	15.337		chang4+5
地213-67	2295.125	135.989	101.161	99.900	16.043	314.472	0.010	0.100	99.900	1.950	15.742		chang4+5
地213-67	2295.250	133.881	100.800	99.900	17.346	286.322	0.010	0.100	99.900	2.013	16.994		chang4+5
地213-67	2295.375	127.593	100.451	98.809	18.696	258.970	0.010	0.100	99.900	2.109	18.460		chang4+5
地213-67	2295.500	116.464	100.108	78.900	19.614	238.137	0.010	0.100	99.900	2.242	19.445		chang4+5
地213-67	2295.625	106.773	99.770	62.526	20.311	225.875	0.010	0.100	99.900	2.388	20.146		chang4+5
地213-67	2295.750	102.556	99.440	57.309	20.973	221.281	0.010	0.100	99.900	2.527	20.833		chang4+5
地213-67	2295.875	95.561	99.130	49.441	21.466	220.378	0.010	0.100	99.900	2.617	21.418		chang4+5
地213-67	2296.000	85.242	98.861	37.116	21.519	221.210	0.010	0.100	99.900	2.635	21.618		chang4+5
地213-67	2296.125	81.080	98.645	30.747	20.955	222.888	0.010	0.100	99.900	2.640	21.206		chang4+5
地213-67	2296.250	90.157	98.489	38.749	19.884	225.062	0.010	0.100	99.900	2.639	20.161		chang4+5
地213-67	2296.375	103.914	98.394	55.598	18.807	227.107	0.010	0.100	99.900	2.636	19.010		chang4+5
地213-67	2296.500	112.875	98.357	70.180	18.103	228.309	0.010	0.100	99.900	2.631	18.162		chang4+5
地213-67	2296.625	112.728	98.359	72.302	17.991	228.165	0.010	0.100	99.900	2.625	17.917		chang4+5
地213-67	2296.750	104.042	98.379	60.377	18.396	226.914	0.010	0.100	99.900	2.619	18.225		chang4+5
地213-67	2296.875	93.845	98.402	46.260	19.088	226.169	0.010	0.100	99.900	2.619	18.934		chang4+5
地213-67	2297.000	90.240	98.415	40.665	19.579	227.768	0.010	0.100	99.900	2.626	19.575		chang4+5
地213-67	2297.125	94.869	98.414	44.750	19.405	232.939	0.010	0.100	99.900	2.632	19.594		chang4+5
地213-67	2297.250	103.830	98.399	56.482	18.490	240.978	0.010	0.100	99.900	2.632	18.808	差油层	chang4+5
地213-67	2297.375	109.336	98.370	64.203	17.215	248.038	0.010	0.100	99.900	2.626	17.485	差油层	chang4+5
地213-67	2297.500	113.660	98.326	71.198	16.266	250.478	0.010	0.100	99.900	2.616	16.361	差油层	chang4+5
地213-67	2297.625	114.131	98.270	74.467	16.150	246.194	0.010	0.100	99.900	2.606	15.968	差油层	chang4+5
地213-67	2297.750	105.477	98.200	62.412	17.136	235.772	0.010	0.100	99.900	2.599	16.723	差油层	chang4+5
地213-67	2297.875	94.459	98.118	47.716	19.045	223.807	0.010	0.100	99.900	2.602	18.441	差油层	chang4+5
地213-67	2298.000	85.626	98.024	37.825	21.687	213.811	0.010	0.100	99.900	2.613	20.954	差油层	chang4+5
地213-67	2298.125	77.442	97.926	29.629	24.587	207.820	0.010	0.100	99.900	2.621	24.006	差油层	chang4+5
地213-67	2298.250	71.015	97.833	23.415	26.479	206.263	0.010	0.100	99.900	2.621	26.424	差油层	chang4+5
地213-67	2298.375	68.602	97.754	21.153	26.096	207.361	0.010	0.100	99.900	2.617	26.652	差油层	chang4+5
地213-67	2298.500	68.519	97.704	20.796	23.683	209.841	0.010	0.100	99.900	2.613	24.338	差油层	chang4+5
地213-67	2298.625	70.724	97.691	22.273	21.103	212.587	0.010	0.100	99.900	2.607	21.610	差油层	chang4+5
地213-67	2298.750	74.391	97.723	25.696	19.216	214.670	0.010	0.100	99.900	2.599	19.503	差油层	chang4+5
地213-67	2298.875	75.183	97.810	26.941	18.164	215.758	0.010	0.100	99.900	2.590	18.308	差油层	chang4+5
地213-67	2299.000	72.407	97.968	24.737	17.643	215.960	0.010	0.100	99.900	2.583	17.710	差油层	chang4+5
地213-67	2299.125	69.036	98.190	21.482	17.365	215.834	0.010	0.100	99.900	2.581	17.432		chang4+5
地213-67	2299.250	69.552	98.471	21.230	17.057	216.398	0.010	0.100	99.900	2.582	17.153		chang4+5
地213-67	2299.375	74.629	98.798	25.253	16.644	218.519	0.010	0.100	99.900	2.585	16.754		chang4+5
地213-67	2299.500	80.734	99.155	30.743	16.177	222.537	0.010	0.100	99.900	2.590	16.297		chang4+5
地213-67	2299.625	87.244	99.517	36.533	15.652	227.953	0.010	0.100	99.900	2.595	15.798		chang4+5
地213-67	2299.750	97.013	99.860	46.995	15.030	233.356	0.010	0.100	99.900	2.600	15.192	油层	chang4+5
地213-67	2299.875	106.799	100.167	60.775	14.379	237.222	0.010	0.100	99.900	2.601	14.516	油层	chang4+5
地213-67	2300.000	109.966	100.414	66.737	13.844	239.032	0.010	0.100	99.900	2.595	13.942	油层	chang4+5
地213-67	2300.125	108.501	100.594	63.443	13.457	239.325	0.010	0.100	99.900	2.585	13.532	油层	chang4+5
地213-67	2300.250	112.175	100.703	67.590	13.144	239.314	0.010	0.100	99.900	2.579	13.218	油层	chang4+5
地213-67	2300.375	119.982	100.736	79.866	12.840	239.919	0.010	0.100	99.900	2.583	12.908	油层	chang4+5
地213-67	2300.500	126.789	100.680	92.947	12.582	241.056	0.010	0.100	99.900	2.596	12.625	油层	chang4+5
地213-67	2300.625	127.963	100.540	98.994	12.434	242.067	0.010	0.100	99.900	2.617	12.444	油层	chang4+5
地213-67	2300.750	118.656	100.321	81.906	12.412	242.159	0.010	0.100	99.900	2.646	12.403	油层	chang4+5
地213-67	2300.875	111.360	100.028	68.574	12.471	241.023	0.010	0.100	99.900	2.676	12.439	油层	chang4+5
地213-67	2301.000	109.441	99.660	66.543	12.692	238.456	0.010	0.100	99.900	2.694	12.573	油层	chang4+5
地213-67	2301.125	103.632	99.236	59.864	13.344	234.460	0.010	0.100	99.900	2.682	13.069	油层	chang4+5
地213-67	2301.250	92.413	98.771	45.583	14.643	229.722	0.010	0.100	99.900	2.645	14.213	油层	chang4+5
地213-67	2301.375	82.687	98.278	34.590	16.358	226.064	0.010	0.100	99.900	2.615	16.004	油层	chang4+5
地213-67	2301.500	77.207	97.769	28.154	17.508	225.112	0.010	0.100	99.900	2.593	17.478	油层	chang4+5
地213-67	2301.625	80.321	97.256	29.564	17.471	227.365	0.010	0.100	99.900	2.582	17.603	油层	chang4+5
地213-67	2301.750	91.416	96.747	40.838	17.162	231.459	0.010	0.100	99.900	2.579	17.052	油层	chang4+5
地213-67	2301.875	99.751	96.245	52.527	17.989	234.622	0.010	0.100	99.900	2.580	17.508	油层	chang4+5
地213-67	2302.000	97.993	95.755	51.847	20.283	235.732	0.010	0.100	99.900	2.579	19.511	油层	chang4+5
地213-67	2302.125	90.260	95.280	42.323	23.397	235.643	0.010	0.100	99.900	2.567	22.726	油层	chang4+5
地213-67	2302.250	85.879	94.823	36.309	25.560	236.449	0.010	0.100	99.900	2.539	25.517	油层	chang4+5
地213-67	2302.375	89.146	94.390	38.805	24.992	238.975	0.010	0.100	99.900	2.512	25.699	油层	chang4+5
地213-67	2302.500	95.918	93.990	47.441	21.754	242.190	0.010	0.100	99.900	2.489	22.757	油层	chang4+5
地213-67	2302.625	96.312	93.628	49.403	17.803	244.256	0.010	0.100	99.900	2.476	18.581	油层	chang4+5
地213-67	2302.750	89.794	93.311	42.288	14.886	243.819	0.010	0.100	99.900	2.470	15.340	油层	chang4+5
地213-67	2302.875	81.744	93.046	33.581	13.281	241.612	0.010	0.100	99.900	2.469	13.451	油层	chang4+5
地213-67	2303.000	76.025	92.851	27.697	12.711	238.698	0.010	0.100	99.900	2.472	12.742	油层	chang4+5
地213-67	2303.125	74.369	92.725	25.398	12.636	235.912	0.010	0.100	99.900	2.477	12.611	油层	chang4+5
地213-67	2303.250	78.142	92.668	28.439	12.758	233.656	0.010	0.100	99.900	2.491	12.716	油层	chang4+5
地213-67	2303.375	83.525	92.671	33.515	12.956	231.911	0.010	0.100	99.900	2.519	12.888	油层	chang4+5
地213-67	2303.500	88.457	92.725	38.823	13.280	230.609	0.010	0.100	99.900	2.549	13.169	油层	chang4+5
地213-67	2303.625	90.888	92.798	42.425	13.780	229.547	0.010	0.100	99.900	2.579	13.630	油层	chang4+5
地213-67	2303.750	88.705	92.861	39.896	14.406	228.456	0.010	0.100	99.900	2.601	14.255	油层	chang4+5
地213-67	2303.875	87.493	92.888	38.388	15.005	227.325	0.010	0.100	99.900	2.616	14.884	油层	chang4+5
地213-67	2304.000	87.709	92.845	38.293	15.440	226.497	0.010	0.100	99.900	2.625	15.387	油层	chang4+5
地213-67	2304.125	89.416	92.721	40.222	15.583	226.486	0.010	0.100	99.900	2.626	15.608	油层	chang4+5
地213-67	2304.250	90.842	92.509	41.422	15.409	227.670	0.010	0.100	99.900	2.622	15.505	油层	chang4+5
地213-67	2304.375	94.497	92.199	44.868	14.971	229.588	0.010	0.100	99.900	2.614	15.105	油层	chang4+5
地213-67	2304.500	101.023	91.771	52.807	14.445	231.542	0.010	0.100	99.900	2.608	14.548	油层	chang4+5
地213-67	2304.625	105.405	91.226	60.688	14.106	232.762	0.010	0.100	99.900	2.606	14.120	油层	chang4+5
地213-67	2304.750	100.923	90.565	55.233	14.181	232.673	0.010	0.100	99.900	2.602	14.061	油层	chang4+5
地213-67	2304.875	94.166	89.788	47.210	14.767	231.590	0.010	0.100	99.900	2.597	14.560	油层	chang4+5
地213-67	2305.000	86.312	88.891	38.265	15.647	230.093	0.010	0.100	99.900	2.590	15.422	油层	chang4+5
地213-67	2305.125	80.988	87.903	31.562	16.526	228.906	0.010	0.100	99.900	2.580	16.358	油层	chang4+5
地213-67	2305.250	84.074	86.852	33.567	17.164	228.631	0.010	0.100	99.900	2.564	17.058	油层	chang4+5
地213-67	2305.375	92.340	85.767	42.214	17.548	229.230	0.010	0.100	99.900	2.537	17.499	油层	chang4+5
地213-67	2305.500	99.377	84.680	26.835	17.673	230.456	2.885	11.851	60.296	2.505	17.705	油层	chang4+5
地213-67	2305.625	101.421	83.622	28.355	17.457	231.958	3.044	11.997	59.901	2.481	17.572	油层	chang4+5
地213-67	2305.750	102.999	82.615	28.889	16.915	233.422	3.209	12.141	60.125	2.462	17.093	油层	chang4+5
地213-67	2305.875	110.396	81.673	33.262	16.164	234.734	3.362	12.271	60.919	2.451	16.355	油层	chang4+5
地213-67	2306.000	120.082	80.814	40.697	15.402	235.931	3.505	12.388	61.962	2.446	15.558	油层	chang4+5
地213-67	2306.125	123.845	80.029	45.054	14.822	237.061	3.646	12.499	62.817	2.447	14.911	油层	chang4+5
地213-67	2306.250	118.419	79.312	41.399	14.538	238.100	3.779	12.601	63.177	2.451	14.539	油层	chang4+5
地213-67	2306.375	110.533	78.653	35.998	14.593	239.003	3.900	12.691	62.813	2.451	14.532	油层	chang4+5
地213-67	2306.500	102.383	78.048	30.678	14.875	239.737	4.002	12.766	61.970	2.443	14.784	油层	chang4+5
地213-67	2306.625	96.233	77.483	26.826	15.253	240.175	4.076	12.820	60.973	2.431	15.163		chang4+5
地213-67	2306.750	93.702	76.948	24.995	15.652	239.747	4.053	12.803	60.297	2.421	15.539		chang4+5
地213-67	2306.875	95.354	76.438	25.566	16.237	237.522	3.817	12.630	60.092	2.419	16.009		chang4+5
地213-67	2307.000	96.929	75.948	26.499	17.540	232.478	3.268	12.192	60.153	2.428	16.958		chang4+5
地213-67	2307.125	90.307	75.466	23.248	20.650	224.250	2.465	11.435	59.396	2.451	19.381	差油层	chang4+5
地213-67	2307.250	71.912	74.986	13.720	27.244	213.862	1.638	10.421	56.941	2.488	24.665	差油层	chang4+5
地213-67	2307.375	56.772	74.504	13.210	40.469	204.310	0.010	0.100	99.900	2.534	35.401	差油层	chang4+5
地213-67	2307.500	51.342	74.024	8.755	61.184	198.228	0.010	0.100	99.900	2.581	56.500	差油层	chang4+5
地213-67	2307.625	54.104	73.554	10.160	74.815	197.352	0.010	0.100	99.900	2.610	75.999	差油层	chang4+5
地213-67	2307.750	59.651	73.103	13.753	66.920	201.888	0.010	0.100	99.900	2.602	71.073	差油层	chang4+5
地213-67	2307.875	66.003	72.682	18.151	51.003	208.819	0.010	0.100	99.900	2.576	53.785	差油层	chang4+5
地213-67	2308.000	73.858	72.302	12.780	40.792	215.290	1.581	10.337	43.829	2.552	42.204	差油层	chang4+5
地213-67	2308.125	81.780	71.956	16.990	35.934	218.865	1.879	10.751	45.700	2.534	36.327	差油层	chang4+5
地213-67	2308.250	81.152	71.637	17.188	34.872	218.368	1.873	10.743	46.796	2.520	34.690	差油层	chang4+5
地213-67	2308.375	74.297	71.332	14.251	35.872	215.662	1.683	10.485	47.252	2.515	35.448	差油层	chang4+5
地213-67	2308.500	65.741	71.029	10.528	37.375	213.004	1.490	10.199	47.205	2.523	37.216	差油层	chang4+5
地213-67	2308.625	61.932	70.720	8.697	37.648	212.364	1.421	10.089	47.221	2.535	37.878	差油层	chang4+5
地213-67	2308.750	64.953	70.404	9.849	36.549	214.603	1.542	10.279	47.084	2.537	36.921		chang4+5
地213-67	2308.875	67.736	70.086	11.298	35.113	218.395	1.796	10.641	46.716	2.531	35.373		chang4+5
地213-67	2309.000	67.921	69.778	11.741	34.136	222.343	2.109	11.037	46.008	2.523	34.290		chang4+5
地213-67	2309.125	68.047	69.495	11.859	33.577	225.358	2.388	11.353	45.351	2.510	33.649		chang4+5
地213-67	2309.250	71.044	69.245	13.115	33.400	226.931	2.549	11.522	44.990	2.495	33.347		chang4+5
地213-67	2309.375	74.105	69.037	14.505	33.755	227.471	2.611	11.586	44.634	2.480	33.568		chang4+5
地213-67	2309.500	75.101	68.882	15.094	34.668	227.352	2.605	11.580	44.145	2.468	34.345		chang4+5
地213-67	2309.625	73.183	68.780	14.478	36.246	226.916	2.565	11.539	43.436	2.456	35.690		chang4+5
地213-67	2309.750	68.413	68.731	12.644	38.898	226.425	2.518	11.490	42.242	2.446	38.006		chang4+5
地213-67	2309.875	62.337	68.738	10.463	42.948	226.002	2.478	11.448	40.443	2.446	41.719		chang4+5
地213-67	2310.000	55.444	68.814	7.989	48.169	225.595	2.442	11.411	38.274	2.448	46.836		chang4+5
地213-67	2310.125	51.150	68.954	6.400	53.558	224.964	2.395	11.360	36.327	2.451	52.386		chang4+5
地213-67	2310.250	50.640	69.156	6.128	58.330	223.616	2.290	11.245	35.046	2.457	57.263		chang4+5
地213-67	2310.375	50.653	69.415	6.043	63.088	221.257	2.105	11.032	34.311	2.468	61.703		chang4+5
地213-67	2310.500	49.674	69.726	5.540	69.557	217.989	1.856	10.721	33.614	2.483	67.467		chang4+5
地213-67	2310.625	49.054	70.070	5.063	78.453	214.550	1.605	10.372	32.532	2.502	76.167		chang4+5
地213-67	2310.750	49.847	70.431	5.075	85.236	212.268	1.440	10.120	31.316	2.520	85.683		chang4+5
地213-67	2310.875	51.888	70.793	5.521	80.546	211.987	1.402	10.059	31.824	2.524	83.822		chang4+5
地213-67	2311.000	56.150	71.145	6.773	66.766	213.802	1.497	10.210	34.342	2.507	70.187		chang4+5
地213-67	2311.125	61.654	71.479	9.041	53.894	216.984	1.704	10.514	37.524	2.484	55.945		chang4+5
地213-67	2311.250	61.621	71.793	9.599	46.213	220.256	1.953	10.846	39.710	2.461	47.406		chang4+5
地213-67	2311.375	57.206	72.089	8.168	41.626	222.559	2.153	11.089	41.191	2.442	42.439		chang4+5
地213-67	2311.500	56.054	72.371	7.590	38.295	223.626	2.258	11.209	42.551	2.429	39.056		chang4+5
地213-67	2311.625	60.004	72.645	8.812	35.155	223.738	2.274	11.227	44.326	2.428	35.889		chang4+5
地213-67	2311.750	64.581	72.918	10.541	32.258	223.451	2.248	11.198	46.448	2.446	32.831		chang4+5
地213-67	2311.875	66.207	73.196	11.160	30.204	223.281	2.231	11.178	48.305	2.473	30.446		chang4+5
地213-67	2312.000	67.180	73.481	11.470	29.486	223.291	2.231	11.179	49.123	2.489	29.439		chang4+5
地213-67	2312.125	68.974	73.774	12.065	29.847	223.300	2.235	11.183	48.945	2.499	29.634		chang4+5
地213-67	2312.250	71.601	74.075	13.123	30.694	223.104	2.221	11.167	48.288	2.501	30.520		chang4+5
地213-67	2312.375	73.176	74.383	13.722	31.290	222.743	2.191	11.132	47.847	2.496	31.247		chang4+5
地213-67	2312.500	74.816	74.699	14.233	31.385	222.347	2.157	11.093	47.852	2.486	31.427		chang4+5
地213-67	2312.625	77.608	75.023	15.440	31.208	221.993	2.128	11.059	48.110	2.475	31.254		chang4+5
地213-67	2312.750	78.802	75.356	16.053	31.004	221.626	2.099	11.025	48.384	2.465	31.061		chang4+5
地213-67	2312.875	78.157	75.701	15.755	30.698	221.157	2.062	10.981	48.735	2.456	30.823		chang4+5
地213-67	2313.000	77.532	76.061	15.343	30.064	220.620	2.019	10.928	49.355	2.451	30.301		chang4+5
地213-67	2313.125	78.243	76.434	15.560	29.008	220.199	1.981	10.881	50.361	2.448	29.314		chang4+5
地213-67	2313.250	78.918	76.817	16.037	27.701	220.174	1.973	10.871	51.532	2.446	28.041		chang4+5
地213-67	2313.375	76.741	77.210	15.300	26.286	220.655	2.004	10.909	52.728	2.444	26.625		chang4+5
地213-67	2313.500	72.615	77.609	13.797	24.923	221.670	2.078	11.000	53.808	2.440	25.213		chang4+5
地213-67	2313.625	67.301	78.015	11.922	23.806	223.175	2.197	11.139	54.558	2.437	24.007		chang4+5
地213-67	2313.750	62.122	78.430	9.970	23.071	225.043	2.357	11.320	54.791	2.434	23.168		chang4+5
地213-67	2313.875	60.748	78.857	9.549	22.739	226.894	2.532	11.505	54.519	2.432	22.766		chang4+5
地213-67	2314.000	60.637	79.302	9.692	22.696	228.279	2.679	11.653	54.064	2.431	22.656		chang4+5
地213-67	2314.125	59.190	79.763	9.364	22.983	228.668	2.742	11.715	53.628	2.433	22.822		chang4+5
地213-67	2314.250	56.112	80.236	8.221	23.840	227.543	2.653	11.628	53.190	2.437	23.493		chang4+5
地213-67	2314.375	54.396	80.711	7.359	25.554	225.014	2.434	11.402	52.486	2.441	24.938		chang4+5
地213-67	2314.500	55.065	81.169	7.342	28.535	221.256	2.123	11.053	51.311	2.449	27.500		chang4+5
地213-67	2314.625	55.355	81.600	7.099	33.265	216.595	1.772	10.609	49.392	2.463	31.806		chang4+5
地213-67	2314.750	55.631	81.994	6.915	39.627	211.562	1.437	10.115	47.118	2.489	37.879		chang4+5
地213-67	2314.875	54.319	82.355	11.103	46.485	207.047	0.010	0.100	99.900	2.531	45.156		chang4+5
地213-67	2315.000	51.961	82.695	9.583	50.722	204.039	0.010	0.100	99.900	2.582	50.689	干层	chang4+5
地213-67	2315.125	50.130	83.041	8.211	49.557	203.580	0.010	0.100	99.900	2.615	50.825	干层	chang4+5
地213-67	2315.250	50.546	83.420	8.363	43.864	206.445	0.010	0.100	99.900	2.623	45.549	干层	chang4+5
地213-67	2315.375	52.020	83.859	5.551	37.138	211.602	0.010	9.950	47.368	2.614	38.536	干层	chang4+5
地213-67	2315.500	54.649	84.386	6.692	31.737	217.684	1.727	10.547	48.944	2.594	32.715	干层	chang4+5
地213-67	2315.625	57.825	84.998	8.195	28.127	223.019	2.163	11.101	50.093	2.562	28.646	干层	chang4+5
地213-67	2315.750	58.991	85.688	8.912	26.344	225.935	2.457	11.427	50.835	2.523	26.489	干层	chang4+5
地213-67	2315.875	58.578	86.441	8.883	26.079	226.118	2.511	11.483	51.209	2.488	25.888	干层	chang4+5
地213-67	2316.000	57.024	87.246	8.268	27.117	224.023	2.339	11.299	51.131	2.467	26.683	干层	chang4+5
地213-67	2316.125	54.978	88.082	7.366	28.864	220.984	2.073	10.993	50.644	2.464	28.490		chang4+5
地213-67	2316.250	53.934	88.940	6.694	30.063	218.898	1.886	10.759	50.220	2.477	30.043		chang4+5
地213-67	2316.375	56.745	89.813	7.305	29.658	218.827	1.857	10.721	50.301	2.494	30.126		chang4+5
地213-67	2316.500	63.908	90.701	9.617	27.526	220.574	1.978	10.877	51.382	2.510	28.179		chang4+5
地213-67	2316.625	73.369	91.603	13.303	24.848	222.976	2.181	11.121	53.054	2.522	25.460		chang4+5
地213-67	2316.750	81.522	92.516	17.232	22.468	224.584	2.336	11.296	55.192	2.532	22.912		chang4+5
地213-67	2316.875	84.446	93.436	18.735	20.735	225.031	2.385	11.350	57.332	2.544	21.064		chang4+5
地213-67	2317.000	86.038	94.352	36.400	19.396	225.046	0.010	0.100	99.900	2.560	19.696		chang4+5
地213-67	2317.125	89.384	95.247	39.359	18.092	226.118	0.010	0.100	99.900	2.583	18.448		chang4+5
地213-67	2317.250	95.282	96.105	45.962	16.572	230.009	0.010	0.100	99.900	2.608	16.967		chang4+5
地213-67	2317.375	100.451	96.908	52.691	14.958	236.826	0.010	0.100	99.900	2.619	15.325		chang4+5
地213-67	2317.500	103.315	97.630	56.543	13.531	245.593	0.010	0.100	99.900	2.623	13.798		chang4+5
地213-67	2317.625	105.650	98.266	59.402	12.508	254.355	0.010	0.100	99.900	2.621	12.684		chang4+5
地213-67	2317.750	109.219	98.813	64.013	11.834	260.795	0.010	0.100	99.900	2.616	11.951		chang4+5
地213-67	2317.875	113.547	99.272	71.143	11.375	264.018	0.010	0.100	99.900	2.608	11.466		chang4+5
地213-67	2318.000	114.725	99.642	73.650	11.009	263.884	0.010	0.100	99.900	2.600	11.085		chang4+5
地213-67	2318.125	112.974	99.942	71.844	10.726	260.550	0.010	0.100	99.900	2.594	10.767		chang4+5
地213-67	2318.250	108.380	100.190	64.714	10.603	254.165	0.010	0.100	99.900	2.595	10.595		chang4+5
地213-67	2318.375	105.346	100.396	59.888	10.645	246.187	0.010	0.100	99.900	2.603	10.630		chang4+5
地213-67	2318.500	104.743	100.572	58.794	10.673	238.586	0.010	0.100	99.900	2.611	10.693		chang4+5
地213-67	2318.625	105.240	100.731	59.440	10.541	234.159	0.010	0.100	99.900	2.620	10.611		chang4+5
地213-67	2318.750	105.953	100.886	60.246	10.222	235.695	0.010	0.100	99.900	2.627	10.323		chang4+5
地213-67	2318.875	107.492	101.045	62.100	9.792	242.207	0.010	0.100	99.900	2.628	9.906		chang4+5
地213-67	2319.000	110.232	101.216	65.729	9.371	250.975	0.010	0.100	99.900	2.620	9.433		chang4+5
地213-67	2319.125	113.919	101.402	71.214	9.232	258.228	0.010	0.100	99.900	2.607	9.175		chang4+5
地213-67	2319.250	117.773	101.595	76.948	9.621	260.663	0.010	0.100	99.900	2.591	9.414		chang4+5
地213-67	2319.375	122.296	101.786	85.075	10.615	258.574	0.010	0.100	99.900	2.580	10.277		chang4+5
地213-67	2319.500	124.482	101.950	89.826	12.043	253.565	0.010	0.100	99.900	2.584	11.682		chang4+5
地213-67	2319.625	123.628	102.064	88.943	13.522	247.648	0.010	0.100	99.900	2.594	13.184		chang4+5
地213-67	2319.750	120.737	102.106	84.147	14.919	242.281	0.010	0.100	99.900	2.604	14.589		chang4+5
地213-67	2319.875	117.068	102.062	78.012	16.291	237.762	0.010	0.100	99.900	2.609	15.963		chang4+5
地213-67	2320.000	113.426	101.911	72.255	17.648	233.890	0.010	0.100	99.900	2.611	17.329		chang4+5
地213-67	2320.125	109.226	101.673	66.765	19.041	230.332	0.010	0.100	99.900	2.613	18.659		chang4+5
地213-67	2320.250	101.856	101.372	56.997	20.772	226.858	0.010	0.100	99.900	2.612	20.247		chang4+5
地213-67	2320.375	92.651	101.038	45.739	23.066	223.687	0.010	0.100	99.900	2.604	22.434		chang4+5
地213-67	2320.500	83.479	100.704	35.364	25.536	221.449	0.010	0.100	99.900	2.594	25.066		chang4+5
地213-67	2320.625	77.672	100.402	28.942	27.130	220.737	0.010	0.100	99.900	2.590	27.021		chang4+5
地213-67	2320.750	77.179	100.152	28.049	27.337	221.548	0.010	0.100	99.900	2.586	27.475		chang4+5
地213-67	2320.875	79.848	99.963	29.972	26.832	222.654	0.010	0.100	99.900	2.583	26.901		chang4+5
地213-67	2321.000	85.267	99.845	35.336	26.749	223.007	0.010	0.100	99.900	2.582	26.612		chang4+5
地213-67	2321.125	89.173	99.791	40.116	27.427	222.252	0.010	0.100	99.900	2.583	27.182		chang4+5
地213-67	2321.250	89.215	99.791	40.341	28.253	221.049	0.010	0.100	99.900	2.585	28.200		chang4+5
地213-67	2321.375	88.902	99.842	39.446	28.173	220.578	0.010	0.100	99.900	2.584	28.420		chang4+5
地213-67	2321.500	92.096	99.945	42.079	26.982	221.259	0.010	0.100	99.900	2.580	27.390		chang4+5
地213-67	2321.625	99.277	100.090	50.402	25.363	222.616	0.010	0.100	99.900	2.577	25.695		chang4+5
地213-67	2321.750	105.000	100.271	59.695	24.133	223.555	0.010	0.100	99.900	2.581	24.312		chang4+5
地213-67	2321.875	101.892	100.479	56.911	23.493	223.437	0.010	0.100	99.900	2.593	23.566		chang4+5
地213-67	2322.000	94.196	100.703	46.396	23.185	222.534	0.010	0.100	99.900	2.612	23.262		chang4+5
地213-67	2322.125	91.675	100.928	42.386	22.796	221.764	0.010	0.100	99.900	2.633	22.942		chang4+5
地213-67	2322.250	95.207	101.134	45.552	22.132	222.191	0.010	0.100	99.900	2.649	22.332		chang4+5
地213-67	2322.375	102.474	101.307	54.466	21.294	224.014	0.010	0.100	99.900	2.657	21.498		chang4+5
地213-67	2322.500	109.591	101.421	63.764	20.480	226.974	0.010	0.100	99.900	2.657	20.647		chang4+5
地213-67	2322.625	116.957	101.470	76.211	19.857	230.467	0.010	0.100	99.900	2.657	19.953		chang4+5
地213-67	2322.750	119.157	101.451	80.526	19.580	233.532	0.010	0.100	99.900	2.659	19.555		chang4+5
地213-67	2322.875	118.505	101.362	80.283	19.847	235.128	0.010	0.100	99.900	2.661	19.658		chang4+5
地213-67	2323.000	114.205	101.203	74.943	20.911	234.458	0.010	0.100	99.900	2.663	20.444		chang4+5
地213-67	2323.125	103.438	100.992	60.853	23.438	231.289	0.010	0.100	99.900	2.660	22.386		chang4+5
地213-67	2323.250	86.668	100.746	21.240	28.630	226.279	2.576	11.550	50.118	2.646	26.764		chang4+5
地213-67	2323.375	72.941	100.481	14.131	37.111	221.296	2.118	11.047	45.809	2.617	34.533		chang4+5
地213-67	2323.500	66.227	100.219	10.867	47.066	217.630	1.813	10.663	41.225	2.585	45.263		chang4+5
地213-67	2323.625	66.077	99.980	10.224	52.750	215.734	1.663	10.456	38.819	2.559	52.771		chang4+5
地213-67	2323.750	72.288	99.782	12.386	51.743	215.178	1.621	10.396	39.040	2.542	52.684		chang4+5
地213-67	2323.875	78.031	99.643	15.073	48.023	214.968	1.606	10.374	40.650	2.535	48.766		chang4+5
地213-67	2324.000	77.109	99.590	15.011	45.221	214.902	1.597	10.361	42.048	2.536	45.675		chang4+5
地213-67	2324.125	72.239	99.629	12.998	43.345	215.388	1.617	10.389	42.846	2.545	43.785		chang4+5
地213-67	2324.250	69.992	99.761	11.785	41.256	217.061	1.718	10.535	43.262	2.560	41.954		chang4+5
地213-67	2324.375	75.707	99.984	25.404	38.205	219.741	0.010	0.100	99.900	2.579	39.047		chang4+5
地213-67	2324.500	87.543	100.293	36.410	34.764	222.812	0.010	0.100	99.900	2.592	35.542		chang4+5
地213-67	2324.625	98.363	100.657	49.979	31.766	225.551	0.010	0.100	99.900	2.597	32.303		chang4+5
地213-67	2324.750	101.679	101.047	54.573	29.773	227.567	0.010	0.100	99.900	2.597	30.070		chang4+5
地213-67	2324.875	102.806	101.438	56.403	28.735	229.133	0.010	0.100	99.900	2.594	28.831		chang4+5
地213-67	2325.000	102.323	101.803	55.926	28.476	230.458	0.010	0.100	99.900	2.587	28.433		chang4+5
地213-67	2325.125	101.684	102.131	54.505	28.661	231.424	0.010	0.100	99.900	2.580	28.611		chang4+5
地213-67	2325.250	103.586	102.423	56.808	28.800	231.269	0.010	0.100	99.900	2.579	28.818		chang4+5
地213-67	2325.375	105.315	102.685	60.265	28.734	228.762	0.010	0.100	99.900	2.589	28.744		chang4+5
地213-67	2325.500	102.396	102.929	56.611	28.922	225.616	0.010	0.100	99.900	2.607	28.702		chang4+5
地213-67	2325.625	97.818	103.171	51.616	30.207	222.583	0.010	0.100	99.900	2.619	29.618		chang4+5
地213-67	2325.750	91.006	103.421	42.200	32.836	215.958	0.010	0.100	99.900	2.624	32.069		chang4+5
地213-67	2325.875	91.322	103.682	41.851	35.417	214.760	0.010	0.100	99.900	2.626	35.263		chang4+5
地213-67	2326.000	95.430	103.953	45.948	35.040	216.309	0.010	0.100	99.900	2.626	35.905		chang4+5
地213-67	2326.125	101.593	104.223	53.943	30.942	220.336	0.010	0.100	99.900	2.625	32.304		chang4+5
地213-67	2326.250	105.578	104.483	59.129	25.432	226.076	0.010	0.100	99.900	2.622	26.634		chang4+5
地213-67	2326.375	110.070	104.723	64.887	20.706	232.444	0.010	0.100	99.900	2.618	21.630		chang4+5
地213-67	2326.500	116.204	104.930	74.403	17.137	239.233	0.010	0.100	99.900	2.605	17.783		chang4+5
地213-67	2326.625	120.952	105.100	82.678	14.611	246.651	0.010	0.100	99.900	2.584	15.091		chang4+5
地213-67	2326.750	123.848	105.231	87.959	12.697	254.700	0.010	0.100	99.900	2.567	13.092		chang4+5
地213-67	2326.875	125.493	105.319	91.708	11.108	262.340	0.010	0.100	99.900	2.553	11.447		chang4+5
地213-67	2327.000	124.386	105.356	90.491	9.795	268.218	0.010	0.100	99.900	2.543	10.033		chang4+5
地213-67	2327.125	121.407	105.344	84.506	8.955	271.410	0.010	0.100	99.900	2.531	9.043		chang4+5
地213-67	2327.250	120.755	105.280	83.141	8.745	272.107	0.010	0.100	99.900	2.513	8.677		chang4+5
地213-67	2327.375	120.392	105.163	83.340	9.051	272.218	0.010	0.100	99.900	2.491	8.957		chang4+5
地213-67	2327.500	117.231	104.985	78.532	9.348	273.085	0.010	0.100	99.900	2.461	9.346		chang4+5
地213-67	2327.625	113.215	104.753	71.257	9.258	275.205	0.010	0.100	99.900	2.430	9.353		chang4+5
地213-67	2327.750	112.711	104.471	69.867	8.861	278.288	0.010	0.100	99.900	2.411	8.956		chang4+5
地213-67	2327.875	114.136	104.144	72.400	8.484	281.636	0.010	0.100	99.900	2.398	8.561		chang4+5
地213-67	2328.000	114.020	103.777	72.691	8.161	284.962	0.010	0.100	99.900	2.392	8.238		chang4+5
地213-67	2328.125	112.326	103.382	70.073	7.848	287.973	0.010	0.100	99.900	2.390	7.916		chang4+5
地213-67	2328.250	110.879	102.976	67.702	7.592	290.033	0.010	0.100	99.900	2.394	7.631		chang4+5
地213-67	2328.375	110.836	102.574	66.672	7.479	290.593	0.010	0.100	99.900	2.407	7.468		chang4+5
地213-67	2328.500	114.270	102.201	71.784	7.575	289.325	0.010	0.100	99.900	2.430	7.510		chang4+5
地213-67	2328.625	116.990	101.874	77.328	7.918	286.272	0.010	0.100	99.900	2.475	7.778		chang4+5
地213-67	2328.750	114.962	101.605	74.951	8.621	281.695	0.010	0.100	99.900	2.531	8.363		chang4+5
地213-67	2328.875	110.504	101.403	67.545	9.777	276.205	0.010	0.100	99.900	2.566	9.437		chang4+5
地213-67	2329.000	108.796	101.274	64.102	11.196	269.973	0.010	0.100	99.900	2.592	10.852		chang4+5
地213-67	2329.125	110.377	101.206	66.724	12.569	263.048	0.010	0.100	99.900	2.606	12.284		chang4+5
地213-67	2329.250	110.318	101.184	67.196	13.739	255.726	0.010	0.100	99.900	2.609	13.469		chang4+5
地213-67	2329.375	108.453	101.196	64.223	14.869	249.140	0.010	0.100	99.900	2.608	14.594		chang4+5
地213-67	2329.500	108.260	101.231	63.011	15.928	244.864	0.010	0.100	99.900	2.606	15.738		chang4+5
地213-67	2329.625	111.698	101.277	67.739	16.531	244.449	0.010	0.100	99.900	2.607	16.529		chang4+5
地213-67	2329.750	115.871	101.326	74.212	16.321	248.630	0.010	0.100	99.900	2.616	16.534		chang4+5
地213-67	2329.875	119.678	101.368	80.255	15.281	255.192	0.010	0.100	99.900	2.629	15.647		chang4+5
地213-67	2330.000	123.400	101.393	87.307	13.759	261.524	0.010	0.100	99.900	2.641	14.122		chang4+5
地213-67	2330.125	124.570	101.394	90.151	12.357	265.060	0.010	0.100	99.900	2.655	12.610		chang4+5
地213-67	2330.250	123.391	101.370	88.233	11.477	264.125	0.010	0.100	99.900	2.667	11.556		chang4+5
地213-67	2330.375	121.538	101.319	85.203	11.258	259.818	0.010	0.100	99.900	2.678	11.226		chang4+5
地213-67	2330.500	118.690	101.243	80.946	11.434	253.530	0.010	0.100	99.900	2.689	11.358		chang4+5
地213-67	2330.625	114.249	101.153	73.468	11.763	246.799	0.010	0.100	99.900	2.694	11.674		chang4+5
地213-67	2330.750	111.438	101.055	68.284	12.155	241.307	0.010	0.100	99.900	2.690	12.043		chang4+5
地213-67	2330.875	111.627	100.955	68.775	12.620	238.445	0.010	0.100	99.900	2.678	12.509		chang4+5
地213-67	2331.000	111.122	100.855	67.954	12.998	239.235	0.010	0.100	99.900	2.665	12.972		chang4+5
地213-67	2331.125	111.507	100.752	67.587	13.008	243.823	0.010	0.100	99.900	2.650	13.080		chang4+5
地213-67	2331.250	115.279	100.642	73.189	12.673	251.119	0.010	0.100	99.900	2.635	12.783		chang4+5
地213-67	2331.375	118.860	100.521	79.831	12.241	258.540	0.010	0.100	99.900	2.618	12.324		chang4+5
地213-67	2331.500	119.432	100.381	80.864	11.920	264.483	0.010	0.100	99.900	2.604	11.978		chang4+5
地213-67	2331.625	119.672	100.222	81.376	11.695	268.321	0.010	0.100	99.900	2.590	11.738		chang4+5
地213-67	2331.750	119.595	100.046	81.186	11.556	270.093	0.010	0.100	99.900	2.572	11.556		chang4+5
地213-67	2331.875	119.300	99.855	81.382	11.633	270.201	0.010	0.100	99.900	2.559	11.555		chang4+5
地213-67	2332.000	116.303	99.649	77.340	12.047	268.180	0.010	0.100	99.900	2.558	11.879		chang4+5
地213-67	2332.125	109.884	99.432	68.332	12.866	263.324	0.010	0.100	99.900	2.568	12.580		chang6
地213-67	2332.250	100.633	99.203	55.077	14.188	255.299	0.010	0.100	99.900	2.584	13.770		chang6
地213-67	2332.375	93.403	98.961	45.837	16.020	245.644	0.010	0.100	99.900	2.605	15.510		chang6
地213-67	2332.500	88.161	98.700	39.759	18.021	236.105	0.010	0.100	99.900	2.629	17.633		chang6
地213-67	2332.625	84.197	98.422	35.585	19.371	228.469	0.010	0.100	99.900	2.648	19.249		chang6
地213-67	2217.750--2332.625(平均)	97.638	98.067	49.234	19.278	237.510	0.388	2.164	90.895	2.542	19.276		
地213-67	2217.750--2332.625(最大)	180.206	107.235	99.900	85.236	336.619	9.159	15.409	99.900	2.694	85.683		
地213-67	2217.750--2332.625(最小)	45.162	68.731	3.939	7.431	192.695	0.010	0.100	31.316	1.920	7.419		
