井名	深度	GR	SP	SH	AT90	AC	PERM	POR	SW	DEN	RT	解释结论	层位
地201-59	2198.375	120.558	80.343	65.973	7.097	283.568	0.010	0.100	99.900	2.227	7.097	水层	chang3
地201-59	2198.500	122.685	80.508	68.552	7.050	259.813	0.010	0.100	99.900	2.262	7.050	水层	chang3
地201-59	2198.625	121.486	80.775	67.090	7.658	239.860	0.010	0.100	99.900	2.309	7.658	水层	chang3
地201-59	2198.750	117.200	81.158	62.033	8.975	229.939	0.010	0.100	99.900	2.355	8.975	水层	chang3
地201-59	2198.875	111.969	81.658	56.206	10.930	228.146	0.010	0.100	99.900	2.400	10.930	水层	chang3
地201-59	2199.000	107.930	82.251	51.950	13.700	230.824	0.010	0.100	99.900	2.453	13.700	水层	chang3
地201-59	2199.125	110.261	82.912	54.380	17.431	235.586	0.010	0.100	99.900	2.512	17.431		chang3
地201-59	2199.250	115.000	83.605	59.537	20.475	241.330	0.010	0.100	99.900	2.563	20.475		chang3
地201-59	2199.375	118.906	84.281	64.015	20.628	248.121	0.010	0.100	99.900	2.590	20.628		chang3
地201-59	2199.500	121.384	84.895	66.967	17.961	256.406	0.010	0.100	99.900	2.590	17.961		chang3
地201-59	2199.625	123.366	85.417	69.392	15.178	266.479	0.010	0.100	99.900	2.577	15.178		chang4+5
地201-59	2199.750	128.174	85.818	75.522	13.286	276.237	0.010	0.100	99.900	2.557	13.286		chang4+5
地201-59	2199.875	136.876	86.086	87.562	12.546	281.785	0.010	0.100	99.900	2.534	12.546		chang4+5
地201-59	2200.000	145.191	86.240	99.900	12.664	279.349	0.010	0.100	99.900	2.514	12.664		chang4+5
地201-59	2200.125	146.898	86.288	99.900	13.454	267.649	0.010	0.100	99.900	2.510	13.454		chang4+5
地201-59	2200.250	141.213	86.237	94.050	14.586	252.846	0.010	0.100	99.900	2.526	14.586		chang4+5
地201-59	2200.375	130.541	86.094	78.673	15.356	241.085	0.010	0.100	99.900	2.559	15.356		chang4+5
地201-59	2200.500	117.494	85.873	62.372	15.228	235.628	0.010	0.100	99.900	2.602	15.228		chang4+5
地201-59	2200.625	112.485	85.573	56.764	14.257	235.964	0.010	0.100	99.900	2.643	14.257		chang4+5
地201-59	2200.750	113.833	85.183	58.241	13.306	237.477	0.010	0.100	99.900	2.664	13.306		chang4+5
地201-59	2200.875	113.771	84.700	58.171	12.846	237.370	0.010	0.100	99.900	2.657	12.846		chang4+5
地201-59	2201.000	109.190	84.128	53.255	13.009	235.064	0.010	0.100	99.900	2.630	13.009		chang4+5
地201-59	2201.125	100.907	83.472	45.028	13.422	231.481	0.010	0.100	99.900	2.600	13.422		chang4+5
地201-59	2201.250	89.712	82.738	35.135	13.720	228.079	0.010	0.100	99.900	2.575	13.720		chang4+5
地201-59	2201.375	82.904	81.943	29.740	13.602	225.590	0.010	0.100	99.900	2.556	13.602		chang4+5
地201-59	2201.500	82.806	81.116	29.666	13.162	224.460	0.010	0.100	99.900	2.544	13.162		chang4+5
地201-59	2201.625	81.872	80.282	28.960	12.566	225.068	0.010	0.100	99.900	2.536	12.566		chang4+5
地201-59	2201.750	83.142	79.469	29.921	12.020	226.687	0.010	0.100	99.900	2.535	12.020		chang4+5
地201-59	2201.875	91.753	78.707	36.840	11.651	228.204	0.010	0.100	99.900	2.541	11.651		chang4+5
地201-59	2202.000	101.685	78.007	45.766	11.475	228.545	0.010	0.100	99.900	2.556	11.475		chang4+5
地201-59	2202.125	106.019	77.377	50.008	11.419	227.031	0.010	0.100	99.900	2.575	11.419		chang4+5
地201-59	2202.250	104.213	76.818	48.213	11.397	224.241	0.010	0.100	99.900	2.592	11.397		chang4+5
地201-59	2202.375	99.395	76.313	43.612	11.444	220.837	0.010	0.100	99.900	2.603	11.444		chang4+5
地201-59	2202.500	96.770	75.838	41.215	11.692	217.224	0.010	0.100	99.900	2.604	11.692		chang4+5
地201-59	2202.625	95.599	75.370	40.171	12.188	213.308	0.010	0.100	99.900	2.599	12.188		chang4+5
地201-59	2202.750	95.009	74.889	39.650	12.964	208.856	0.010	0.100	99.900	2.597	12.964		chang4+5
地201-59	2202.875	92.928	74.381	37.842	14.137	203.977	0.010	0.100	99.900	2.601	14.137		chang4+5
地201-59	2203.000	90.209	73.845	35.546	15.774	199.205	0.010	0.100	99.900	2.611	15.774		chang4+5
地201-59	2203.125	86.936	73.283	32.882	17.812	195.314	0.010	0.100	99.900	2.622	17.812		chang4+5
地201-59	2203.250	86.519	72.703	32.549	19.689	192.551	0.010	0.100	99.900	2.633	19.689		chang4+5
地201-59	2203.375	85.746	72.112	31.938	20.623	190.968	0.010	0.100	99.900	2.637	20.623		chang4+5
地201-59	2203.500	80.822	71.517	28.177	20.319	190.686	0.010	0.100	99.900	2.631	20.319		chang4+5
地201-59	2203.625	73.676	70.920	23.100	18.635	192.385	0.010	0.100	99.900	2.618	18.635		chang4+5
地201-59	2203.750	70.345	70.323	20.879	16.004	196.273	0.010	0.100	99.900	2.604	16.004		chang4+5
地201-59	2203.875	72.664	69.725	22.416	13.230	201.934	0.010	0.100	99.900	2.589	13.230		chang4+5
地201-59	2204.000	79.642	69.128	13.626	11.241	208.029	0.010	9.699	99.420	2.577	11.241		chang4+5
地201-59	2204.125	85.607	68.532	16.068	10.070	212.723	0.373	10.154	99.900	2.569	10.070		chang4+5
地201-59	2204.250	86.479	67.942	16.654	9.504	215.630	0.413	10.436	99.900	2.565	9.504		chang4+5
地201-59	2204.375	82.772	67.362	15.510	9.314	217.274	0.482	10.596	99.900	2.563	9.314		chang4+5
地201-59	2204.500	77.318	66.795	13.754	9.287	218.095	0.574	10.675	99.900	2.562	9.287		chang4+5
地201-59	2204.625	74.232	66.245	12.750	9.372	217.938	0.620	10.660	99.900	2.562	9.372		chang4+5
地201-59	2204.750	73.442	65.717	12.415	9.589	216.904	0.608	10.560	99.900	2.562	9.589		chang4+5
地201-59	2204.875	73.688	65.213	12.375	9.947	215.522	0.571	10.426	99.435	2.561	9.947		chang4+5
地201-59	2205.000	70.827	64.730	11.418	10.428	214.561	0.596	10.333	97.853	2.557	10.428		chang4+5
地201-59	2205.125	64.723	64.264	9.637	10.921	214.596	0.720	10.336	95.595	2.552	10.921		chang4+5
地201-59	2205.250	56.689	63.811	7.498	11.289	215.163	0.973	10.391	93.604	2.545	11.289		chang4+5
地201-59	2205.375	50.785	63.364	6.032	11.518	215.524	1.246	10.426	92.406	2.539	11.518		chang4+5
地201-59	2205.500	50.849	62.925	6.028	11.689	215.224	1.227	10.397	91.944	2.535	11.689		chang4+5
地201-59	2205.625	55.796	62.496	7.216	11.857	214.428	0.976	10.320	91.864	2.535	11.857		chang4+5
地201-59	2205.750	59.327	62.091	8.096	11.994	213.791	0.836	10.258	91.803	2.539	11.994		chang4+5
地201-59	2205.875	59.709	61.725	8.179	12.044	213.530	0.816	10.233	91.803	2.545	12.044		chang4+5
地201-59	2206.000	60.446	61.410	8.375	12.024	213.503	0.794	10.230	91.901	2.547	12.024		chang4+5
地201-59	2206.125	59.881	61.156	8.224	11.958	213.513	0.810	10.231	92.144	2.548	11.958		chang4+5
地201-59	2206.250	58.463	60.977	7.846	11.833	213.501	0.852	10.230	92.638	2.549	11.833	水层	chang4+5
地201-59	2206.375	58.943	60.878	7.975	11.613	213.529	0.838	10.232	93.491	2.549	11.613	水层	chang4+5
地201-59	2206.500	63.316	60.848	9.174	11.304	213.689	0.726	10.248	94.641	2.546	11.304	水层	chang4+5
地201-59	2206.625	65.860	60.884	9.907	10.984	213.895	0.675	10.268	95.850	2.542	10.984	水层	chang4+5
地201-59	2206.750	65.821	60.982	9.881	10.741	213.702	0.670	10.249	97.080	2.536	10.741	水层	chang4+5
地201-59	2206.875	62.816	61.138	8.960	10.614	212.675	0.708	10.150	98.466	2.531	10.614	水层	chang4+5
地201-59	2207.000	56.884	61.341	7.230	10.682	210.599	0.010	9.948	99.826	2.531	10.682	水层	chang4+5
地201-59	2207.125	52.190	61.589	5.840	11.053	207.409	0.010	9.639	99.900	2.539	11.053	水层	chang4+5
地201-59	2207.250	50.699	61.886	9.447	11.901	203.674	0.010	0.100	99.900	2.556	11.901	水层	chang4+5
地201-59	2207.375	49.351	62.227	8.757	13.513	200.118	0.010	0.100	99.900	2.578	13.513	水层	chang4+5
地201-59	2207.500	48.770	62.604	8.464	15.828	197.424	0.010	0.100	99.900	2.610	15.828	水层	chang4+5
地201-59	2207.625	47.229	63.006	7.694	18.528	195.969	0.010	0.100	99.900	2.618	18.528	水层	chang4+5
地201-59	2207.750	44.753	63.415	6.488	20.868	195.262	0.010	0.100	99.900	2.621	20.868	水层	chang4+5
地201-59	2207.875	43.680	63.803	5.976	22.315	194.925	0.010	0.100	99.900	2.622	22.315		chang4+5
地201-59	2208.000	45.762	64.146	6.975	22.571	194.819	0.010	0.100	99.900	2.621	22.571		chang4+5
地201-59	2208.125	49.721	64.418	8.946	21.448	195.033	0.010	0.100	99.900	2.618	21.448		chang4+5
地201-59	2208.250	50.571	64.593	9.381	19.723	195.734	0.010	0.100	99.900	2.613	19.723		chang4+5
地201-59	2208.375	48.733	64.655	8.445	18.013	197.204	0.010	0.100	99.900	2.605	18.013		chang4+5
地201-59	2208.500	47.439	64.615	7.799	16.531	199.594	0.010	0.100	99.900	2.595	16.531		chang4+5
地201-59	2208.625	48.002	64.485	8.078	15.130	202.631	0.010	0.100	99.900	2.586	15.130		chang4+5
地201-59	2208.750	51.532	64.279	5.559	13.797	205.531	0.010	9.457	91.674	2.578	13.797		chang4+5
地201-59	2208.875	54.974	64.026	6.554	12.658	207.817	0.010	9.678	93.856	2.572	12.658		chang4+5
地201-59	2209.000	55.045	63.755	6.678	11.744	209.386	0.010	9.831	96.166	2.567	11.744		chang4+5
地201-59	2209.125	53.810	63.486	6.439	11.034	210.419	0.010	9.931	98.366	2.563	11.034		chang4+5
地201-59	2209.250	53.988	63.235	6.543	10.510	211.306	0.918	10.017	99.900	2.558	10.510		chang4+5
地201-59	2209.375	53.279	63.008	6.423	10.158	212.156	0.979	10.099	99.900	2.551	10.158		chang4+5
地201-59	2209.500	52.837	62.805	6.363	10.040	212.885	1.027	10.170	99.900	2.543	10.040		chang4+5
地201-59	2209.625	54.320	62.621	6.765	10.254	213.341	0.987	10.214	99.643	2.539	10.254		chang4+5
地201-59	2209.750	55.718	62.451	7.148	10.683	213.737	0.952	10.253	97.314	2.540	10.683		chang4+5
地201-59	2209.875	55.853	62.292	7.252	11.124	214.743	0.987	10.350	94.607	2.543	11.124		chang4+5
地201-59	2210.000	56.994	62.142	7.731	11.354	217.325	1.051	10.601	91.774	2.545	11.354		chang4+5
地201-59	2210.125	58.910	62.003	8.592	11.437	222.157	1.186	11.069	88.163	2.542	11.437		chang4+5
地201-59	2210.250	64.323	61.881	10.526	11.511	227.510	1.207	11.589	84.542	2.529	11.511		chang4+5
地201-59	2210.375	69.434	61.781	12.330	11.618	230.737	1.157	11.902	82.279	2.510	11.618		chang4+5
地201-59	2210.500	67.728	61.702	11.728	11.651	229.824	1.179	11.813	82.682	2.495	11.651	干层	chang4+5
地201-59	2210.625	62.997	61.641	9.911	11.571	224.550	1.129	11.301	86.127	2.491	11.571	干层	chang4+5
地201-59	2210.750	59.934	61.590	8.547	11.470	217.749	0.962	10.642	91.011	2.499	11.470	干层	chang4+5
地201-59	2210.875	58.624	61.533	7.725	11.454	211.215	0.769	10.008	95.919	2.519	11.454	干层	chang4+5
地201-59	2211.000	56.094	61.456	6.680	11.576	205.529	0.010	9.456	99.900	2.546	11.576	干层	chang4+5
地201-59	2211.125	55.485	61.347	11.988	12.023	200.858	0.010	0.100	99.900	2.574	12.023	干层	chang4+5
地201-59	2211.250	53.862	61.200	11.110	13.079	197.297	0.010	0.100	99.900	2.598	13.079	干层	chang4+5
地201-59	2211.375	51.964	61.018	10.105	15.069	195.091	0.010	0.100	99.900	2.615	15.069	干层	chang4+5
地201-59	2211.500	50.546	60.820	9.368	18.092	194.310	0.010	0.100	99.900	2.621	18.092	干层	chang4+5
地201-59	2211.625	48.401	60.622	8.278	20.721	194.938	0.010	0.100	99.900	2.616	20.721	干层	chang4+5
地201-59	2211.750	46.292	60.447	7.234	21.188	196.435	0.010	0.100	99.900	2.601	21.188	干层	chang4+5
地201-59	2211.875	46.429	60.310	7.301	19.171	198.479	0.010	0.100	99.900	2.581	19.171	干层	chang4+5
地201-59	2212.000	48.580	60.212	8.368	16.593	200.904	0.010	0.100	99.900	2.559	16.593	干层	chang4+5
地201-59	2212.125	49.400	60.150	8.782	14.370	203.691	0.010	0.100	99.900	2.541	14.370	干层	chang4+5
地201-59	2212.250	49.932	60.108	5.249	12.861	206.636	0.010	9.564	94.055	2.530	12.861	干层	chang4+5
地201-59	2212.375	51.026	60.068	5.695	11.920	209.493	0.010	9.841	95.370	2.523	11.920	干层	chang4+5
地201-59	2212.500	50.450	60.010	5.729	11.432	212.143	1.097	10.098	95.288	2.521	11.432	干层	chang4+5
地201-59	2212.625	46.968	59.924	5.068	11.329	214.764	1.425	10.352	93.732	2.521	11.329	干层	chang4+5
地201-59	2212.750	43.566	59.801	4.449	11.479	217.457	1.866	10.613	91.179	2.521	11.479	干层	chang4+5
地201-59	2212.875	44.028	59.643	4.699	11.799	219.780	2.001	10.839	88.355	2.519	11.799	干层	chang4+5
地201-59	2213.000	47.120	59.456	5.496	12.169	220.886	1.809	10.946	86.281	2.517	12.169	干层	chang4+5
地201-59	2213.125	46.593	59.247	5.300	12.453	219.792	1.775	10.840	85.993	2.515	12.453	干层	chang4+5
地201-59	2213.250	46.427	59.019	5.085	12.605	217.028	1.602	10.572	87.300	2.512	12.605	干层	chang4+5
地201-59	2213.375	47.202	58.778	5.059	12.677	213.760	1.352	10.255	89.318	2.511	12.677	干层	chang4+5
地201-59	2213.500	47.051	58.533	4.878	12.756	211.436	1.235	10.029	90.728	2.511	12.756	干层	chang4+5
地201-59	2213.625	48.124	58.291	5.138	12.839	211.586	1.185	10.044	90.323	2.510	12.839	干层	chang4+5
地201-59	2213.750	50.201	58.064	5.791	12.899	214.018	1.200	10.280	88.366	2.508	12.899	干层	chang4+5
地201-59	2213.875	51.899	57.866	6.452	12.968	217.690	1.299	10.636	85.632	2.502	12.968	干层	chang4+5
地201-59	2214.000	53.643	57.705	7.134	13.083	221.225	1.393	10.979	83.002	2.494	13.083	干层	chang4+5
地201-59	2214.125	55.566	57.592	7.798	13.224	223.561	1.415	11.205	81.147	2.485	13.224	干层	chang4+5
地201-59	2214.250	58.333	57.539	8.644	13.315	225.010	1.350	11.346	80.022	2.474	13.315	干层	chang4+5
地201-59	2214.375	61.424	57.551	9.588	13.308	226.159	1.265	11.457	79.385	2.465	13.308	干层	chang4+5
地201-59	2214.500	62.935	57.623	10.104	13.174	227.265	1.252	11.565	79.164	2.460	13.174	干层	chang4+5
地201-59	2214.625	62.152	57.749	9.939	12.943	228.041	1.323	11.640	79.430	2.459	12.943	干层	chang4+5
地201-59	2214.750	60.757	57.919	9.556	12.651	228.216	1.396	11.657	80.244	2.461	12.651	干层	chang4+5
地201-59	2214.875	61.768	58.114	9.813	12.339	227.819	1.329	11.619	81.478	2.468	12.339	干层	chang4+5
地201-59	2215.000	64.105	58.314	10.425	12.015	227.039	1.195	11.543	83.026	2.479	12.015	干层	chang4+5
地201-59	2215.125	64.347	58.501	10.424	11.647	226.130	1.146	11.455	84.873	2.488	11.647	干层	chang4+5
地201-59	2215.250	63.955	58.662	10.266	11.213	225.572	1.137	11.401	86.850	2.495	11.213	干层	chang4+5
地201-59	2215.375	68.320	58.792	11.582	10.775	225.854	1.001	11.428	88.418	2.502	10.775	干层	chang4+5
地201-59	2215.500	72.466	58.896	12.969	10.426	227.033	0.925	11.542	89.132	2.508	10.426		chang4+5
地201-59	2215.625	72.782	58.980	13.171	10.270	228.201	0.957	11.656	89.071	2.513	10.270		chang4+5
地201-59	2215.750	70.165	59.053	12.338	10.272	228.129	1.030	11.649	89.103	2.518	10.272		chang4+5
地201-59	2215.875	67.736	59.125	11.472	10.365	226.660	1.050	11.506	89.631	2.523	10.365		chang4+5
地201-59	2216.000	67.312	59.200	11.190	10.503	224.766	0.991	11.322	90.257	2.527	10.503		chang4+5
地201-59	2216.125	65.149	59.280	10.476	10.729	223.821	1.024	11.231	89.917	2.529	10.729		chang4+5
地201-59	2216.250	62.426	59.359	9.679	11.100	223.640	1.112	11.213	88.518	2.530	11.100		chang4+5
地201-59	2216.375	62.745	59.427	9.717	11.602	222.965	1.072	11.148	87.012	2.532	11.602		chang4+5
地201-59	2216.500	69.018	59.473	11.374	12.092	220.719	0.806	10.930	86.661	2.538	12.092		chang4+5
地201-59	2216.625	75.082	59.486	12.951	12.506	217.137	0.587	10.582	87.573	2.547	12.506		chang4+5
地201-59	2216.750	71.027	59.452	11.453	12.918	214.253	0.585	10.303	88.134	2.553	12.918		chang4+5
地201-59	2216.875	59.436	59.366	8.107	13.373	213.540	0.824	10.233	87.115	2.554	13.373		chang4+5
地201-59	2217.000	49.404	59.234	5.674	13.678	215.177	1.302	10.392	85.028	2.549	13.678		chang4+5
地201-59	2217.125	47.698	59.065	5.456	13.482	218.133	1.581	10.679	83.696	2.540	13.482		chang4+5
地201-59	2217.250	49.557	58.868	6.074	12.911	220.698	1.613	10.928	83.881	2.526	12.911		chang4+5
地201-59	2217.375	53.839	58.661	7.241	12.210	222.032	1.426	11.057	85.402	2.522	12.210		chang4+5
地201-59	2217.500	56.915	58.460	8.050	11.553	222.090	1.272	11.063	87.762	2.516	11.553		chang4+5
地201-59	2217.625	57.590	58.273	8.188	10.997	221.505	1.213	11.006	90.341	2.507	10.997		chang4+5
地201-59	2217.750	57.381	58.109	8.105	10.587	221.120	1.204	10.969	92.339	2.497	10.587		chang4+5
地201-59	2217.875	58.935	57.968	8.515	10.347	221.015	1.134	10.959	93.479	2.488	10.347		chang4+5
地201-59	2218.000	61.215	57.847	9.127	10.218	220.845	1.040	10.942	94.185	2.485	10.218		chang4+5
地201-59	2218.125	60.383	57.741	8.859	10.172	220.318	1.048	10.891	94.773	2.487	10.172		chang4+5
地201-59	2218.250	57.455	57.642	8.020	10.179	219.674	1.135	10.829	95.199	2.490	10.179		chang4+5
地201-59	2218.375	55.657	57.546	7.517	10.177	219.255	1.193	10.788	95.514	2.491	10.177		chang4+5
地201-59	2218.500	56.008	57.444	7.616	10.124	219.347	1.182	10.797	95.696	2.487	10.124		chang4+5
地201-59	2218.625	56.127	57.331	7.708	10.026	220.217	1.218	10.881	95.531	2.479	10.026		chang4+5
地201-59	2218.750	55.216	57.202	7.567	9.936	221.595	1.330	11.015	94.979	2.468	9.936		chang4+5
地201-59	2218.875	52.653	57.054	7.007	9.874	223.045	1.554	11.155	94.264	2.459	9.874		chang4+5
地201-59	2219.000	48.831	56.891	6.133	9.818	224.270	1.910	11.274	93.692	2.451	9.818		chang4+5
地201-59	2219.125	46.272	56.722	5.586	9.731	225.418	2.235	11.386	93.328	2.446	9.731		chang4+5
地201-59	2219.250	44.808	56.561	5.326	9.615	226.804	2.520	11.520	92.967	2.444	9.615		chang4+5
地201-59	2219.375	44.278	56.429	5.297	9.519	228.316	2.733	11.667	92.440	2.443	9.519		chang4+5
地201-59	2219.500	44.259	56.340	5.366	9.517	229.451	2.851	11.777	91.719	2.442	9.517		chang4+5
地201-59	2219.625	47.566	56.303	6.173	9.644	229.563	2.456	11.788	91.046	2.440	9.644		chang4+5
地201-59	2219.750	52.698	56.328	7.422	9.856	228.842	1.926	11.718	90.513	2.440	9.856		chang4+5
地201-59	2219.875	55.665	56.410	8.133	10.010	227.862	1.656	11.623	90.433	2.441	10.010		chang4+5
地201-59	2220.000	54.286	56.536	7.716	10.020	227.134	1.699	11.552	90.855	2.445	10.020		chang4+5
地201-59	2220.125	51.902	56.695	7.056	9.907	226.539	1.827	11.494	91.760	2.452	9.907		chang4+5
地201-59	2220.250	50.457	56.878	6.610	9.790	225.364	1.857	11.380	93.087	2.462	9.790		chang4+5
地201-59	2220.375	50.491	57.075	6.480	9.726	223.310	1.715	11.181	94.796	2.470	9.726		chang4+5
地201-59	2220.500	50.213	57.283	6.238	9.764	220.733	1.571	10.931	96.431	2.477	9.764		chang4+5
地201-59	2220.625	47.762	57.503	5.474	9.948	218.171	1.579	10.683	97.408	2.485	9.948		chang4+5
地201-59	2220.750	45.689	57.739	4.814	10.331	215.474	1.556	10.421	97.609	2.498	10.331		chang4+5
地201-59	2220.875	45.011	57.998	4.448	11.005	212.089	1.395	10.093	97.161	2.516	11.005		chang4+5
地201-59	2221.000	44.514	58.285	4.074	12.044	207.808	0.010	9.677	96.229	2.539	12.044		chang4+5
地201-59	2221.125	45.357	58.601	6.779	13.569	203.315	0.010	0.100	99.900	2.563	13.569		chang4+5
地201-59	2221.250	45.504	58.945	6.850	15.667	199.989	0.010	0.100	99.900	2.581	15.667		chang4+5
地201-59	2221.375	44.059	59.307	6.156	17.818	198.872	0.010	0.100	99.900	2.588	17.818		chang4+5
地201-59	2221.500	44.905	59.669	6.561	18.966	200.386	0.010	0.100	99.900	2.585	18.966		chang4+5
地201-59	2221.625	50.348	60.014	9.266	17.691	204.509	0.010	0.100	99.900	2.571	17.691		chang4+5
地201-59	2221.750	54.851	60.314	6.662	15.027	209.860	0.010	9.877	84.682	2.551	15.027		chang4+5
地201-59	2221.875	54.874	60.545	7.024	12.405	215.073	1.038	10.382	89.356	2.532	12.405		chang4+5
地201-59	2222.000	51.569	60.690	6.450	10.628	218.883	1.381	10.752	93.727	2.518	10.628		chang4+5
地201-59	2222.125	49.937	60.742	6.153	9.519	220.483	1.574	10.907	97.846	2.510	9.519		chang4+5
地201-59	2222.250	50.938	60.691	6.417	8.885	220.730	1.524	10.931	99.900	2.507	8.885		chang4+5
地201-59	2222.375	51.565	60.554	6.555	8.613	220.455	1.469	10.904	99.900	2.506	8.613		chang4+5
地201-59	2222.500	49.207	60.365	5.954	8.577	220.170	1.604	10.877	99.900	2.507	8.577		chang4+5
地201-59	2222.625	47.284	60.155	5.481	8.714	220.042	1.737	10.864	99.900	2.504	8.714		chang4+5
地201-59	2222.750	48.553	59.962	5.783	8.969	219.994	1.639	10.859	99.900	2.499	8.969		chang4+5
地201-59	2222.875	50.825	59.817	6.337	9.266	219.949	1.485	10.855	99.572	2.495	9.266		chang4+5
地201-59	2223.000	51.260	59.731	6.440	9.533	219.881	1.455	10.849	98.222	2.492	9.533		chang4+5
地201-59	2223.125	51.987	59.705	6.626	9.641	219.941	1.415	10.854	97.626	2.491	9.641		chang4+5
地201-59	2223.250	53.727	59.734	7.085	9.559	220.199	1.334	10.879	97.853	2.491	9.559		chang4+5
地201-59	2223.375	51.696	59.801	6.586	9.345	220.424	1.460	10.901	98.801	2.498	9.345		chang4+5
地201-59	2223.500	49.681	59.891	6.083	9.131	220.373	1.585	10.896	99.900	2.510	9.131		chang4+5
地201-59	2223.625	49.193	60.001	5.941	9.034	220.040	1.597	10.864	99.900	2.521	9.034		chang4+5
地201-59	2223.750	50.091	60.138	6.145	9.105	219.798	1.522	10.840	99.900	2.528	9.105		chang4+5
地201-59	2223.875	51.181	60.315	6.418	9.374	219.845	1.457	10.845	99.075	2.529	9.374		chang4+5
地201-59	2224.000	50.845	60.541	6.349	9.753	220.058	1.490	10.866	96.978	2.524	9.753		chang4+5
地201-59	2224.125	48.815	60.823	5.850	10.152	220.050	1.624	10.865	95.059	2.515	10.152		chang4+5
地201-59	2224.250	45.839	61.169	5.122	10.578	219.785	1.837	10.839	93.309	2.509	10.578		chang4+5
地201-59	2224.375	43.016	61.567	4.465	11.192	219.753	2.101	10.836	90.736	2.510	11.192		chang4+5
地201-59	2224.500	42.316	62.002	4.364	12.078	220.705	2.258	10.928	86.721	2.516	12.078		chang4+5
地201-59	2224.625	44.937	62.464	5.139	12.967	223.393	2.204	11.189	82.047	2.519	12.967		chang4+5
地201-59	2224.750	49.471	62.946	6.506	13.351	227.476	2.094	11.585	78.519	2.509	13.351		chang4+5
地201-59	2224.875	55.297	63.451	8.360	13.200	232.365	1.975	12.060	76.337	2.483	13.200		chang4+5
地201-59	2225.000	60.720	63.987	10.233	13.024	237.126	1.915	12.521	74.453	2.447	13.024		chang4+5
地201-59	2225.125	61.090	64.564	10.595	13.172	240.358	2.108	12.835	72.504	2.415	13.172		chang4+5
地201-59	2225.250	57.714	65.200	9.728	13.574	241.728	2.485	12.968	70.805	2.407	13.574		chang4+5
地201-59	2225.375	54.584	65.905	8.844	13.912	241.580	2.780	12.953	70.005	2.399	13.912		chang4+5
地201-59	2225.500	53.665	66.680	8.489	13.929	240.173	2.750	12.817	70.591	2.398	13.929		chang4+5
地201-59	2225.625	55.508	67.533	8.743	13.610	236.805	2.286	12.490	72.984	2.411	13.610		chang4+5
地201-59	2225.750	56.081	68.483	8.528	13.209	231.763	1.877	12.001	76.625	2.434	13.209		chang4+5
地201-59	2225.875	56.419	69.544	8.276	13.032	227.042	1.562	11.543	79.719	2.460	13.032		chang4+5
地201-59	2226.000	60.320	70.724	9.280	13.077	226.179	1.314	11.459	80.073	2.480	13.077		chang4+5
地201-59	2226.125	69.737	72.031	20.483	12.946	232.899	0.010	0.100	99.900	2.485	12.946		chang4+5
地201-59	2226.250	83.575	73.472	30.252	12.344	244.360	0.010	0.100	99.900	2.471	12.344		chang4+5
地201-59	2226.375	99.434	75.022	43.648	11.427	255.486	0.010	0.100	99.900	2.450	11.427		chang4+5
地201-59	2226.500	111.351	76.632	55.541	10.603	262.191	0.010	0.100	99.900	2.450	10.603		chang4+5
地201-59	2226.625	112.406	78.248	56.679	10.084	264.447	0.010	0.100	99.900	2.473	10.084		chang4+5
地201-59	2226.750	110.185	79.796	54.301	9.927	266.464	0.010	0.100	99.900	2.507	9.927		chang4+5
地201-59	2226.875	112.451	81.192	56.728	10.134	268.961	0.010	0.100	99.900	2.535	10.134		chang4+5
地201-59	2227.000	118.545	82.388	63.593	10.521	269.025	0.010	0.100	99.900	2.546	10.521		chang4+5
地201-59	2227.125	123.744	83.338	69.861	10.958	262.838	0.010	0.100	99.900	2.544	10.958		chang4+5
地201-59	2227.250	124.828	83.991	71.218	11.416	252.726	0.010	0.100	99.900	2.539	11.416		chang4+5
地201-59	2227.375	120.371	84.340	65.749	11.821	242.398	0.010	0.100	99.900	2.534	11.821		chang4+5
地201-59	2227.500	115.108	84.419	59.659	11.920	234.271	0.010	0.100	99.900	2.533	11.920		chang4+5
地201-59	2227.625	108.983	84.250	53.040	11.432	228.925	0.010	0.100	99.900	2.546	11.432		chang4+5
地201-59	2227.750	98.881	83.842	43.137	10.662	225.299	0.010	0.100	99.900	2.561	10.662		chang4+5
地201-59	2227.875	87.440	83.233	33.285	9.956	223.079	0.010	0.100	99.900	2.557	9.956		chang4+5
地201-59	2228.000	79.798	82.471	27.423	9.537	222.281	0.010	0.100	99.900	2.537	9.537		chang4+5
地201-59	2228.125	78.186	81.590	26.253	9.403	223.267	0.010	0.100	99.900	2.523	9.403		chang4+5
地201-59	2228.250	79.842	80.625	15.273	9.560	225.572	0.717	11.401	94.058	2.524	9.560		chang4+5
地201-59	2228.375	84.786	79.628	17.289	9.994	228.419	0.831	11.677	90.155	2.535	9.994		chang4+5
地201-59	2228.500	91.466	78.653	20.079	10.443	231.009	0.989	11.928	86.625	2.554	10.443		chang4+5
地201-59	2228.625	97.668	77.742	22.858	10.613	233.299	1.124	12.150	84.599	2.571	10.613		chang4+5
地201-59	2228.750	101.886	76.944	25.016	10.365	236.110	1.257	12.423	84.017	2.578	10.365		chang4+5
地201-59	2228.875	103.867	76.277	26.329	9.965	239.523	1.418	12.754	83.806	2.573	9.965		chang4+5
地201-59	2229.000	102.947	75.731	26.245	9.563	242.258	1.543	13.019	84.073	2.556	9.563		chang4+5
地201-59	2229.125	100.529	75.285	25.103	9.190	241.854	1.456	12.980	85.981	2.534	9.190		chang4+5
地201-59	2229.250	94.806	74.914	22.218	8.879	238.234	1.190	12.629	89.526	2.524	8.879		chang4+5
地201-59	2229.375	87.866	74.577	18.893	8.702	232.976	0.908	12.119	93.632	2.513	8.702		chang4+5
地201-59	2229.500	83.446	74.245	16.808	8.732	228.454	0.728	11.680	96.425	2.501	8.732		chang4+5
地201-59	2229.625	83.673	73.905	16.787	8.934	227.393	0.705	11.577	96.045	2.503	8.934		chang4+5
地201-59	2229.750	88.896	73.558	19.013	9.266	230.338	0.849	11.863	92.388	2.515	9.266		chang4+5
地201-59	2229.875	96.944	73.220	22.898	9.680	236.328	1.186	12.444	86.813	2.530	9.680		chang4+5
地201-59	2230.000	107.401	72.908	28.353	10.135	242.405	1.646	13.033	81.591	2.541	10.135		chang4+5
地201-59	2230.125	117.488	72.637	33.666	10.560	243.794	1.826	13.168	79.242	2.538	10.560		chang4+5
地201-59	2230.250	119.534	72.419	34.209	10.599	239.947	1.538	12.795	81.041	2.523	10.599		chang4+5
地201-59	2230.375	108.713	72.250	27.884	9.948	233.911	1.086	12.209	87.021	2.503	9.948		chang4+5
地201-59	2230.500	92.160	72.114	20.216	8.760	229.726	0.778	11.804	95.420	2.485	8.760		chang4+5
地201-59	2230.625	81.813	71.996	16.318	7.594	229.394	0.784	11.771	99.900	2.472	7.594		chang4+5
地201-59	2230.750	76.594	71.886	14.620	6.770	230.460	0.934	11.875	99.900	2.468	6.770		chang4+5
地201-59	2230.875	70.984	71.790	12.845	6.292	231.073	1.119	11.934	99.900	2.470	6.292	差油层	chang4+5
地201-59	2231.000	65.821	71.730	11.260	6.107	231.147	1.313	11.941	99.900	2.472	6.107	差油层	chang4+5
地201-59	2231.125	69.318	71.748	12.424	6.147	232.285	1.227	12.052	99.900	2.471	6.147	差油层	chang4+5
地201-59	2231.250	84.106	71.914	30.661	6.436	235.335	0.010	0.100	99.900	2.469	6.436	差油层	chang4+5
地201-59	2231.375	105.328	72.289	49.317	7.036	239.452	0.010	0.100	99.900	2.468	7.036	差油层	chang4+5
地201-59	2231.500	123.672	72.907	69.772	7.892	242.644	0.010	0.100	99.900	2.466	7.892	差油层	chang4+5
地201-59	2231.625	130.204	73.783	78.219	8.917	242.823	0.010	0.100	99.900	2.462	8.917	差油层	chang4+5
地201-59	2231.750	127.568	74.929	74.729	9.877	240.679	0.010	0.100	99.900	2.462	9.877	差油层	chang4+5
地201-59	2231.875	121.198	76.293	66.742	10.488	237.755	0.010	0.100	99.900	2.470	10.488	差油层	chang4+5
地201-59	2232.000	117.535	77.786	62.420	10.675	235.656	0.010	0.100	99.900	2.486	10.675		chang4+5
地201-59	2232.125	121.486	79.330	67.090	10.652	236.549	0.010	0.100	99.900	2.503	10.652		chang4+5
地201-59	2232.250	126.905	80.832	73.869	10.641	242.463	0.010	0.100	99.900	2.507	10.641		chang4+5
地201-59	2232.375	130.670	82.205	78.847	10.673	248.992	0.010	0.100	99.900	2.479	10.673		chang4+5
地201-59	2232.500	134.435	83.398	84.056	10.709	255.520	0.010	0.100	99.900	2.421	10.709		chang4+5
地201-59	2232.625	147.661	84.379	99.900	10.735	274.884	0.010	0.100	99.900	2.352	10.735		chang4+5
地201-59	2232.750	168.991	85.110	99.900	10.838	292.542	0.010	0.100	99.900	2.305	10.838		chang4+5
地201-59	2232.875	187.872	85.601	99.900	11.100	297.685	0.010	0.100	99.900	2.300	11.100		chang4+5
地201-59	2233.000	190.506	85.885	99.900	11.466	285.995	0.010	0.100	99.900	2.333	11.466		chang4+5
地201-59	2233.125	173.390	85.984	99.900	11.856	262.514	0.010	0.100	99.900	2.390	11.856		chang4+5
地201-59	2233.250	143.959	85.908	98.337	12.189	239.389	0.010	0.100	99.900	2.504	12.189		chang4+5
地201-59	2233.375	118.330	85.688	63.342	12.470	225.050	0.010	0.100	99.900	2.536	12.470		chang4+5
地201-59	2233.500	99.239	85.358	43.467	12.793	219.751	0.010	0.100	99.900	2.553	12.793		chang4+5
地201-59	2233.625	90.643	84.943	35.908	13.253	220.067	0.010	0.100	99.900	2.571	13.253		chang4+5
地201-59	2233.750	90.086	84.470	35.445	13.693	222.533	0.010	0.100	99.900	2.577	13.693		chang4+5
地201-59	2233.875	90.640	83.978	35.905	13.931	224.600	0.010	0.100	99.900	2.582	13.931	差油层	chang4+5
地201-59	2234.000	91.388	83.507	36.532	14.108	224.914	0.010	0.100	99.900	2.583	14.108	差油层	chang4+5
地201-59	2234.125	91.310	83.095	36.467	14.781	222.310	0.010	0.100	99.900	2.580	14.781	差油层	chang4+5
地201-59	2234.250	95.548	82.788	40.126	16.516	216.031	0.010	0.100	99.900	2.579	16.516	差油层	chang4+5
地201-59	2234.375	109.014	82.621	53.072	20.218	208.152	0.010	0.100	99.900	2.591	20.218	差油层	chang4+5
地201-59	2234.500	127.129	82.603	74.159	26.261	200.871	0.010	0.100	99.900	2.641	26.261	差油层	chang4+5
地201-59	2234.625	137.796	82.744	88.909	34.594	195.594	0.010	0.100	99.900	2.671	34.594	差油层	chang4+5
地201-59	2234.750	135.342	83.053	85.346	44.854	192.978	0.010	0.100	99.900	2.688	44.854	差油层	chang4+5
地201-59	2234.875	134.240	83.510	83.780	55.474	193.257	0.010	0.100	99.900	2.677	55.474	差油层	chang4+5
地201-59	2235.000	135.515	84.080	85.594	56.615	198.275	0.010	0.100	99.900	2.640	56.615	差油层	chang4+5
地201-59	2235.125	130.306	84.736	78.356	40.144	209.902	0.010	0.100	99.900	2.593	40.144	差油层	chang4+5
地201-59	2235.250	122.476	85.448	68.295	26.449	227.547	0.010	0.100	99.900	2.563	26.449	差油层	chang4+5
地201-59	2235.375	122.230	86.175	67.995	19.502	243.850	0.010	0.100	99.900	2.557	19.502	差油层	chang4+5
地201-59	2235.500	127.945	86.881	75.222	16.731	251.902	0.010	0.100	99.900	2.570	16.731	差油层	chang4+5
地201-59	2235.625	131.944	87.535	80.583	15.754	248.619	0.010	0.100	99.900	2.594	15.754		chang4+5
地201-59	2235.750	126.028	88.108	72.743	15.906	236.650	0.010	0.100	99.900	2.606	15.906		chang4+5
地201-59	2235.875	114.566	88.585	59.053	16.867	224.813	0.010	0.100	99.900	2.618	16.867		chang4+5
地201-59	2236.000	105.121	88.972	49.110	18.110	217.847	0.010	0.100	99.900	2.628	18.110		chang4+5
地201-59	2236.125	103.676	89.280	47.688	19.182	216.624	0.010	0.100	99.900	2.628	19.182		chang4+5
地201-59	2236.250	104.698	89.519	48.691	19.518	219.965	0.010	0.100	99.900	2.624	19.518		chang4+5
地201-59	2236.375	106.564	89.716	50.558	18.915	225.691	0.010	0.100	99.900	2.616	18.915		chang4+5
地201-59	2236.500	111.436	89.890	55.632	17.468	233.545	0.010	0.100	99.900	2.599	17.468		chang4+5
地201-59	2236.625	117.519	90.055	62.401	15.702	243.262	0.010	0.100	99.900	2.570	15.702		chang4+5
地201-59	2236.750	124.671	90.213	71.021	14.291	253.426	0.010	0.100	99.900	2.538	14.291		chang4+5
地201-59	2236.875	132.489	90.359	81.334	13.470	261.535	0.010	0.100	99.900	2.518	13.470		chang4+5
地201-59	2237.000	141.907	90.479	95.120	13.112	265.413	0.010	0.100	99.900	2.513	13.112		chang4+5
地201-59	2237.125	150.332	90.555	99.900	12.831	263.536	0.010	0.100	99.900	2.524	12.831		chang4+5
地201-59	2237.250	147.932	90.560	99.900	12.590	255.127	0.010	0.100	99.900	2.547	12.590		chang4+5
地201-59	2237.375	134.577	90.472	84.256	12.718	244.093	0.010	0.100	99.900	2.570	12.718		chang4+5
地201-59	2237.500	117.857	90.285	62.792	13.367	234.963	0.010	0.100	99.900	2.579	13.367		chang4+5
地201-59	2237.625	107.023	89.992	51.023	14.315	231.885	0.010	0.100	99.900	2.568	14.315		chang4+5
地201-59	2237.750	109.110	89.585	53.172	14.758	237.549	0.010	0.100	99.900	2.546	14.758		chang4+5
地201-59	2237.875	116.083	89.071	60.758	14.266	247.498	0.010	0.100	99.900	2.532	14.266		chang4+5
地201-59	2238.000	123.920	88.468	70.081	13.211	255.663	0.010	0.100	99.900	2.534	13.211		chang4+5
地201-59	2238.125	125.885	87.786	72.559	12.241	256.334	0.010	0.100	99.900	2.548	12.241		chang4+5
地201-59	2238.250	114.437	87.034	58.910	11.533	247.184	0.010	0.100	99.900	2.566	11.533		chang4+5
地201-59	2238.375	97.457	86.230	22.933	10.990	234.734	1.248	12.289	82.339	2.578	10.990		chang4+5
地201-59	2238.500	81.784	85.399	15.838	10.541	224.441	0.715	11.291	90.309	2.577	10.541		chang4+5
地201-59	2238.625	70.202	84.562	11.570	10.299	218.729	0.719	10.737	95.325	2.571	10.299		chang4+5
地201-59	2238.750	61.981	83.750	9.069	10.441	217.234	0.878	10.592	95.767	2.570	10.441		chang4+5
地201-59	2238.875	59.626	82.994	8.437	11.097	217.388	0.958	10.607	92.786	2.581	11.097		chang4+5
地201-59	2239.000	62.681	82.322	9.316	12.074	217.924	0.882	10.659	88.585	2.594	12.074		chang4+5
地201-59	2239.125	67.704	81.757	10.753	13.196	217.866	0.749	10.653	84.771	2.602	13.196		chang4+5
地201-59	2239.250	71.805	81.330	11.852	14.476	216.230	0.629	10.494	81.969	2.602	14.476		chang4+5
地201-59	2239.375	72.967	81.050	11.982	16.337	213.495	0.607	10.229	78.845	2.595	16.337		chang4+5
地201-59	2239.500	69.545	80.907	10.750	19.278	211.018	0.010	9.989	74.054	2.583	19.278		chang4+5
地201-59	2239.625	65.685	80.897	9.608	22.625	210.655	0.010	9.954	68.561	2.562	22.625		chang4+5
地201-59	2239.750	64.416	81.016	9.569	23.752	214.831	0.953	10.359	64.700	2.533	23.752		chang4+5
地201-59	2239.875	66.416	81.244	10.811	22.220	223.358	1.423	11.186	62.694	2.502	22.220		chang4+5
地201-59	2240.000	74.297	81.558	23.524	19.863	234.859	0.010	0.100	99.900	2.477	19.863		chang4+5
地201-59	2240.125	89.046	81.945	34.588	17.624	246.444	0.010	0.100	99.900	2.453	17.624		chang4+5
地201-59	2240.250	104.750	82.404	48.743	15.528	254.198	0.010	0.100	99.900	2.422	15.528		chang4+5
地201-59	2240.375	116.081	82.926	60.755	13.748	258.042	0.010	0.100	99.900	2.381	13.748		chang4+5
地201-59	2240.500	122.569	83.501	68.410	12.402	260.565	0.010	0.100	99.900	2.335	12.402		chang4+5
地201-59	2240.625	122.947	84.117	68.874	11.509	264.904	0.010	0.100	99.900	2.297	11.509		chang4+5
地201-59	2240.750	121.926	84.758	67.624	11.126	271.715	0.010	0.100	99.900	2.279	11.126		chang4+5
地201-59	2240.875	123.669	85.393	69.768	11.241	277.516	0.010	0.100	99.900	2.285	11.241		chang4+5
地201-59	2241.000	124.320	85.993	70.580	11.868	280.034	0.010	0.100	99.900	2.302	11.868		chang4+5
地201-59	2241.125	124.250	86.532	70.493	12.871	280.401	0.010	0.100	99.900	2.308	12.871		chang4+5
地201-59	2241.250	125.985	86.982	72.687	13.785	283.813	0.010	0.100	99.900	2.283	13.785		chang4+5
地201-59	2241.375	129.762	87.332	77.626	14.285	293.264	0.010	0.100	99.900	2.213	14.285		chang4+5
地201-59	2241.500	134.243	87.589	83.785	14.303	306.464	0.010	0.100	99.900	2.121	14.303		chang4+5
地201-59	2241.625	140.804	87.762	93.423	14.051	316.684	0.010	0.100	99.900	2.037	14.051		chang4+5
地201-59	2241.750	150.266	87.855	99.900	13.589	315.649	0.010	0.100	99.900	1.981	13.589		chang4+5
地201-59	2241.875	153.094	87.880	99.900	12.989	305.795	0.010	0.100	99.900	1.970	12.989		chang4+5
地201-59	2242.000	148.072	87.850	99.900	12.435	293.520	0.010	0.100	99.900	2.010	12.435		chang4+5
地201-59	2242.125	142.288	87.767	95.712	12.007	283.915	0.010	0.100	99.900	2.092	12.007		chang4+5
地201-59	2242.250	138.805	87.627	90.405	11.727	275.812	0.010	0.100	99.900	2.198	11.727		chang4+5
地201-59	2242.375	134.777	87.431	84.541	11.708	264.143	0.010	0.100	99.900	2.306	11.708		chang4+5
地201-59	2242.500	129.658	87.182	77.487	12.246	248.120	0.010	0.100	99.900	2.397	12.246		chang4+5
地201-59	2242.625	118.596	86.881	63.652	13.874	231.846	0.010	0.100	99.900	2.461	13.874		chang4+5
地201-59	2242.750	102.197	86.528	23.483	16.815	221.968	1.000	11.051	72.809	2.488	16.815		chang4+5
地201-59	2242.875	92.353	86.134	19.178	21.318	219.132	1.088	10.776	66.055	2.481	21.318		chang4+5
地201-59	2243.000	87.632	85.715	17.586	27.639	220.895	1.552	10.947	57.246	2.461	27.639		chang4+5
地201-59	2243.125	81.990	85.288	15.890	33.694	224.232	2.259	11.271	50.588	2.443	33.694		chang4+5
地201-59	2243.250	80.019	84.877	15.516	35.448	227.536	2.819	11.591	48.168	2.432	35.448		chang4+5
地201-59	2243.375	82.939	84.512	16.894	31.293	231.212	2.993	11.948	49.971	2.426	31.293		chang4+5
地201-59	2243.500	88.485	84.216	19.489	26.258	236.441	3.235	12.455	52.671	2.427	26.258		chang4+5
地201-59	2243.625	92.156	84.012	21.746	22.435	243.816	3.883	13.170	54.359	2.440	22.435		chang4+5
地201-59	2243.750	98.697	83.929	25.455	19.885	251.547	4.822	13.920	55.103	2.466	19.885		chang4+5
地201-59	2243.875	109.881	83.976	31.333	17.850	255.470	5.101	14.301	56.850	2.500	17.850		chang4+5
地201-59	2244.000	120.310	84.142	36.530	16.108	252.582	4.081	14.021	60.852	2.535	16.108		chang4+5
地201-59	2244.125	121.338	84.414	35.690	14.755	243.243	2.489	13.115	67.269	2.563	14.755		chang4+5
地201-59	2244.250	112.572	84.781	29.533	13.824	232.244	1.391	12.048	74.655	2.573	13.824		chang4+5
地201-59	2244.375	105.310	85.211	25.311	13.232	225.881	0.967	11.431	79.772	2.558	13.232		chang4+5
地201-59	2244.500	104.032	85.674	24.830	12.681	226.612	0.962	11.501	81.061	2.533	12.681		chang4+5
地201-59	2244.625	107.370	86.148	27.132	11.957	232.975	1.247	12.119	79.876	2.515	11.957		chang4+5
地201-59	2244.750	110.049	86.381	29.384	11.201	240.461	1.665	12.845	78.572	2.509	11.201		chang4+5
地201-59	2244.875	109.667	86.615	29.788	10.718	244.900	1.947	13.275	78.121	2.520	10.718		chang4+5
地201-59	2245.000	107.487	87.058	28.810	10.504	245.593	1.968	13.343	78.574	2.544	10.504		chang4+5
地201-59	2245.125	108.189	87.472	28.944	10.420	244.009	1.819	13.189	79.668	2.577	10.420		chang4+5
地201-59	2245.250	108.510	87.851	28.818	10.353	241.864	1.641	12.981	81.003	2.612	10.353		chang4+5
地201-59	2245.375	105.684	88.185	27.171	10.363	239.530	1.476	12.754	82.178	2.644	10.363		chang4+5
地201-59	2245.500	102.064	88.468	25.122	10.549	236.332	1.293	12.444	83.158	2.666	10.549		chang4+5
地201-59	2245.625	98.179	88.695	22.902	10.970	231.792	1.080	12.004	84.066	2.674	10.970		chang4+5
地201-59	2245.750	94.523	88.863	20.801	11.493	226.425	0.864	11.483	85.260	2.666	11.493		chang4+5
地201-59	2245.875	90.476	88.962	18.756	11.986	221.987	0.714	11.053	86.225	2.645	11.986		chang4+5
地201-59	2246.000	84.977	89.003	16.533	12.341	219.937	0.658	10.854	86.289	2.619	12.341		chang4+5
地201-59	2246.125	82.312	89.001	15.706	12.530	221.077	0.711	10.965	84.906	2.597	12.530		chang4+5
地201-59	2246.250	85.387	88.975	17.221	12.531	225.503	0.898	11.394	82.195	2.585	12.531		chang4+5
地201-59	2246.375	93.863	88.942	21.007	12.399	230.771	1.160	11.905	79.628	2.584	12.399		chang4+5
地201-59	2246.500	102.840	88.914	25.213	12.328	234.211	1.365	12.239	78.014	2.590	12.328		chang4+5
地201-59	2246.625	105.869	88.892	26.566	12.449	234.028	1.366	12.221	77.729	2.600	12.449		chang4+5
地201-59	2246.750	96.871	88.865	22.232	12.781	230.714	1.193	11.899	78.459	2.612	12.781		chang4+5
地201-59	2246.875	87.328	88.809	18.145	13.087	227.620	1.045	11.599	79.227	2.627	13.087		chang4+5
地201-59	2247.000	85.229	88.701	17.274	13.162	226.625	0.999	11.503	79.559	2.633	13.162		chang4+5
地201-59	2247.125	88.104	88.523	18.450	13.036	227.765	1.049	11.613	79.300	2.637	13.036		chang4+5
地201-59	2247.250	93.547	88.265	20.752	13.027	229.586	1.149	11.790	78.325	2.638	13.027		chang4+5
地201-59	2247.375	99.767	87.914	23.429	13.316	230.498	1.229	11.878	76.982	2.635	13.316		chang4+5
地201-59	2247.500	107.460	87.475	26.792	14.009	229.945	1.258	11.825	75.339	2.632	14.009		chang4+5
地201-59	2247.625	111.087	86.959	28.231	15.059	227.821	1.215	11.619	73.753	2.630	15.059		chang4+5
地201-59	2247.750	107.733	86.371	51.748	16.393	223.594	0.010	0.100	99.900	2.627	16.393		chang4+5
地201-59	2247.875	98.864	85.708	43.121	18.054	217.103	0.010	0.100	99.900	2.623	18.054		chang4+5
地201-59	2248.000	88.432	84.975	34.087	21.123	208.603	0.010	0.100	99.900	2.616	21.123		chang4+5
地201-59	2248.125	78.332	84.183	26.358	27.985	199.860	0.010	0.100	99.900	2.604	27.985		chang4+5
地201-59	2248.250	72.672	83.344	22.421	41.001	194.905	0.010	0.100	99.900	2.582	41.001		chang4+5
地201-59	2248.375	71.315	82.472	21.516	55.611	195.937	0.010	0.100	99.900	2.551	55.611		chang4+5
地201-59	2248.500	70.882	81.591	21.231	73.032	202.715	0.010	0.100	99.900	2.519	73.032		chang4+5
地201-59	2248.625	68.980	80.727	19.994	93.993	212.607	0.010	0.100	99.900	2.493	93.993		chang4+5
地201-59	2248.750	64.980	79.897	17.483	85.207	221.702	0.010	0.100	99.900	2.475	85.207		chang4+5
地201-59	2248.875	62.651	79.132	16.077	59.810	227.892	0.010	0.100	99.900	2.464	59.810		chang4+5
地201-59	2249.000	63.945	78.449	16.854	44.909	231.205	0.010	0.100	99.900	2.455	44.909		chang4+5
地201-59	2249.125	67.168	77.860	18.842	34.007	232.646	0.010	0.100	99.900	2.450	34.007		chang4+5
地201-59	2249.250	70.352	77.378	20.884	26.149	233.154	0.010	0.100	99.900	2.445	26.149		chang4+5
地201-59	2249.375	74.542	77.028	23.693	22.951	234.088	0.010	0.100	99.900	2.433	22.951		chang4+5
地201-59	2249.500	82.132	76.816	29.156	23.105	237.475	0.010	0.100	99.900	2.420	23.105		chang4+5
地201-59	2249.625	94.114	76.739	38.867	25.386	245.095	0.010	0.100	99.900	2.404	25.386		chang4+5
地201-59	2249.750	106.372	76.798	50.364	27.209	255.720	0.010	0.100	99.900	2.385	27.209		chang4+5
地201-59	2249.875	117.821	77.003	62.750	26.125	263.998	0.010	0.100	99.900	2.359	26.125		chang4+5
地201-59	2250.000	123.552	77.342	69.623	22.417	267.256	0.010	0.100	99.900	2.329	22.417		chang4+5
地201-59	2250.125	123.166	77.793	69.145	18.012	267.358	0.010	0.100	99.900	2.289	18.012		chang4+5
地201-59	2250.250	124.992	78.341	71.425	14.390	269.374	0.010	0.100	99.900	2.231	14.390		chang4+5
地201-59	2250.375	129.740	78.972	77.596	11.958	275.362	0.010	0.100	99.900	2.151	11.958		chang4+5
地201-59	2250.500	136.279	79.655	86.695	10.641	284.245	0.010	0.100	99.900	2.069	10.641		chang4+5
地201-59	2250.625	138.536	80.365	90.005	9.847	293.740	0.010	0.100	99.900	2.000	9.847		chang4+5
地201-59	2250.750	132.446	81.082	81.274	9.286	299.768	0.010	0.100	99.900	1.952	9.286		chang4+5
地201-59	2250.875	123.999	81.786	70.178	8.877	298.777	0.010	0.100	99.900	1.934	8.877		chang4+5
地201-59	2251.000	118.876	82.463	63.980	8.603	289.621	0.010	0.100	99.900	1.951	8.603		chang4+5
地201-59	2251.125	117.203	83.101	62.037	8.452	275.403	0.010	0.100	99.900	2.006	8.452		chang4+5
地201-59	2251.250	116.593	83.692	61.339	8.434	262.132	0.010	0.100	99.900	2.098	8.434		chang4+5
地201-59	2251.375	112.588	84.226	56.876	8.609	252.155	0.010	0.100	99.900	2.230	8.609		chang4+5
地201-59	2251.500	107.066	84.706	51.067	9.168	243.852	0.010	0.100	99.900	2.388	9.168		chang4+5
地201-59	2251.625	100.644	85.141	44.779	10.460	235.540	0.010	0.100	99.900	2.534	10.460		chang4+5
地201-59	2251.750	99.017	85.544	43.262	12.334	228.888	0.010	0.100	99.900	2.632	12.334		chang4+5
地201-59	2251.875	96.938	85.925	41.366	14.095	227.322	0.010	0.100	99.900	2.671	14.095		chang4+5
地201-59	2252.000	95.303	86.298	39.908	14.502	232.433	0.010	0.100	99.900	2.682	14.502		chang4+5
地201-59	2252.125	99.850	86.665	44.036	13.736	242.062	0.010	0.100	99.900	2.688	13.736		chang4+5
地201-59	2252.250	108.325	87.022	52.358	12.566	250.358	0.010	0.100	99.900	2.693	12.566		chang4+5
地201-59	2252.375	114.844	87.354	59.363	11.691	253.371	0.010	0.100	99.900	2.695	11.691		chang4+5
地201-59	2252.500	118.228	87.646	63.223	11.311	251.389	0.010	0.100	99.900	2.694	11.311		chang4+5
地201-59	2252.625	120.330	87.891	65.700	11.447	247.164	0.010	0.100	99.900	2.687	11.447		chang4+5
地201-59	2252.750	121.535	88.085	67.149	12.069	244.026	0.010	0.100	99.900	2.671	12.069		chang4+5
地201-59	2252.875	119.358	88.227	64.547	12.879	243.347	0.010	0.100	99.900	2.656	12.879		chang4+5
地201-59	2253.000	115.432	88.327	60.023	13.531	244.379	0.010	0.100	99.900	2.652	13.531		chang4+5
地201-59	2253.125	110.274	88.397	54.395	13.658	244.767	0.010	0.100	99.900	2.661	13.658		chang4+5
地201-59	2253.250	106.071	88.444	50.060	13.452	241.697	0.010	0.100	99.900	2.677	13.452		chang4+5
地201-59	2253.375	102.418	88.469	46.468	13.257	236.099	0.010	0.100	99.900	2.689	13.257		chang4+5
地201-59	2253.500	100.047	88.471	44.219	13.351	230.652	0.010	0.100	99.900	2.688	13.351		chang4+5
地201-59	2253.625	101.445	88.452	45.537	13.640	228.168	0.010	0.100	99.900	2.674	13.640		chang4+5
地201-59	2253.750	104.527	88.406	48.523	13.958	230.476	0.010	0.100	99.900	2.655	13.958		chang4+5
地201-59	2253.875	107.449	88.327	51.457	14.140	235.724	0.010	0.100	99.900	2.641	14.140		chang4+5
地201-59	2254.000	110.423	88.214	54.552	14.101	241.270	0.010	0.100	99.900	2.640	14.101		chang4+5
地201-59	2254.125	112.221	88.067	56.478	13.861	244.343	0.010	0.100	99.900	2.645	13.861		chang4+5
地201-59	2254.250	114.103	87.885	58.539	13.646	244.002	0.010	0.100	99.900	2.647	13.646		chang4+5
地201-59	2254.375	115.062	87.670	59.607	13.583	244.264	0.010	0.100	99.900	2.638	13.583		chang4+5
地201-59	2254.500	114.557	87.424	59.043	13.471	249.464	0.010	0.100	99.900	2.612	13.471		chang4+5
地201-59	2254.625	116.087	87.154	60.763	13.019	260.159	0.010	0.100	99.900	2.574	13.019		chang4+5
地201-59	2254.750	123.896	86.858	70.051	12.552	269.247	0.010	0.100	99.900	2.540	12.552		chang4+5
地201-59	2254.875	133.484	86.534	82.717	12.558	268.314	0.010	0.100	99.900	2.525	12.558		chang4+5
地201-59	2255.000	131.260	86.181	79.648	13.493	255.976	0.010	0.100	99.900	2.527	13.493		chang4+5
地201-59	2255.125	116.825	85.801	61.603	15.270	237.984	0.010	0.100	99.900	2.545	15.270		chang4+5
地201-59	2255.250	99.553	85.403	43.758	17.659	223.244	0.010	0.100	99.900	2.574	17.659		chang4+5
地201-59	2255.375	85.292	84.997	31.582	20.274	214.784	0.010	0.100	99.900	2.599	20.274		chang4+5
地201-59	2255.500	74.691	84.605	23.795	22.733	211.006	0.010	0.100	99.900	2.610	22.733		chang4+5
地201-59	2255.625	69.633	84.244	20.415	24.497	209.407	0.010	0.100	99.900	2.611	24.497		chang4+5
地201-59	2255.750	68.972	83.926	19.989	24.431	209.441	0.010	0.100	99.900	2.603	24.431		chang4+5
地201-59	2255.875	72.415	83.668	22.249	22.800	212.287	0.010	0.100	99.900	2.582	22.800		chang4+5
地201-59	2256.000	77.714	83.468	25.915	20.501	219.204	0.010	0.100	99.900	2.551	20.501		chang4+5
地201-59	2256.125	84.627	83.323	31.064	18.296	229.700	0.010	0.100	99.900	2.524	18.296		chang4+5
地201-59	2256.250	94.305	83.227	39.032	16.497	240.663	0.010	0.100	99.900	2.506	16.497		chang4+5
地201-59	2256.375	101.065	83.184	45.177	15.218	247.738	0.010	0.100	99.900	2.513	15.218		chang4+5
地201-59	2256.500	101.172	83.188	45.279	14.473	248.084	0.010	0.100	99.900	2.538	14.473		chang4+5
地201-59	2256.625	99.298	83.238	43.523	14.235	241.236	0.010	0.100	99.900	2.565	14.235		chang4+5
地201-59	2256.750	96.630	83.331	41.089	14.759	229.912	0.010	0.100	99.900	2.583	14.759		chang4+5
地201-59	2256.875	91.594	83.470	36.706	16.358	220.282	0.010	0.100	99.900	2.590	16.358		chang4+5
地201-59	2257.000	87.895	83.645	33.652	18.167	216.592	0.010	0.100	99.900	2.585	18.167		chang4+5
地201-59	2257.125	88.311	83.844	33.988	18.693	220.226	0.010	0.100	99.900	2.580	18.693		chang4+5
地201-59	2257.250	93.140	84.058	38.024	17.157	228.829	0.010	0.100	99.900	2.584	17.157		chang4+5
地201-59	2257.375	96.145	84.275	40.656	15.160	236.547	0.010	0.100	99.900	2.592	15.160		chang4+5
地201-59	2257.500	95.950	84.485	40.482	13.652	240.486	0.010	0.100	99.900	2.597	13.652		chang4+5
地201-59	2257.625	96.967	84.682	41.393	12.901	241.243	0.010	0.100	99.900	2.596	12.901		chang4+5
地201-59	2257.750	99.252	84.862	43.480	12.533	242.013	0.010	0.100	99.900	2.590	12.533		chang4+5
地201-59	2257.875	99.196	85.023	43.428	12.270	244.389	0.010	0.100	99.900	2.589	12.270		chang4+5
地201-59	2258.000	98.537	85.174	42.821	11.998	246.813	0.010	0.100	99.900	2.603	11.998		chang4+5
地201-59	2258.125	100.844	85.323	44.968	11.767	246.672	0.010	0.100	99.900	2.630	11.767		chang4+5
地201-59	2258.250	105.009	85.480	49.000	11.595	242.640	0.010	0.100	99.900	2.658	11.595		chang4+5
地201-59	2258.375	105.158	85.658	49.147	11.489	237.365	0.010	0.100	99.900	2.666	11.489		chang4+5
地201-59	2258.500	103.725	85.860	47.735	11.472	233.810	0.010	0.100	99.900	2.642	11.472		chang4+5
地201-59	2258.625	103.554	86.081	47.568	11.541	234.182	0.010	0.100	99.900	2.589	11.541		chang4+5
地201-59	2258.750	106.607	86.313	50.601	11.607	239.198	0.010	0.100	99.900	2.529	11.607		chang4+5
地201-59	2258.875	109.728	86.540	53.819	11.588	245.606	0.010	0.100	99.900	2.497	11.588		chang4+5
地201-59	2259.000	109.914	86.747	54.015	11.533	249.572	0.010	0.100	99.900	2.498	11.533		chang4+5
地201-59	2259.125	106.544	86.921	50.537	11.624	248.532	0.010	0.100	99.900	2.519	11.624		chang4+5
地201-59	2259.250	104.932	87.057	48.924	11.864	243.777	0.010	0.100	99.900	2.543	11.864		chang4+5
地201-59	2259.375	106.288	87.149	50.279	11.961	240.500	0.010	0.100	99.900	2.556	11.961		chang4+5
地201-59	2259.500	109.524	87.204	53.605	11.502	241.257	0.010	0.100	99.900	2.548	11.502		chang4+5
地201-59	2259.625	114.840	87.233	59.359	10.859	245.369	0.010	0.100	99.900	2.528	10.859		chang4+5
地201-59	2259.750	120.269	87.246	65.628	10.548	250.122	0.010	0.100	99.900	2.530	10.548		chang4+5
地201-59	2259.875	121.490	87.253	67.095	10.801	253.287	0.010	0.100	99.900	2.553	10.801		chang4+5
地201-59	2260.000	120.551	87.264	65.965	11.268	253.775	0.010	0.100	99.900	2.585	11.268		chang4+5
地201-59	2260.125	118.176	87.287	63.162	11.630	250.424	0.010	0.100	99.900	2.613	11.630		chang4+5
地201-59	2260.250	114.185	87.325	58.629	11.783	241.477	0.010	0.100	99.900	2.630	11.783		chang4+5
地201-59	2260.375	107.850	87.384	51.869	12.071	228.555	0.010	0.100	99.900	2.633	12.071		chang4+5
地201-59	2260.500	97.020	87.462	41.441	12.888	215.236	0.010	0.100	99.900	2.617	12.888		chang4+5
地201-59	2260.625	83.774	87.557	30.405	14.434	207.089	0.010	0.100	99.900	2.578	14.434		chang4+5
地201-59	2260.750	76.133	87.662	24.796	15.807	210.714	0.010	0.100	99.900	2.522	15.807		chang4+5
地201-59	2260.875	79.056	87.768	26.881	15.837	225.206	0.010	0.100	99.900	2.468	15.837		chang4+5
地201-59	2261.000	88.574	87.866	34.202	14.196	246.674	0.010	0.100	99.900	2.428	14.196		chang4+5
地201-59	2261.125	100.020	87.949	44.194	12.116	269.002	0.010	0.100	99.900	2.402	12.116		chang4+5
地201-59	2261.250	112.543	88.015	56.827	10.292	285.134	0.010	0.100	99.900	2.385	10.292		chang4+5
地201-59	2261.375	120.299	88.068	65.663	9.067	292.488	0.010	0.100	99.900	2.374	9.067		chang4+5
地201-59	2261.500	120.079	88.115	65.401	8.337	291.493	0.010	0.100	99.900	2.374	8.337		chang4+5
地201-59	2261.625	114.970	88.167	59.504	7.989	285.236	0.010	0.100	99.900	2.387	7.989		chang4+5
地201-59	2261.750	111.472	88.227	55.671	7.959	277.281	0.010	0.100	99.900	2.413	7.959		chang4+5
地201-59	2261.875	111.889	88.295	56.119	8.206	268.474	0.010	0.100	99.900	2.445	8.206		chang4+5
地201-59	2262.000	114.920	88.359	59.448	8.807	257.454	0.010	0.100	99.900	2.475	8.807		chang4+5
地201-59	2262.125	116.067	88.401	60.740	9.903	244.880	0.010	0.100	99.900	2.493	9.903		chang4+5
地201-59	2262.250	114.427	88.401	58.898	11.313	236.171	0.010	0.100	99.900	2.503	11.313		chang4+5
地201-59	2262.375	114.711	88.331	59.214	12.625	235.391	0.010	0.100	99.900	2.512	12.625		chang4+5
地201-59	2262.500	117.734	88.175	62.649	13.214	241.503	0.010	0.100	99.900	2.523	13.214		chang4+5
地201-59	2262.625	128.548	87.933	76.014	13.154	248.688	0.010	0.100	99.900	2.534	13.154		chang4+5
地201-59	2262.750	139.100	87.603	90.846	12.860	249.848	0.010	0.100	99.900	2.534	12.860		chang4+5
地201-59	2262.875	138.271	87.185	89.611	12.819	244.950	0.010	0.100	99.900	2.523	12.819		chang4+5
地201-59	2263.000	123.734	86.693	69.849	13.285	237.601	0.010	0.100	99.900	2.508	13.285		chang4+5
地201-59	2263.125	105.140	86.142	49.130	14.501	231.656	0.010	0.100	99.900	2.496	14.501		chang4+5
地201-59	2263.250	90.839	85.542	19.617	17.024	228.954	1.455	11.729	68.816	2.488	17.024		chang4+5
地201-59	2263.375	81.364	84.900	16.031	21.016	228.044	1.715	11.640	62.333	2.480	21.016		chang4+5
地201-59	2263.500	74.912	84.235	13.807	25.882	227.599	2.065	11.597	56.345	2.465	25.882		chang4+5
地201-59	2263.625	71.238	83.564	12.562	28.929	226.802	2.216	11.520	53.597	2.429	28.929		chang4+5
地201-59	2263.750	70.535	82.913	12.237	28.984	225.552	2.082	11.399	54.026	2.366	28.984		chang4+5
地201-59	2263.875	69.608	82.317	11.912	27.658	225.083	1.939	11.353	55.494	2.282	27.658		chang4+5
地201-59	2264.000	70.164	81.809	12.304	26.317	227.728	2.114	11.610	55.827	2.191	26.317		chang4+5
地201-59	2264.125	73.286	81.415	13.991	24.355	235.696	2.896	12.383	54.960	2.114	24.355		chang4+5
地201-59	2264.250	79.703	81.156	17.354	21.408	247.897	4.438	13.566	54.273	2.079	21.408		chang4+5
地201-59	2264.375	90.433	81.061	35.733	18.280	257.457	0.010	0.100	99.900	2.098	18.280		chang4+5
地201-59	2264.500	104.891	81.124	48.883	15.882	258.919	0.010	0.100	99.900	2.166	15.882		chang4+5
地201-59	2264.625	117.395	81.323	62.258	14.477	251.646	0.010	0.100	99.900	2.271	14.477		chang4+5
地201-59	2264.750	121.821	81.634	67.497	14.075	240.708	0.010	0.100	99.900	2.392	14.075		chang4+5
地201-59	2264.875	120.607	82.030	66.032	14.267	232.616	0.010	0.100	99.900	2.508	14.267		chang4+5
地201-59	2265.000	115.317	82.462	59.893	14.910	229.149	0.010	0.100	99.900	2.591	14.910		chang4+5
地201-59	2265.125	107.594	82.886	51.605	16.240	228.764	0.010	0.100	99.900	2.628	16.240		chang4+5
地201-59	2265.250	105.395	83.268	49.384	18.351	228.469	0.010	0.100	99.900	2.631	18.351		chang4+5
地201-59	2265.375	106.224	83.568	50.214	21.038	226.477	0.010	0.100	99.900	2.617	21.038		chang4+5
地201-59	2265.500	104.699	83.763	48.693	23.802	222.792	0.010	0.100	99.900	2.593	23.802		chang4+5
地201-59	2265.625	98.947	83.845	43.197	26.281	218.354	0.010	0.100	99.900	2.563	26.281		chang4+5
地201-59	2265.750	89.737	83.806	35.156	28.398	214.669	0.010	0.100	99.900	2.535	28.398		chang4+5
地201-59	2265.875	79.886	83.633	27.487	30.588	212.891	0.010	0.100	99.900	2.512	30.588		chang4+5
地201-59	2266.000	72.442	83.343	22.267	34.006	213.671	0.010	0.100	99.900	2.492	34.006		chang4+5
地201-59	2266.125	67.893	82.963	19.300	39.802	216.817	0.010	0.100	99.900	2.474	39.802		chang4+5
地201-59	2266.250	63.386	82.519	9.750	48.816	221.021	2.760	10.959	43.035	2.462	48.816		chang4+5
地201-59	2266.375	61.023	82.044	9.354	58.686	224.563	4.004	11.303	38.240	2.456	58.686		chang4+5
地201-59	2266.500	62.166	81.582	9.853	64.949	226.871	4.994	11.527	35.753	2.455	64.949		chang4+5
地201-59	2266.625	63.252	81.165	10.270	62.834	228.227	5.177	11.658	36.003	2.456	62.834		chang4+5
地201-59	2266.750	61.759	80.820	9.917	56.871	229.205	4.922	11.753	37.585	2.459	56.871		chang4+5
地201-59	2266.875	60.129	80.575	9.520	51.821	230.060	4.681	11.836	39.141	2.459	51.821		chang4+5
地201-59	2267.000	56.638	80.432	8.593	49.273	230.586	4.569	11.887	39.995	2.456	49.273		chang4+5
地201-59	2267.125	53.426	80.383	7.734	47.391	230.579	4.393	11.886	40.783	2.454	47.391		chang4+5
地201-59	2267.250	52.570	80.423	7.494	45.209	230.350	4.143	11.864	41.822	2.458	45.209		chang4+5
地201-59	2267.375	53.189	80.553	7.698	42.770	230.944	4.037	11.922	42.822	2.469	42.770		chang4+5
地201-59	2267.500	57.269	80.765	8.969	39.645	233.324	4.206	12.153	43.764	2.486	39.645		chang4+5
地201-59	2267.625	65.043	81.056	11.556	34.811	237.660	4.543	12.573	45.381	2.506	34.811		chang4+5
地201-59	2267.750	76.792	81.434	15.828	28.450	242.806	4.706	13.072	48.577	2.523	28.450		chang4+5
地201-59	2267.875	92.146	81.916	22.096	22.737	246.989	4.530	13.478	52.954	2.536	22.737		chang4+5
地201-59	2268.000	106.974	82.506	50.973	18.710	249.488	0.010	0.100	99.900	2.541	18.710		chang4+5
地201-59	2268.125	115.974	83.196	60.635	16.446	250.585	0.010	0.100	99.900	2.531	16.446		chang4+5
地201-59	2268.250	120.113	83.973	65.442	15.132	251.065	0.010	0.100	99.900	2.506	15.132		chang4+5
地201-59	2268.375	120.763	84.816	66.219	14.317	251.539	0.010	0.100	99.900	2.470	14.317		chang4+5
地201-59	2268.500	118.673	85.684	63.742	13.704	252.311	0.010	0.100	99.900	2.427	13.704		chang4+5
地201-59	2268.625	116.700	86.533	61.460	13.060	254.084	0.010	0.100	99.900	2.384	13.060		chang4+5
地201-59	2268.750	118.684	87.321	63.755	12.325	257.858	0.010	0.100	99.900	2.349	12.325		chang4+5
地201-59	2268.875	126.672	88.001	73.569	11.715	262.737	0.010	0.100	99.900	2.325	11.715		chang4+5
地201-59	2269.000	134.023	88.543	83.474	11.495	266.973	0.010	0.100	99.900	2.315	11.495		chang4+5
地201-59	2269.125	135.166	88.942	85.095	11.708	269.382	0.010	0.100	99.900	2.324	11.708		chang4+5
地201-59	2269.250	133.968	89.193	83.397	12.106	270.369	0.010	0.100	99.900	2.358	12.106		chang4+5
地201-59	2269.375	133.068	89.291	82.137	12.287	270.515	0.010	0.100	99.900	2.413	12.287		chang4+5
地201-59	2269.500	133.835	89.267	83.210	12.133	268.051	0.010	0.100	99.900	2.477	12.133		chang4+5
地201-59	2269.625	133.629	89.156	82.921	11.817	260.335	0.010	0.100	99.900	2.535	11.817		chang4+5
地201-59	2269.750	128.803	88.986	76.350	11.624	246.934	0.010	0.100	99.900	2.577	11.624	差油层	chang4+5
地201-59	2269.875	116.492	88.791	61.223	11.644	233.322	0.010	0.100	99.900	2.601	11.644	差油层	chang4+5
地201-59	2270.000	107.001	88.602	51.000	11.826	225.126	0.010	0.100	99.900	2.611	11.826	差油层	chang4+5
地201-59	2270.125	101.029	88.446	45.143	12.060	225.598	0.010	0.100	99.900	2.614	12.060	差油层	chang4+5
地201-59	2270.250	98.978	88.339	43.226	12.355	232.997	0.010	0.100	99.900	2.616	12.355	差油层	chang4+5
地201-59	2270.375	104.725	88.304	48.718	12.791	239.704	0.010	0.100	99.900	2.622	12.791	差油层	chang4+5
地201-59	2270.500	115.975	88.341	60.636	13.383	240.770	0.010	0.100	99.900	2.631	13.383	差油层	chang4+5
地201-59	2270.625	124.772	88.448	71.148	14.161	235.573	0.010	0.100	99.900	2.643	14.161	差油层	chang4+5
地201-59	2270.750	124.801	88.615	71.185	15.156	227.984	0.010	0.100	99.900	2.655	15.156	差油层	chang4+5
地201-59	2270.875	119.970	88.833	65.272	16.095	223.102	0.010	0.100	99.900	2.662	16.095	差油层	chang4+5
地201-59	2271.000	116.097	89.083	60.774	16.653	223.201	0.010	0.100	99.900	2.665	16.653	差油层	chang4+5
地201-59	2271.125	115.887	89.343	60.536	16.951	228.213	0.010	0.100	99.900	2.663	16.951	差油层	chang4+5
地201-59	2271.250	121.264	89.602	66.822	17.615	235.479	0.010	0.100	99.900	2.659	17.615	差油层	chang4+5
地201-59	2271.375	124.873	89.845	71.276	18.795	240.347	0.010	0.100	99.900	2.654	18.795	差油层	chang4+5
地201-59	2271.500	123.018	90.064	68.962	20.032	239.871	0.010	0.100	99.900	2.645	20.032	差油层	chang4+5
地201-59	2271.625	118.081	90.251	63.051	20.892	234.058	0.010	0.100	99.900	2.627	20.892	差油层	chang4+5
地201-59	2271.750	113.323	90.401	57.679	21.411	227.166	0.010	0.100	99.900	2.597	21.411		chang4+5
地201-59	2271.875	110.500	90.502	54.634	21.536	224.964	0.010	0.100	99.900	2.562	21.536		chang4+5
地201-59	2272.000	114.440	90.550	58.913	21.036	229.833	0.010	0.100	99.900	2.534	21.036		chang4+5
地201-59	2272.125	117.636	90.549	62.536	19.827	239.800	0.010	0.100	99.900	2.525	19.827		chang4+5
地201-59	2272.250	118.365	90.505	63.383	18.143	248.550	0.010	0.100	99.900	2.537	18.143		chang4+5
地201-59	2272.375	120.734	90.423	66.184	16.582	250.831	0.010	0.100	99.900	2.561	16.582		chang4+5
地201-59	2272.500	123.158	90.323	69.135	15.621	245.950	0.010	0.100	99.900	2.585	15.621	油层	chang4+5
地201-59	2272.625	120.595	90.218	66.018	15.625	237.684	0.010	0.100	99.900	2.601	15.625	油层	chang4+5
地201-59	2272.750	115.978	90.117	60.639	16.226	233.052	0.010	0.100	99.900	2.597	16.226	油层	chang4+5
地201-59	2272.875	114.892	90.024	59.417	16.767	235.532	0.010	0.100	99.900	2.564	16.767	油层	chang4+5
地201-59	2273.000	114.296	89.936	58.753	16.335	244.435	0.010	0.100	99.900	2.494	16.335	油层	chang4+5
地201-59	2273.125	118.669	89.847	63.738	15.041	256.857	0.010	0.100	99.900	2.383	15.041	油层	chang4+5
地201-59	2273.250	132.871	89.752	81.864	13.533	270.034	0.010	0.100	99.900	2.249	13.533	油层	chang4+5
地201-59	2273.375	145.669	89.644	99.900	12.531	282.807	0.010	0.100	99.900	2.126	12.531	油层	chang4+5
地201-59	2273.500	155.033	89.526	99.900	12.122	295.103	0.010	0.100	99.900	2.035	12.122	油层	chang4+5
地201-59	2273.625	161.213	89.401	99.900	12.114	306.455	0.010	0.100	99.900	1.989	12.114	油层	chang4+5
地201-59	2273.750	157.762	89.277	99.900	12.274	314.455	0.010	0.100	99.900	1.992	12.274	油层	chang4+5
地201-59	2273.875	147.562	89.164	99.900	12.548	316.187	0.010	0.100	99.900	2.036	12.548	油层	chang4+5
地201-59	2274.000	138.450	89.071	89.877	13.005	309.076	0.010	0.100	99.900	2.109	13.005	油层	chang4+5
地201-59	2274.125	135.141	89.004	85.060	13.636	292.800	0.010	0.100	99.900	2.211	13.636	油层	chang4+5
地201-59	2274.250	131.378	88.967	79.808	14.230	270.301	0.010	0.100	99.900	2.340	14.230	油层	chang4+5
地201-59	2274.375	120.479	88.963	65.878	14.618	247.941	0.010	0.100	99.900	2.475	14.618	油层	chang4+5
地201-59	2274.500	105.892	88.982	49.881	14.927	229.953	0.010	0.100	99.900	2.580	14.927	油层	chang4+5
地201-59	2274.625	94.073	89.016	38.830	15.710	218.788	0.010	0.100	99.900	2.633	15.710	油层	chang4+5
地201-59	2274.750	86.437	89.051	32.484	17.469	215.970	0.010	0.100	99.900	2.646	17.469	油层	chang4+5
地201-59	2274.875	82.423	89.071	29.376	20.625	219.665	0.010	0.100	99.900	2.647	20.625	油层	chang4+5
地201-59	2275.000	82.480	89.064	29.419	24.321	227.573	0.010	0.100	99.900	2.645	24.321	油层	chang4+5
地201-59	2275.125	88.296	89.020	33.976	26.346	235.878	0.010	0.100	99.900	2.634	26.346	油层	chang4+5
地201-59	2275.250	97.758	88.936	42.108	23.585	240.538	0.010	0.100	99.900	2.598	23.585	油层	chang4+5
地201-59	2275.375	105.611	88.805	49.600	18.602	241.487	0.010	0.100	99.900	2.523	18.602	油层	chang4+5
地201-59	2275.500	106.277	88.635	50.268	14.485	240.357	0.010	0.100	99.900	2.404	14.485	油层	chang4+5
地201-59	2275.625	105.432	88.434	49.421	12.476	239.614	0.010	0.100	99.900	2.270	12.476	油层	chang4+5
地201-59	2275.750	106.662	88.213	50.657	11.781	244.349	0.010	0.100	99.900	2.168	11.781	油层	chang4+5
地201-59	2275.875	110.098	87.982	54.209	11.665	258.588	0.010	0.100	99.900	2.119	11.665	油层	chang4+5
地201-59	2276.000	119.274	87.756	64.448	11.391	281.148	0.010	0.100	99.900	2.120	11.391	油层	chang4+5
地201-59	2276.125	138.676	87.548	90.214	10.780	302.195	0.010	0.100	99.900	2.165	10.780	油层	chang4+5
地201-59	2276.250	158.339	87.365	99.900	10.046	305.269	0.010	0.100	99.900	2.239	10.046	油层	chang4+5
地201-59	2276.375	158.085	87.222	99.900	9.581	287.714	0.010	0.100	99.900	2.328	9.581	油层	chang4+5
地201-59	2276.500	137.499	87.119	88.473	9.650	257.277	0.010	0.100	99.900	2.430	9.650		chang4+5
地201-59	2276.625	109.966	87.055	54.069	10.489	226.723	0.010	0.100	99.900	2.528	10.489		chang4+5
地201-59	2276.750	86.704	87.028	32.697	12.798	207.152	0.010	0.100	99.900	2.585	12.798		chang4+5
地201-59	2276.875	70.177	87.033	20.769	17.719	199.148	0.010	0.100	99.900	2.584	17.719		chang4+5
地201-59	2277.000	64.387	87.059	17.122	27.076	200.590	0.010	0.100	99.900	2.536	27.076	油层	chang4+5
地201-59	2277.125	69.390	87.096	20.259	39.099	209.718	0.010	0.100	99.900	2.468	39.099	油层	chang4+5
地201-59	2277.250	79.994	87.134	27.566	39.149	227.192	0.010	0.100	99.900	2.406	39.149	油层	chang4+5
地201-59	2277.375	91.301	87.166	36.459	27.564	250.816	0.010	0.100	99.900	2.366	27.564	油层	chang4+5
地201-59	2277.500	105.396	87.188	49.385	18.308	274.844	0.010	0.100	99.900	2.357	18.308	油层	chang4+5
地201-59	2277.625	120.345	87.195	65.718	13.167	289.663	0.010	0.100	99.900	2.378	13.167	油层	chang4+5
地201-59	2277.750	132.456	87.186	81.289	10.663	287.598	0.010	0.100	99.900	2.416	10.663	油层	chang4+5
地201-59	2277.875	131.951	87.154	80.592	9.839	275.816	0.010	0.100	99.900	2.455	9.839	油层	chang4+5
地201-59	2278.000	120.016	87.101	65.326	9.914	263.443	0.010	0.100	99.900	2.484	9.914	油层	chang4+5
地201-59	2278.125	107.181	87.030	51.183	10.508	255.680	0.010	0.100	99.900	2.499	10.508	油层	chang4+5
地201-59	2278.250	99.476	86.952	43.687	11.206	251.156	0.010	0.100	99.900	2.508	11.206	油层	chang4+5
地201-59	2278.375	96.401	86.882	40.885	11.653	245.747	0.010	0.100	99.900	2.520	11.653	油层	chang4+5
地201-59	2278.500	96.781	86.835	41.225	11.683	238.209	0.010	0.100	99.900	2.533	11.683	油层	chang4+5
地201-59	2278.625	96.572	86.821	41.038	11.420	229.046	0.010	0.100	99.900	2.544	11.420	油层	chang4+5
地201-59	2278.750	93.839	86.843	38.627	11.423	219.935	0.010	0.100	99.900	2.562	11.423	油层	chang4+5
地201-59	2278.875	88.594	86.898	34.219	12.084	213.776	0.010	0.100	99.900	2.589	12.084	油层	chang4+5
地201-59	2279.000	84.411	86.972	30.897	13.440	213.871	0.010	0.100	99.900	2.621	13.440	油层	chang4+5
地201-59	2279.125	83.703	87.046	30.350	14.681	222.476	0.010	0.100	99.900	2.658	14.681	油层	chang4+5
地201-59	2279.250	87.017	87.110	32.946	14.954	237.917	0.010	0.100	99.900	2.688	14.954	油层	chang4+5
地201-59	2279.375	92.689	87.153	37.637	13.789	252.298	0.010	0.100	99.900	2.702	13.789	油层	chang4+5
地201-59	2279.500	100.149	87.174	44.315	12.043	259.351	0.010	0.100	99.900	2.701	12.043	油层	chang4+5
地201-59	2279.625	104.519	87.177	48.515	10.488	257.696	0.010	0.100	99.900	2.682	10.488	油层	chang4+5
地201-59	2279.750	101.601	87.167	45.685	9.580	252.676	0.010	0.100	99.900	2.645	9.580	油层	chang4+5
地201-59	2279.875	98.695	87.150	42.965	9.190	251.482	0.010	0.100	99.900	2.600	9.190	油层	chang4+5
地201-59	2280.000	100.388	87.131	44.539	9.226	255.916	0.010	0.100	99.900	2.578	9.226	油层	chang4+5
地201-59	2280.125	104.851	87.111	48.843	9.710	263.226	0.010	0.100	99.900	2.590	9.710	油层	chang4+5
地201-59	2280.250	109.002	87.092	53.060	10.457	267.687	0.010	0.100	99.900	2.621	10.457	油层	chang4+5
地201-59	2280.375	111.167	87.070	55.344	11.149	265.827	0.010	0.100	99.900	2.652	11.149	油层	chang4+5
地201-59	2280.500	111.266	87.045	55.450	11.437	257.302	0.010	0.100	99.900	2.671	11.437	油层	chang4+5
地201-59	2280.625	108.341	87.013	52.374	11.563	244.425	0.010	0.100	99.900	2.672	11.563	油层	chang4+5
地201-59	2280.750	102.842	86.972	46.877	11.946	231.585	0.010	0.100	99.900	2.658	11.946	油层	chang4+5
地201-59	2280.875	94.683	86.916	39.363	12.930	222.881	0.010	0.100	99.900	2.638	12.930	油层	chang4+5
地201-59	2281.000	88.774	86.841	34.365	14.268	220.425	0.010	0.100	99.900	2.621	14.268	油层	chang4+5
地201-59	2281.125	86.740	86.742	32.725	15.586	224.361	0.010	0.100	99.900	2.610	15.586	油层	chang4+5
地201-59	2281.250	87.894	86.613	33.651	16.684	232.371	0.010	0.100	99.900	2.602	16.684	油层	chang4+5
地201-59	2281.375	93.587	86.443	38.410	17.678	239.894	0.010	0.100	99.900	2.597	17.678	油层	chang4+5
地201-59	2281.500	99.458	86.230	43.671	18.448	243.962	0.010	0.100	99.900	2.594	18.448	油层	chang4+5
地201-59	2281.625	100.158	85.975	44.323	18.784	243.236	0.010	0.100	99.900	2.592	18.784	油层	chang4+5
地201-59	2281.750	95.905	85.681	40.442	19.133	238.083	0.010	0.100	99.900	2.590	19.133		chang4+5
地201-59	2281.875	89.526	85.352	34.982	19.950	231.003	0.010	0.100	99.900	2.588	19.950		chang4+5
地201-59	2282.000	85.727	85.003	31.924	21.298	223.782	0.010	0.100	99.900	2.584	21.298		chang4+5
地201-59	2282.125	81.566	84.646	28.731	23.057	217.865	0.010	0.100	99.900	2.575	23.057	油层	chang4+5
地201-59	2282.250	76.117	84.294	24.785	25.538	214.645	0.010	0.100	99.900	2.555	25.538	油层	chang4+5
地201-59	2282.375	72.714	83.961	22.449	28.208	214.647	0.010	0.100	99.900	2.530	28.208	油层	chang4+5
地201-59	2282.500	71.826	83.661	21.855	28.730	218.557	0.010	0.100	99.900	2.506	28.730	油层	chang4+5
地201-59	2282.625	75.380	83.398	24.271	26.545	226.496	0.010	0.100	99.900	2.492	26.545	油层	chang4+5
地201-59	2282.750	85.881	83.180	32.045	24.021	237.024	0.010	0.100	99.900	2.488	24.021	油层	chang4+5
地201-59	2282.875	97.907	83.014	42.244	22.713	246.898	0.010	0.100	99.900	2.492	22.713	油层	chang4+5
地201-59	2283.000	107.087	82.895	51.088	22.148	254.059	0.010	0.100	99.900	2.502	22.148	油层	chang4+5
地201-59	2283.125	111.552	82.821	55.756	21.018	257.721	0.010	0.100	99.900	2.513	21.018	油层	chang4+5
地201-59	2283.250	113.654	82.793	58.043	19.350	257.590	0.010	0.100	99.900	2.525	19.350	油层	chang4+5
地201-59	2283.375	114.858	82.822	59.379	18.030	254.184	0.010	0.100	99.900	2.534	18.030	油层	chang4+5
地201-59	2283.500	112.597	82.913	56.886	17.629	248.402	0.010	0.100	99.900	2.540	17.629	油层	chang4+5
地201-59	2283.625	108.720	83.067	52.766	17.604	243.364	0.010	0.100	99.900	2.543	17.604	油层	chang4+5
地201-59	2283.750	108.094	83.281	52.119	17.303	244.436	0.010	0.100	99.900	2.546	17.303	油层	chang4+5
地201-59	2283.875	115.129	83.548	59.682	16.251	252.315	0.010	0.100	99.900	2.551	16.251	油层	chang4+5
地201-59	2284.000	125.273	83.843	71.781	14.785	262.868	0.010	0.100	99.900	2.559	14.785	油层	chang4+5
地201-59	2284.125	128.840	84.137	76.400	13.384	268.964	0.010	0.100	99.900	2.569	13.384	油层	chang4+5
地201-59	2284.250	120.803	84.405	66.266	12.533	265.057	0.010	0.100	99.900	2.574	12.533		chang4+5
地201-59	2284.375	110.217	84.619	54.334	12.235	254.935	0.010	0.100	99.900	2.574	12.235		chang4+5
地201-59	2284.500	103.799	84.765	47.808	12.293	244.618	0.010	0.100	99.900	2.572	12.293		chang4+5
地201-59	2284.625	103.149	84.841	47.174	12.463	239.003	0.010	0.100	99.900	2.575	12.463		chang4+5
地201-59	2284.750	102.992	84.849	47.022	12.703	238.926	0.010	0.100	99.900	2.582	12.703		chang4+5
地201-59	2284.875	103.267	84.790	47.288	13.118	239.752	0.010	0.100	99.900	2.592	13.118		chang4+5
地201-59	2285.000	104.392	84.675	48.390	13.868	237.490	0.010	0.100	99.900	2.603	13.868		chang4+5
地201-59	2285.125	104.723	84.515	48.716	15.083	230.675	0.010	0.100	99.900	2.614	15.083		chang4+5
地201-59	2285.250	98.541	84.315	42.824	16.915	221.972	0.010	0.100	99.900	2.622	16.915		chang4+5
地201-59	2285.375	88.845	84.075	34.423	19.290	215.947	0.010	0.100	99.900	2.628	19.290		chang4+5
地201-59	2285.500	81.163	83.803	28.430	21.553	214.375	0.010	0.100	99.900	2.632	21.553		chang4+5
地201-59	2285.625	81.464	83.512	28.654	23.311	215.912	0.010	0.100	99.900	2.629	23.311		chang4+5
地201-59	2285.750	85.824	83.218	32.000	24.734	217.311	0.010	0.100	99.900	2.616	24.734		chang4+5
地201-59	2285.875	88.703	82.944	34.307	26.539	216.846	0.010	0.100	99.900	2.600	26.539		chang4+5
地201-59	2286.000	87.275	82.717	33.152	29.366	215.201	0.010	0.100	99.900	2.592	29.366		chang4+5
地201-59	2286.125	81.984	82.556	29.045	33.564	214.077	0.010	0.100	99.900	2.598	33.564		chang4+5
地201-59	2286.250	78.190	82.475	26.256	37.685	214.276	0.010	0.100	99.900	2.616	37.685		chang4+5
地201-59	2286.375	75.747	82.495	24.527	39.706	214.086	0.010	0.100	99.900	2.643	39.706		chang4+5
地201-59	2286.500	76.138	82.603	24.800	38.495	211.597	0.010	0.100	99.900	2.670	38.495		chang4+5
地201-59	2286.625	76.289	82.779	24.906	36.080	206.607	0.010	0.100	99.900	2.691	36.080		chang4+5
地201-59	2286.750	73.966	82.999	23.298	33.953	201.888	0.010	0.100	99.900	2.700	33.953		chang4+5
地201-59	2286.875	73.526	83.232	22.998	32.701	200.642	0.010	0.100	99.900	2.702	32.701		chang4+5
地201-59	2287.000	79.438	83.442	27.159	31.672	203.688	0.010	0.100	99.900	2.699	31.672		chang4+5
地201-59	2287.125	91.998	83.608	37.048	29.869	209.258	0.010	0.100	99.900	2.691	29.869	差油层	chang4+5
地201-59	2287.250	100.481	83.718	44.626	26.295	213.933	0.010	0.100	99.900	2.681	26.295	差油层	chang4+5
地201-59	2287.375	100.493	83.767	44.638	22.050	216.003	0.010	0.100	99.900	2.670	22.050	差油层	chang4+5
地201-59	2287.500	97.387	83.773	41.772	18.503	216.124	0.010	0.100	99.900	2.656	18.503	差油层	chang4+5
地201-59	2287.625	98.416	83.754	42.710	16.416	216.596	0.010	0.100	99.900	2.631	16.416	差油层	chang4+5
地201-59	2287.750	99.813	83.727	44.001	15.279	221.218	0.010	0.100	99.900	2.586	15.279	差油层	chang4+5
地201-59	2287.875	102.791	83.705	46.828	14.573	232.228	0.010	0.100	99.900	2.527	14.573	差油层	chang4+5
地201-59	2288.000	112.838	83.699	57.149	13.741	249.397	0.010	0.100	99.900	2.467	13.741	差油层	chang4+5
地201-59	2288.125	128.135	83.709	75.471	12.491	268.022	0.010	0.100	99.900	2.417	12.491	差油层	chang4+5
地201-59	2288.250	137.999	83.735	89.209	10.916	278.859	0.010	0.100	99.900	2.378	10.916	差油层	chang4+5
地201-59	2288.375	138.578	83.776	90.067	9.445	278.203	0.010	0.100	99.900	2.353	9.445	差油层	chang4+5
地201-59	2288.500	133.038	83.825	82.095	8.346	269.137	0.010	0.100	99.900	2.338	8.346	差油层	chang4+5
地201-59	2288.625	127.121	83.874	74.148	7.623	259.310	0.010	0.100	99.900	2.330	7.623	差油层	chang4+5
地201-59	2288.750	125.775	83.916	72.419	7.242	256.553	0.010	0.100	99.900	2.329	7.242	差油层	chang4+5
地201-59	2288.875	128.553	83.944	76.020	7.179	261.413	0.010	0.100	99.900	2.339	7.179	差油层	chang4+5
地201-59	2289.000	133.892	83.950	83.289	7.479	270.385	0.010	0.100	99.900	2.362	7.479	差油层	chang4+5
地201-59	2289.125	138.009	83.935	89.224	8.135	277.338	0.010	0.100	99.900	2.397	8.135	差油层	chang4+5
地201-59	2289.250	142.825	83.897	96.549	8.901	275.266	0.010	0.100	99.900	2.439	8.901	差油层	chang4+5
地201-59	2289.375	145.343	83.836	99.900	9.589	263.843	0.010	0.100	99.900	2.474	9.589		chang4+5
地201-59	2289.500	139.722	83.759	91.781	10.202	246.706	0.010	0.100	99.900	2.473	10.202		chang4+5
地201-59	2289.625	126.843	83.675	73.790	10.997	230.115	0.010	0.100	99.900	2.402	10.997		chang4+5
地201-59	2289.750	112.055	83.593	56.299	12.138	221.712	0.010	0.100	99.900	2.273	12.138		chang4+5
地201-59	2289.875	102.556	83.524	46.601	13.453	225.160	0.010	0.100	99.900	2.136	13.453		chang4+5
地201-59	2290.000	100.568	83.480	44.708	14.350	241.651	0.010	0.100	99.900	2.035	14.350		chang4+5
地201-59	2290.125	105.046	83.468	49.037	14.558	267.966	0.010	0.100	99.900	1.999	14.558		chang4+5
地201-59	2290.250	109.907	83.494	54.007	14.234	294.359	0.010	0.100	99.900	2.025	14.234		chang4+5
地201-59	2290.375	115.837	83.568	60.479	13.634	310.103	0.010	0.100	99.900	2.093	13.634		chang4+5
地201-59	2290.500	123.776	83.691	69.901	12.817	310.753	0.010	0.100	99.900	2.183	12.817		chang4+5
地201-59	2290.625	131.398	83.862	79.836	12.020	299.438	0.010	0.100	99.900	2.285	12.020		chang4+5
地201-59	2290.750	134.440	84.081	84.062	11.649	285.306	0.010	0.100	99.900	2.380	11.649		chang4+5
地201-59	2290.875	133.825	84.350	83.196	12.053	275.010	0.010	0.100	99.900	2.449	12.053		chang4+5
地201-59	2291.000	134.633	84.657	84.336	13.726	267.722	0.010	0.100	99.900	2.490	13.726		chang4+5
地201-59	2291.125	135.917	84.982	86.172	16.740	259.201	0.010	0.100	99.900	2.517	16.740		chang4+5
地201-59	2291.250	129.762	85.306	77.625	20.828	246.726	0.010	0.100	99.900	2.548	20.828		chang4+5
地201-59	2291.375	120.098	85.601	65.424	24.459	232.850	0.010	0.100	99.900	2.580	24.459		chang4+5
地201-59	2291.500	110.102	85.845	54.213	25.917	220.637	0.010	0.100	99.900	2.604	25.917		chang4+5
地201-59	2291.625	100.222	86.026	44.383	25.590	211.701	0.010	0.100	99.900	2.613	25.590		chang4+5
地201-59	2291.750	91.162	86.138	36.342	25.584	206.205	0.010	0.100	99.900	2.612	25.584		chang4+5
地201-59	2291.875	85.604	86.181	31.827	26.823	203.498	0.010	0.100	99.900	2.604	26.823		chang4+5
地201-59	2292.000	82.628	86.177	29.531	28.370	203.697	0.010	0.100	99.900	2.597	28.370		chang4+5
地201-59	2292.125	82.907	86.146	29.742	28.502	206.269	0.010	0.100	99.900	2.595	28.502		chang4+5
地201-59	2292.250	86.343	86.112	32.410	28.040	209.268	0.010	0.100	99.900	2.602	28.040		chang4+5
地201-59	2292.375	88.424	86.097	34.080	27.954	211.116	0.010	0.100	99.900	2.614	27.954		chang4+5
地201-59	2292.500	86.345	86.117	32.411	27.210	212.415	0.010	0.100	99.900	2.628	27.210		chang4+5
地201-59	2292.625	85.315	86.181	31.601	24.629	215.174	0.010	0.100	99.900	2.642	24.629		chang4+5
地201-59	2292.750	91.014	86.293	36.218	21.173	220.605	0.010	0.100	99.900	2.657	21.173		chang4+5
地201-59	2292.875	100.814	86.456	44.940	18.540	226.645	0.010	0.100	99.900	2.670	18.540		chang4+5
地201-59	2293.000	110.159	86.664	54.273	16.893	231.002	0.010	0.100	99.900	2.675	16.893		chang4+5
地201-59	2293.125	117.177	86.908	62.007	15.887	233.058	0.010	0.100	99.900	2.662	15.887		chang4+5
地201-59	2293.250	117.416	87.179	62.282	15.191	234.800	0.010	0.100	99.900	2.626	15.191		chang4+5
地201-59	2293.375	117.671	87.472	62.576	14.641	238.887	0.010	0.100	99.900	2.581	14.641		chang4+5
地201-59	2293.500	117.217	87.775	62.053	14.298	246.711	0.010	0.100	99.900	2.545	14.298		chang4+5
地201-59	2293.625	116.428	88.078	61.150	14.295	257.852	0.010	0.100	99.900	2.531	14.295		chang4+5
地201-59	2293.750	115.779	88.369	60.413	14.488	268.296	0.010	0.100	99.900	2.540	14.488		chang4+5
地201-59	2293.875	116.862	88.637	61.646	14.602	272.420	0.010	0.100	99.900	2.563	14.602		chang4+5
地201-59	2294.000	119.591	88.871	64.822	14.402	267.558	0.010	0.100	99.900	2.588	14.402		chang4+5
地201-59	2294.125	121.952	89.064	67.656	14.129	256.173	0.010	0.100	99.900	2.607	14.129		chang4+5
地201-59	2294.250	116.900	89.211	61.689	14.045	244.970	0.010	0.100	99.900	2.617	14.045		chang4+5
地201-59	2294.375	114.201	89.304	58.647	14.179	238.151	0.010	0.100	99.900	2.624	14.179		chang4+5
地201-59	2294.500	116.710	89.347	61.472	14.205	235.745	0.010	0.100	99.900	2.628	14.205		chang4+5
地201-59	2294.625	115.621	89.349	60.235	13.903	236.868	0.010	0.100	99.900	2.630	13.903		chang4+5
地201-59	2294.750	106.947	89.318	50.946	13.231	241.304	0.010	0.100	99.900	2.628	13.231		chang4+5
地201-59	2294.875	100.060	89.259	44.232	12.457	247.069	0.010	0.100	99.900	2.622	12.457		chang4+5
地201-59	2295.000	101.152	89.181	45.259	11.843	250.994	0.010	0.100	99.900	2.614	11.843		chang4+5
地201-59	2295.125	107.896	89.091	51.916	11.627	250.559	0.010	0.100	99.900	2.607	11.627		chang4+5
地201-59	2295.250	112.662	88.988	56.957	11.696	246.676	0.010	0.100	99.900	2.603	11.696		chang4+5
地201-59	2295.375	114.244	88.875	58.695	11.859	243.049	0.010	0.100	99.900	2.600	11.859		chang4+5
地201-59	2295.500	117.583	88.754	62.475	12.043	241.013	0.010	0.100	99.900	2.595	12.043		chang4+5
地201-59	2295.625	120.521	88.628	65.929	12.419	239.592	0.010	0.100	99.900	2.584	12.419		chang4+5
地201-59	2295.750	118.281	88.501	63.284	13.081	237.819	0.010	0.100	99.900	2.564	13.081		chang4+5
地201-59	2295.875	111.586	88.382	55.793	13.803	237.241	0.010	0.100	99.900	2.542	13.803		chang4+5
地201-59	2296.000	102.469	88.275	46.517	14.202	239.780	0.010	0.100	99.900	2.524	14.202		chang4+5
地201-59	2296.125	98.055	88.185	42.379	14.258	244.872	0.010	0.100	99.900	2.516	14.258		chang4+5
地201-59	2296.250	99.840	88.113	44.026	14.384	248.336	0.010	0.100	99.900	2.516	14.384		chang4+5
地201-59	2296.375	100.120	88.061	44.287	14.978	247.579	0.010	0.100	99.900	2.522	14.978		chang4+5
地201-59	2296.500	95.744	88.021	40.299	16.128	244.401	0.010	0.100	99.900	2.527	16.128		chang4+5
地201-59	2296.625	90.936	87.984	36.153	17.672	243.087	0.010	0.100	99.900	2.524	17.672		chang4+5
地201-59	2296.750	93.936	87.937	38.712	19.304	245.874	0.010	0.100	99.900	2.511	19.304		chang4+5
地201-59	2296.875	102.040	87.861	46.105	21.008	249.524	0.010	0.100	99.900	2.494	21.008		chang4+5
地201-59	2297.000	107.175	87.742	51.178	22.781	251.071	0.010	0.100	99.900	2.480	22.781		chang4+5
地201-59	2297.125	104.474	87.570	48.471	23.997	250.109	0.010	0.100	99.900	2.472	23.997		chang4+5
地201-59	2297.250	95.688	87.337	40.249	23.843	248.054	0.010	0.100	99.900	2.475	23.843		chang4+5
地201-59	2297.375	89.975	87.034	35.353	22.192	245.428	0.010	0.100	99.900	2.487	22.192		chang4+5
地201-59	2297.500	89.719	86.675	35.140	20.207	241.649	0.010	0.100	99.900	2.504	20.207		chang4+5
地201-59	2297.625	91.628	86.273	36.734	18.495	236.852	0.010	0.100	99.900	2.520	18.495		chang4+5
地201-59	2297.750	91.851	85.844	36.923	17.245	232.349	0.010	0.100	99.900	2.528	17.245		chang4+5
地201-59	2297.875	92.054	85.405	37.096	16.331	229.104	0.010	0.100	99.900	2.528	16.331		chang4+5
地201-59	2298.000	89.450	84.976	34.919	15.734	227.198	0.010	0.100	99.900	2.522	15.734		chang4+5
地201-59	2298.125	82.932	84.571	29.762	15.566	226.271	0.010	0.100	99.900	2.517	15.566		chang4+5
地201-59	2298.250	74.286	84.200	23.516	15.822	225.741	0.010	0.100	99.900	2.519	15.822		chang4+5
地201-59	2298.375	68.490	83.875	19.680	16.396	224.994	0.010	0.100	99.900	2.525	16.396		chang4+5
地201-59	2298.500	68.480	83.599	19.674	16.945	223.830	0.010	0.100	99.900	2.531	16.945		chang4+5
地201-59	2298.625	74.489	83.372	23.656	17.133	222.452	0.010	0.100	99.900	2.536	17.133		chang4+5
地201-59	2298.750	77.809	83.194	25.983	16.921	221.274	0.010	0.100	99.900	2.535	16.921		chang4+5
地201-59	2298.875	78.912	83.071	26.777	16.505	220.544	0.010	0.100	99.900	2.529	16.505		chang4+5
地201-59	2299.000	79.700	83.000	27.350	16.038	220.638	0.010	0.100	99.900	2.525	16.038		chang4+5
地201-59	2299.125	80.148	82.979	27.680	15.383	222.359	0.010	0.100	99.900	2.528	15.383		chang4+5
地201-59	2299.250	83.456	83.010	30.161	14.309	226.362	0.010	0.100	99.900	2.538	14.309		chang4+5
地201-59	2299.375	90.853	83.103	36.084	13.086	231.429	0.010	0.100	99.900	2.542	13.086		chang4+5
地201-59	2299.500	99.380	83.254	43.598	12.127	236.066	0.010	0.100	99.900	2.529	12.127		chang4+5
地201-59	2299.625	102.386	83.461	46.437	11.740	240.164	0.010	0.100	99.900	2.505	11.740		chang4+5
地201-59	2299.750	101.268	83.717	45.369	11.658	245.702	0.010	0.100	99.900	2.491	11.658		chang4+5
地201-59	2299.875	101.509	84.016	45.598	11.493	252.552	0.010	0.100	99.900	2.495	11.493		chang4+5
地201-59	2300.000	102.850	84.334	46.884	11.069	256.888	0.010	0.100	99.900	2.519	11.069		chang4+5
地201-59	2300.125	105.801	84.652	49.790	10.872	253.749	0.010	0.100	99.900	2.557	10.872		chang4+5
地201-59	2300.250	106.818	84.950	50.815	10.877	242.527	0.010	0.100	99.900	2.594	10.877		chang4+5
地201-59	2300.375	103.784	85.207	47.793	11.654	230.018	0.010	0.100	99.900	2.613	11.654		chang4+5
地201-59	2300.500	97.515	85.412	41.888	13.096	221.503	0.010	0.100	99.900	2.614	13.096		chang4+5
地201-59	2300.625	94.070	85.562	38.828	14.801	218.522	0.010	0.100	99.900	2.607	14.801		chang4+5
地201-59	2300.750	95.589	85.654	40.162	16.372	219.011	0.010	0.100	99.900	2.602	16.372		chang4+5
地201-59	2300.875	96.763	85.684	41.209	17.819	220.048	0.010	0.100	99.900	2.602	17.819		chang4+5
地201-59	2301.000	96.723	85.656	41.173	19.026	220.641	0.010	0.100	99.900	2.603	19.026		chang4+5
地201-59	2301.125	94.463	85.573	39.171	19.573	220.558	0.010	0.100	99.900	2.605	19.573		chang4+5
地201-59	2301.250	90.851	85.431	36.081	19.612	219.877	0.010	0.100	99.900	2.610	19.612		chang4+5
地201-59	2301.375	89.193	85.220	34.708	19.607	218.936	0.010	0.100	99.900	2.618	19.607		chang4+5
地201-59	2301.500	88.296	84.941	33.976	20.016	217.825	0.010	0.100	99.900	2.631	20.016		chang4+5
地201-59	2301.625	83.578	84.595	30.255	20.832	216.142	0.010	0.100	99.900	2.645	20.832		chang4+5
地201-59	2301.750	78.480	84.184	26.464	21.979	212.844	0.010	0.100	99.900	2.654	21.979		chang4+5
地201-59	2301.875	77.561	83.708	25.806	23.639	207.703	0.010	0.100	99.900	2.652	23.639		chang4+5
地201-59	2302.000	76.707	83.163	25.200	26.218	201.796	0.010	0.100	99.900	2.637	26.218		chang4+5
地201-59	2302.125	72.489	82.589	22.299	29.951	197.861	0.010	0.100	99.900	2.610	29.951		chang4+5
地201-59	2302.250	73.724	82.030	23.132	33.547	199.211	0.010	0.100	99.900	2.575	33.547		chang4+5
地201-59	2302.375	90.997	81.465	17.270	34.464	205.240	0.010	9.428	58.152	2.544	34.464		chang4+5
地201-59	2302.500	119.226	80.895	30.264	32.864	213.063	1.191	10.187	55.784	2.525	32.864		chang4+5
地201-59	2302.625	136.298	80.311	40.582	31.410	218.928	1.585	10.756	54.503	2.519	31.410		chang4+5
地201-59	2302.750	122.832	79.721	33.118	31.405	220.215	1.700	10.881	53.979	2.525	31.405		chang4+5
地201-59	2302.875	98.290	79.174	21.368	32.685	217.684	1.540	10.635	53.940	2.535	32.685		chang4+5
地201-59	2303.000	81.861	78.729	14.783	34.746	212.756	1.237	10.157	54.386	2.542	34.746		chang4+5
地201-59	2303.125	76.607	78.412	12.595	37.414	207.318	0.010	9.630	54.825	2.543	37.414		chang4+5
地201-59	2303.250	76.067	78.203	12.130	41.228	203.804	0.010	9.289	53.840	2.533	41.228		chang4+5
地201-59	2303.375	76.615	78.056	12.290	46.779	203.678	0.010	9.277	50.600	2.512	46.779		chang4+5
地201-59	2303.500	81.608	77.915	14.201	53.375	207.251	0.010	9.623	45.927	2.486	53.375		chang4+5
地201-59	2303.625	90.001	77.763	17.723	60.315	213.507	2.243	10.230	41.031	2.459	60.315		chang4+5
地201-59	2303.750	94.219	77.591	20.038	65.754	220.430	3.601	10.902	37.244	2.438	65.754		chang4+5
地201-59	2303.875	88.091	77.373	18.293	66.991	226.265	4.993	11.468	35.356	2.424	66.991		chang4+5
地201-59	2304.000	72.965	77.102	13.406	64.556	230.230	5.881	11.852	35.027	2.419	64.556		chang4+5
地201-59	2304.125	59.053	76.793	9.361	63.565	231.950	6.305	12.019	34.885	2.427	63.565		chang4+5
地201-59	2304.250	53.999	76.467	7.920	67.011	231.071	6.365	11.934	34.181	2.448	67.011		chang4+5
地201-59	2304.375	52.950	76.135	7.403	74.194	227.645	5.934	11.602	33.268	2.478	74.194		chang4+5
地201-59	2304.500	53.717	75.805	11.032	82.723	221.540	0.010	0.100	99.900	2.515	82.723		chang4+5
地201-59	2304.625	57.398	75.491	13.045	92.374	213.333	0.010	0.100	99.900	2.551	92.374		chang4+5
地201-59	2304.750	62.669	75.223	16.088	104.387	205.200	0.010	0.100	99.900	2.578	104.387		chang4+5
地201-59	2304.875	65.953	75.048	18.083	114.065	199.741	0.010	0.100	99.900	2.590	114.065		chang4+5
地201-59	2305.000	66.934	74.959	18.695	112.545	198.305	0.010	0.100	99.900	2.585	112.545		chang4+5
地201-59	2305.125	69.777	74.911	20.509	102.187	200.878	0.010	0.100	99.900	2.567	102.187		chang4+5
地201-59	2305.250	78.501	74.834	13.121	93.310	206.457	0.010	9.546	34.972	2.541	93.310		chang4+5
地201-59	2305.375	87.107	74.659	16.652	88.085	213.281	3.233	10.208	34.014	2.515	88.085		chang4+5
地201-59	2305.500	90.404	74.387	18.525	84.814	219.988	4.535	10.859	32.903	2.492	84.814		chang4+5
地201-59	2305.625	89.094	74.052	18.552	83.589	225.100	5.865	11.355	31.917	2.475	83.589		chang4+5
地201-59	2305.750	83.558	73.695	16.764	84.729	227.577	6.753	11.595	31.146	2.463	84.729		chang4+5
地201-59	2305.875	79.173	73.358	15.284	86.805	228.170	7.130	11.653	30.643	2.455	86.805		chang4+5
地201-59	2306.000	77.675	73.071	14.747	87.027	227.862	7.038	11.623	30.670	2.449	87.027		chang4+5
地201-59	2306.125	79.383	72.847	15.277	86.238	227.314	6.782	11.570	30.930	2.444	86.238		chang4+5
地201-59	2306.250	82.017	72.696	16.120	87.323	226.559	6.607	11.496	30.902	2.443	87.323		chang4+5
地201-59	2306.375	83.199	72.627	16.443	91.873	225.579	6.609	11.401	30.339	2.446	91.873		chang4+5
地201-59	2306.500	83.067	72.608	16.309	96.540	224.665	6.622	11.313	29.793	2.453	96.540		chang4+5
地201-59	2306.625	86.140	72.605	17.369	98.585	224.227	6.609	11.270	29.576	2.463	98.585		chang4+5
地201-59	2306.750	88.840	72.604	18.379	98.306	224.339	6.629	11.281	29.594	2.471	98.306		chang4+5
地201-59	2306.875	89.851	72.589	18.780	97.016	224.535	6.610	11.300	29.747	2.474	97.016		chang4+5
地201-59	2307.000	90.450	72.551	19.000	93.417	224.454	6.338	11.292	30.333	2.471	93.417		chang4+5
地201-59	2307.125	89.564	72.488	18.622	85.612	224.046	5.685	11.253	31.779	2.465	85.612		chang4+5
地201-59	2307.250	87.834	72.412	17.930	75.548	223.611	4.903	11.210	33.937	2.457	75.548		chang4+5
地201-59	2307.375	88.098	72.344	18.005	65.689	223.379	4.212	11.188	36.457	2.447	65.689		chang4+5
地201-59	2307.500	88.540	72.299	18.157	58.225	223.252	3.708	11.176	38.759	2.438	58.225		chang4+5
地201-59	2307.625	86.424	72.279	17.355	53.384	223.026	3.360	11.154	40.545	2.431	53.384		chang4+5
地201-59	2307.750	83.602	72.274	16.318	51.018	222.776	3.168	11.129	41.551	2.426	51.018		chang4+5
地201-59	2307.875	83.481	72.274	16.276	51.285	222.789	3.187	11.131	41.439	2.422	51.285		chang4+5
地201-59	2308.000	84.970	72.268	16.834	53.914	223.076	3.402	11.158	40.331	2.421	53.914		chang4+5
地201-59	2308.125	85.525	72.245	17.053	58.800	223.272	3.749	11.177	38.563	2.419	58.800		chang4+5
地201-59	2308.250	87.193	72.198	17.633	65.628	222.998	4.124	11.151	36.576	2.415	65.628		chang4+5
地201-59	2308.375	87.420	72.127	17.664	73.190	222.473	4.473	11.100	34.769	2.413	73.190		chang4+5
地201-59	2308.500	84.399	72.051	16.534	80.449	222.079	4.814	11.062	33.260	2.415	80.449		chang4+5
地201-59	2308.625	82.173	71.983	15.727	85.923	221.813	5.069	11.036	32.246	2.423	85.923		chang4+5
地201-59	2308.750	81.374	71.921	15.359	88.811	220.833	4.971	10.941	31.950	2.440	88.811		chang4+5
地201-59	2308.875	79.074	71.855	14.348	89.388	218.267	4.349	10.692	32.472	2.467	89.388		chang4+5
地201-59	2309.000	76.740	71.786	13.198	89.705	213.861	3.405	10.265	33.550	2.498	89.705		chang4+5
地201-59	2309.125	74.487	71.735	12.009	92.300	208.192	0.010	9.715	34.648	2.532	92.300		chang4+5
地201-59	2309.250	71.121	71.725	21.388	98.095	202.637	0.010	0.100	99.900	2.563	98.095		chang4+5
地201-59	2309.375	66.163	71.768	18.214	105.288	198.626	0.010	0.100	99.900	2.583	105.288		chang4+5
地201-59	2309.500	61.620	71.834	15.467	109.082	197.330	0.010	0.100	99.900	2.583	109.082		chang4+5
地201-59	2309.625	58.067	71.892	13.421	107.661	199.600	0.010	0.100	99.900	2.567	107.661		chang4+5
地201-59	2309.750	59.517	71.918	7.530	103.729	205.150	0.010	9.420	33.546	2.542	103.729		chang4+5
地201-59	2309.875	65.687	71.896	9.689	99.821	211.704	3.342	10.055	32.362	2.517	99.821		chang4+5
地201-59	2310.000	72.580	71.825	12.182	95.006	217.324	4.387	10.600	31.726	2.494	95.006		chang4+5
地201-59	2310.125	78.098	71.698	14.267	88.645	220.973	4.999	10.955	31.947	2.474	88.645		chang4+5
地201-59	2310.250	84.365	71.505	16.604	83.143	222.935	5.207	11.145	32.511	2.459	83.143		chang4+5
地201-59	2310.375	85.652	71.259	17.197	80.659	224.277	5.422	11.275	32.686	2.445	80.659		chang4+5
地201-59	2310.500	79.337	71.011	15.090	82.679	225.455	5.909	11.389	32.010	2.433	82.679		chang4+5
地201-59	2310.625	72.977	70.800	13.089	87.634	226.532	6.622	11.494	30.853	2.424	87.634		chang4+5
地201-59	2310.750	72.919	70.635	13.136	92.893	227.286	7.295	11.567	29.807	2.422	92.893		chang4+5
地201-59	2310.875	78.273	70.495	14.913	95.800	227.461	7.591	11.584	29.315	2.426	95.800		chang4+5
地201-59	2311.000	84.347	70.351	16.994	98.170	227.026	7.608	11.542	29.049	2.432	98.170		chang4+5
地201-59	2311.125	87.813	70.202	18.209	102.125	226.459	7.688	11.487	28.596	2.440	102.125		chang4+5
地201-59	2311.250	87.595	70.075	18.140	106.650	226.584	8.080	11.499	27.957	2.445	106.650		chang4+5
地201-59	2311.375	84.348	70.015	17.035	108.464	227.450	8.590	11.583	27.553	2.445	108.464		chang4+5
地201-59	2311.500	80.322	70.039	15.702	107.415	228.403	8.928	11.675	27.502	2.441	107.415		chang4+5
地201-59	2311.625	79.607	70.138	15.479	106.403	228.659	8.959	11.700	27.583	2.435	106.403		chang4+5
地201-59	2311.750	81.628	70.292	16.125	106.783	228.057	8.722	11.642	27.650	2.434	106.783		chang4+5
地201-59	2311.875	84.981	70.489	17.242	107.358	227.221	8.403	11.561	27.740	2.436	107.358		chang4+5
地201-59	2312.000	89.358	70.720	18.800	106.470	226.556	8.055	11.496	27.987	2.443	106.470		chang4+5
地201-59	2312.125	89.603	70.993	18.851	104.207	226.144	7.718	11.456	28.372	2.451	104.207		chang4+5
地201-59	2312.250	85.275	71.314	17.216	100.414	225.868	7.332	11.429	28.960	2.457	100.414		chang4+5
地201-59	2312.375	84.327	71.688	16.849	93.953	225.611	6.769	11.404	29.995	2.461	93.953		chang4+5
地201-59	2312.500	87.822	72.086	18.102	85.774	225.360	6.100	11.380	31.449	2.464	85.774		chang4+5
地201-59	2312.625	92.197	72.477	19.754	78.368	225.224	5.534	11.367	32.934	2.467	78.368		chang4+5
地201-59	2312.750	95.273	72.846	20.994	74.816	225.429	5.340	11.387	33.657	2.469	74.816		chang4+5
地201-59	2312.875	98.681	73.200	22.455	75.087	226.000	5.520	11.442	33.459	2.469	75.087		chang4+5
地201-59	2313.000	101.475	73.553	23.723	77.870	226.705	5.936	11.511	32.690	2.466	77.870		chang4+5
地201-59	2313.125	100.757	73.904	23.456	80.904	227.066	6.283	11.545	31.990	2.462	80.904		chang4+5
地201-59	2313.250	94.967	74.243	21.001	82.228	226.629	6.244	11.503	31.830	2.458	82.228		chang4+5
地201-59	2313.375	90.179	74.552	19.003	81.154	225.490	5.811	11.393	32.301	2.454	81.154		chang4+5
地201-59	2313.500	90.862	74.826	19.104	78.381	223.942	5.177	11.242	33.238	2.451	78.381		chang4+5
地201-59	2313.625	94.362	75.075	20.306	75.795	222.421	4.619	11.095	34.179	2.453	75.795		chang4+5
地201-59	2313.750	96.089	75.316	20.886	74.159	221.419	4.284	10.998	34.812	2.461	74.159		chang4+5
地201-59	2313.875	97.243	75.559	21.296	73.296	220.904	4.118	10.948	35.151	2.474	73.296		chang4+5
地201-59	2314.000	100.026	75.788	22.362	72.457	220.193	3.917	10.879	35.543	2.496	72.457		chang4+5
地201-59	2314.125	104.542	75.985	24.037	71.646	218.041	3.443	10.670	36.333	2.521	71.646		chang4+5
地201-59	2314.250	103.424	76.142	23.027	72.138	213.472	2.677	10.227	37.529	2.543	72.138		chang4+5
地201-59	2314.375	95.970	76.268	19.355	76.003	207.456	0.010	9.643	38.421	2.555	76.003		chang4+5
地201-59	2314.500	84.721	76.417	31.137	87.311	201.865	0.010	0.100	99.900	2.558	87.311		chang4+5
地201-59	2314.625	74.203	76.637	23.460	121.000	198.987	0.010	0.100	99.900	2.551	121.000		chang4+5
地201-59	2314.750	68.247	76.949	19.525	178.961	200.444	0.010	0.100	99.900	2.537	178.961		chang4+5
地201-59	2314.875	70.429	77.345	10.546	168.970	205.174	0.010	9.422	26.278	2.522	168.970		chang4+5
地201-59	2315.000	78.136	77.770	13.430	98.472	211.371	3.233	10.023	32.671	2.509	98.472		chang4+5
地201-59	2315.125	85.252	78.171	16.348	68.802	216.979	3.116	10.567	37.381	2.495	68.802		chang4+5
地201-59	2315.250	90.450	78.503	18.613	64.831	220.688	3.600	10.927	37.436	2.480	64.831		chang4+5
地201-59	2315.375	95.259	78.724	20.698	73.689	222.752	4.571	11.127	34.580	2.467	73.689		chang4+5
地201-59	2315.500	97.077	78.838	21.528	80.100	223.635	5.206	11.213	32.953	2.458	80.100		chang4+5
地201-59	2315.625	98.494	78.855	22.118	76.094	223.695	4.961	11.219	33.795	2.451	76.094		chang4+5
地201-59	2315.750	101.225	78.782	23.211	73.642	223.213	4.680	11.172	34.474	2.450	73.642	差油层	chang4+5
地201-59	2315.875	104.270	78.623	24.460	81.553	222.629	5.025	11.115	32.900	2.451	81.553	差油层	chang4+5
地201-59	2316.000	105.684	78.416	25.045	91.021	222.288	5.508	11.082	31.220	2.450	91.021	差油层	chang4+5
地201-59	2316.125	104.243	78.207	24.421	81.141	222.401	4.940	11.093	33.039	2.445	81.141	差油层	chang4+5
地201-59	2316.250	100.624	78.042	22.937	68.735	223.046	4.330	11.156	35.727	2.438	68.735	差油层	chang4+5
地201-59	2316.375	95.838	77.951	21.069	70.466	224.032	4.676	11.251	35.032	2.432	70.466	差油层	chang4+5
地201-59	2316.500	90.433	77.918	19.035	97.116	224.857	6.729	11.331	29.663	2.432	97.116	差油层	chang4+5
地201-59	2316.625	83.846	77.918	16.568	134.706	224.481	9.152	11.295	25.255	2.443	134.706	差油层	chang4+5
地201-59	2316.750	75.850	77.918	13.587	144.312	221.628	8.430	11.018	24.916	2.465	144.312	差油层	chang4+5
地201-59	2316.875	68.912	77.918	11.000	126.703	216.478	5.580	10.518	27.653	2.496	126.703	差油层	chang4+5
地201-59	2317.000	63.874	78.068	16.811	112.311	210.340	0.010	0.100	99.900	2.533	112.311	差油层	chang4+5
地201-59	2317.125	60.463	78.249	14.790	103.924	205.758	0.010	0.100	99.900	2.567	103.924	差油层	chang4+5
地201-59	2317.250	58.954	78.565	13.923	78.179	205.661	0.010	0.100	99.900	2.593	78.179	差油层	chang4+5
地201-59	2317.375	61.651	79.311	15.485	52.468	210.356	0.010	0.100	99.900	2.607	52.468	差油层	chang4+5
地201-59	2317.500	73.490	79.576	22.974	39.552	218.811	0.010	0.100	99.900	2.610	39.552	差油层	chang4+5
地201-59	2317.625	93.940	79.809	38.715	31.664	229.152	0.010	0.100	99.900	2.605	31.664	差油层	chang4+5
地201-59	2317.750	113.312	80.223	57.667	23.678	239.038	0.010	0.100	99.900	2.599	23.678	差油层	chang4+5
地201-59	2317.875	124.216	80.638	70.450	17.341	246.690	0.010	0.100	99.900	2.592	17.341	差油层	chang4+5
地201-59	2318.000	126.545	81.052	73.406	13.877	251.661	0.010	0.100	99.900	2.579	13.877	差油层	chang4+5
地201-59	2318.125	125.980	81.700	72.681	12.330	255.885	0.010	0.100	99.900	2.556	12.330	差油层	chang4+5
地201-59	2318.250	124.231	82.529	70.469	11.955	263.499	0.010	0.100	99.900	2.526	11.955	差油层	chang4+5
地201-59	2318.375	124.496	82.959	70.801	11.971	274.616	0.010	0.100	99.900	2.505	11.971	差油层	chang4+5
地201-59	2318.500	122.327	83.373	68.113	11.866	283.529	0.010	0.100	99.900	2.500	11.866	差油层	chang4+5
地201-59	2318.625	114.838	83.554	59.356	11.754	281.192	0.010	0.100	99.900	2.510	11.754	差油层	chang4+5
地201-59	2318.750	104.379	83.554	48.377	12.119	263.306	0.010	0.100	99.900	2.529	12.119	差油层	chang4+5
地201-59	2318.875	90.116	83.554	35.469	13.286	238.284	0.010	0.100	99.900	2.551	13.286	差油层	chang4+5
地201-59	2319.000	75.450	83.254	24.320	15.456	215.473	0.010	0.100	99.900	2.570	15.456	差油层	chang4+5
地201-59	2319.125	64.846	82.859	17.402	18.865	200.507	0.010	0.100	99.900	2.584	18.865	差油层	chang4+5
地201-59	2319.250	59.668	82.347	14.331	23.989	192.834	0.010	0.100	99.900	2.594	23.989	差油层	chang4+5
地201-59	2319.375	56.760	81.654	12.690	33.084	188.562	0.010	0.100	99.900	2.601	33.084	差油层	chang4+5
地201-59	2319.500	54.702	80.954	11.562	54.732	186.886	0.010	0.100	99.900	2.601	54.732		chang4+5
地201-59	2319.625	52.564	80.283	10.420	98.583	189.003	0.010	0.100	99.900	2.601	98.583		chang4+5
地201-59	2319.750	55.172	79.671	11.817	136.364	195.630	0.010	0.100	99.900	2.590	136.364		chang4+5
地201-59	2319.875	61.722	79.146	15.526	96.042	204.594	0.010	0.100	99.900	2.573	96.042		chang4+5
地201-59	2320.000	68.800	78.706	10.735	56.870	213.580	2.124	10.237	42.231	2.555	56.870		chang4+5
地201-59	2320.125	72.597	78.344	12.484	37.961	220.855	2.127	10.943	48.862	2.542	37.961		chang4+5
地201-59	2320.250	73.559	78.052	13.198	31.005	225.639	2.237	11.407	52.203	2.532	31.005		chang4+5
地201-59	2320.375	73.775	77.829	13.501	29.041	228.326	2.405	11.668	52.921	2.527	29.041		chang4+5
地201-59	2320.500	76.287	77.664	14.414	29.763	229.313	2.590	11.763	51.916	2.524	29.763		chang4+5
地201-59	2320.625	81.118	77.556	16.036	31.086	228.998	2.663	11.733	50.910	2.522	31.086		chang4+5
地201-59	2320.750	87.069	77.509	18.066	31.239	227.793	2.517	11.616	51.217	2.519	31.239		chang4+5
地201-59	2320.875	90.585	77.536	19.245	30.063	226.328	2.248	11.474	52.754	2.515	30.063		chang4+5
地201-59	2321.000	88.409	77.636	18.299	28.561	225.149	2.009	11.360	54.583	2.509	28.561		chang4+5
地201-59	2321.125	82.826	77.808	16.236	27.618	224.794	1.907	11.325	55.650	2.504	27.618		chang4+5
地201-59	2321.250	78.792	78.050	14.953	27.461	225.984	2.017	11.441	55.332	2.502	27.461		chang4+5
地201-59	2321.375	78.956	78.366	15.304	28.267	229.191	2.445	11.752	53.317	2.504	28.267		chang4+5
地201-59	2321.500	82.990	78.739	17.211	29.891	234.276	3.320	12.245	50.080	2.511	29.891		chang4+5
地201-59	2321.625	91.377	79.157	20.947	32.014	239.423	4.536	12.744	46.786	2.519	32.014		chang4+5
地201-59	2321.750	94.916	79.608	22.610	33.970	241.305	5.249	12.927	44.877	2.524	33.970		chang4+5
地201-59	2321.875	91.313	80.080	20.879	35.405	239.028	4.925	12.706	44.603	2.523	35.405		chang4+5
地201-59	2322.000	82.969	80.560	17.227	36.358	234.517	4.086	12.268	45.335	2.521	36.358		chang4+5
地201-59	2322.125	77.042	81.042	14.847	36.676	231.302	3.524	11.956	46.130	2.521	36.676		chang4+5
地201-59	2322.250	80.504	81.527	33.800	35.868	231.723	0.010	0.100	99.900	2.526	35.868		chang4+5
地201-59	2322.375	89.759	82.018	42.991	33.467	234.636	0.010	0.100	99.900	2.536	33.467		chang4+5
地201-59	2322.500	98.965	82.519	53.380	29.748	238.548	0.010	0.100	99.900	2.549	29.748		chang4+5
地201-59	2322.625	105.128	83.032	61.115	25.934	242.816	0.010	0.100	99.900	2.559	25.934		chang4+5
地201-59	2322.750	108.763	83.553	65.997	22.524	247.463	0.010	0.100	99.900	2.565	22.524		chang4+5
地201-59	2322.875	110.359	84.071	68.219	19.595	252.170	0.010	0.100	99.900	2.567	19.595		chang4+5
地201-59	2323.000	111.439	84.568	69.750	17.091	256.452	0.010	0.100	99.900	2.569	17.091		chang4+5
地201-59	2323.125	114.157	85.029	73.708	15.091	260.175	0.010	0.100	99.900	2.575	15.091		chang4+5
地201-59	2198.375--2323.125(平均)	92.573	79.010	36.802	24.870	233.035	0.940	4.255	88.169	2.512	24.870		
地201-59	2198.375--2323.125(最大)	190.506	90.560	99.900	178.961	316.684	9.152	14.301	99.900	2.702	178.961		
地201-59	2198.375--2323.125(最小)	42.316	56.303	4.074	6.107	186.886	0.010	0.100	24.916	1.934	6.107		
