井名	深度	GR	SP	SH	AT90	AC	PERM	POR	SW	DEN	RT	解释结论	层位
地308-61	2248.125	88.578	69.182	33.018	18.201	222.107	0.010	0.100	99.900	2.604	18.344		chang3
地308-61	2248.250	91.955	68.923	39.356	18.244	225.407	0.010	0.100	99.900	2.604	18.187		chang3
地308-61	2248.375	102.523	68.772	50.924	17.239	232.382	0.010	0.100	99.900	2.593	16.707		chang3
地308-61	2248.500	113.797	68.714	62.555	15.023	239.477	0.010	0.100	99.900	2.578	14.079		chang3
地308-61	2248.625	124.065	68.743	74.854	12.541	244.982	0.010	0.100	99.900	2.563	11.678	油层	chang3
地308-61	2248.750	131.328	68.868	82.577	10.864	248.358	0.010	0.100	99.900	2.562	10.407	油层	chang3
地308-61	2248.875	131.045	69.074	77.587	10.067	250.214	0.010	0.100	99.900	2.575	9.876	油层	chang3
地308-61	2249.000	126.102	69.325	70.260	9.729	251.226	0.010	0.100	99.900	2.591	9.646	油层	chang3
地308-61	2249.125	123.204	69.585	68.597	9.557	251.600	0.010	0.100	99.900	2.595	9.507	油层	chang3
地308-61	2249.250	124.585	69.796	72.235	9.532	250.891	0.010	0.100	99.900	2.589	9.547	油层	chang3
地308-61	2249.375	125.800	69.912	72.572	9.888	248.257	0.010	0.100	99.900	2.590	10.080	油层	chang3
地308-61	2249.500	120.970	69.915	63.198	10.855	243.044	0.010	0.100	99.900	2.603	11.291	油层	chang3
地308-61	2249.625	112.488	69.816	53.349	12.530	235.840	0.010	0.100	99.900	2.621	13.226	油层	chang3
地308-61	2249.750	104.236	69.635	45.501	14.960	229.174	0.010	0.100	99.900	2.630	15.933	油层	chang3
地308-61	2249.875	97.465	69.391	39.866	17.909	225.756	0.010	0.100	99.900	2.624	19.017	油层	chang3
地308-61	2250.000	93.537	69.092	37.538	20.111	227.315	0.010	0.100	99.900	2.606	20.724	油层	chang3
地308-61	2250.125	95.310	68.741	41.283	19.812	234.689	0.010	0.100	99.900	2.578	19.300	油层	chang3
地308-61	2250.250	101.377	68.362	47.925	16.835	247.632	0.010	0.100	99.900	2.539	15.453	油层	chang3
地308-61	2250.375	109.249	68.007	56.498	13.029	263.235	0.010	0.100	99.900	2.492	11.669	油层	chang3
地308-61	2250.500	119.836	67.711	70.301	10.165	277.759	0.010	0.100	99.900	2.443	9.322	油层	chang3
地308-61	2250.625	132.654	67.468	88.408	8.841	287.816	0.010	0.100	99.900	2.408	8.572	油层	chang3
地308-61	2250.750	142.973	67.253	99.900	9.258	289.864	0.010	0.100	99.900	2.401	9.644	油层	chang3
地308-61	2250.875	146.041	67.037	99.900	11.264	283.879	0.010	0.100	99.900	2.420	12.172	油层	chang3
地308-61	2251.000	142.889	66.806	93.922	13.636	272.392	0.010	0.100	99.900	2.456	14.457	油层	chang3
地308-61	2251.125	135.853	66.558	81.894	14.443	258.533	0.010	0.100	99.900	2.500	14.436	油层	chang3
地308-61	2251.250	125.049	66.290	66.082	13.731	246.081	0.010	0.100	99.900	2.549	13.335	油层	chang3
地308-61	2251.375	114.986	66.011	56.033	13.031	237.865	0.010	0.100	99.900	2.597	12.860	油层	chang3
地308-61	2251.500	109.016	65.722	51.458	13.025	234.348	0.010	0.100	99.900	2.636	13.117	油层	chang3
地308-61	2251.625	110.016	65.413	55.654	13.413	233.489	0.010	0.100	99.900	2.660	13.579	油层	chang3
地308-61	2251.750	115.546	65.057	62.771	14.009	231.870	0.010	0.100	99.900	2.666	14.250	油层	chang3
地308-61	2251.875	115.312	64.649	58.309	14.983	227.532	0.010	0.100	99.900	2.659	15.394	油层	chang3
地308-61	2252.000	106.479	64.206	46.372	16.523	220.698	0.010	0.100	99.900	2.645	17.157	油层	chang3
地308-61	2252.125	92.359	63.761	16.912	18.561	212.817	0.010	5.892	92.221	2.631	19.349	油层	chang3
地308-61	2252.250	79.629	63.353	12.714	21.065	205.598	0.010	4.183	99.900	2.623	22.027	油层	chang3
地308-61	2252.375	72.115	63.005	10.731	24.343	199.743	0.010	2.832	99.900	2.622	25.642	油层	chang3
地308-61	2252.500	67.623	62.730	9.367	28.893	195.140	0.010	1.773	99.900	2.628	30.716	油层	chang3
地308-61	2252.625	64.117	62.551	8.305	34.737	191.624	0.010	0.980	99.900	2.637	36.993	油层	chang3
地308-61	2252.750	60.544	62.515	7.268	41.154	189.857	0.010	0.728	99.900	2.644	43.487	油层	chang3
地308-61	2252.875	58.858	62.641	7.237	45.939	190.856	0.010	1.264	99.900	2.647	47.314	油层	chang3
地308-61	2253.000	62.947	62.924	9.316	43.530	195.154	0.010	2.659	99.900	2.649	41.407	油层	chang3
地308-61	2253.125	73.147	63.350	13.452	34.425	202.365	0.010	4.721	89.680	2.651	30.509	油层	chang3
地308-61	2253.250	86.971	63.908	19.342	25.332	211.674	0.010	7.237	71.174	2.649	22.429	油层	chang3
地308-61	2253.375	99.028	64.563	24.484	19.707	221.679	0.010	9.772	60.307	2.641	18.180		chang3
地308-61	2253.500	107.163	65.275	28.317	16.968	230.462	2.468	11.815	53.697	2.629	16.288		chang3
地308-61	2253.625	112.773	66.014	59.038	15.697	236.478	0.010	0.100	99.900	2.620	15.366		chang3
地308-61	2253.750	116.778	66.754	62.989	14.998	239.873	0.010	0.100	99.900	2.617	14.791		chang3
地308-61	2253.875	120.456	67.471	67.494	14.480	243.018	0.010	0.100	99.900	2.619	14.306		chang3
地308-61	2254.000	123.563	68.149	70.858	13.977	248.402	0.010	0.100	99.900	2.618	13.792		chang3
地308-61	2254.125	129.508	68.773	81.064	13.374	257.278	0.010	0.100	99.900	2.605	13.139		chang3
地308-61	2254.250	138.899	69.309	96.206	12.543	268.983	0.010	0.100	99.900	2.574	12.209		chang3
地308-61	2254.375	151.284	69.737	99.900	11.426	280.344	0.010	0.100	99.900	2.539	10.987		chang3
地308-61	2254.500	164.643	70.059	99.900	10.254	287.791	0.010	0.100	99.900	2.514	9.842		chang3
地308-61	2254.625	175.618	70.298	99.900	9.414	288.912	0.010	0.100	99.900	2.509	9.173		chang3
地308-61	2254.750	178.026	70.477	99.900	9.079	282.488	0.010	0.100	99.900	2.513	9.026		chang3
地308-61	2254.875	169.844	70.618	99.900	9.161	270.678	0.010	0.100	99.900	2.530	9.237		chang3
地308-61	2255.000	156.915	70.724	99.900	9.662	256.543	0.010	0.100	99.900	2.557	9.901		chang3
地308-61	2255.125	143.366	70.790	89.947	10.753	242.155	0.010	0.100	99.900	2.590	11.230		chang3
地308-61	2255.250	128.247	70.828	68.321	12.663	229.754	0.010	0.100	99.900	2.619	13.466		chang3
地308-61	2255.375	114.549	70.871	54.200	15.274	221.378	0.010	0.100	99.900	2.635	16.287		chang3
地308-61	2255.500	105.793	70.946	47.401	17.951	217.790	0.010	0.100	99.900	2.638	18.884		chang3
地308-61	2255.625	102.085	71.064	45.454	19.529	218.068	0.010	0.100	99.900	2.634	19.892		chang3
地308-61	2255.750	104.399	71.220	50.094	19.242	220.892	0.010	0.100	99.900	2.634	18.877		chang3
地308-61	2255.875	110.419	71.404	57.149	17.784	225.531	0.010	0.100	99.900	2.645	17.170		chang3
地308-61	2256.000	117.163	71.611	64.819	16.140	232.106	0.010	0.100	99.900	2.662	15.563		chang3
地308-61	2256.125	123.849	71.842	73.012	14.447	240.794	0.010	0.100	99.900	2.675	13.821		chang3
地308-61	2256.250	137.642	72.094	98.463	12.632	250.540	0.010	0.100	99.900	2.666	11.965		chang4+5
地308-61	2256.375	159.551	72.351	99.900	10.968	258.700	0.010	0.100	99.900	2.635	10.409		chang4+5
地308-61	2256.500	183.355	72.593	99.900	9.852	262.558	0.010	0.100	99.900	2.597	9.540		chang4+5
地308-61	2256.625	196.270	72.805	99.900	9.494	260.455	0.010	0.100	99.900	2.572	9.469		chang4+5
地308-61	2256.750	188.732	72.977	99.900	10.001	252.022	0.010	0.100	99.900	2.578	10.299		chang4+5
地308-61	2256.875	166.134	73.112	99.900	11.260	240.334	0.010	0.100	99.900	2.605	11.799		chang4+5
地308-61	2257.000	142.287	73.214	83.796	13.033	229.954	0.010	0.100	99.900	2.633	13.725		chang4+5
地308-61	2257.125	125.367	73.286	65.764	14.858	224.287	0.010	0.100	99.900	2.649	15.494		chang4+5
地308-61	2257.250	119.047	73.333	63.303	15.869	224.612	0.010	0.100	99.900	2.650	16.079		chang4+5
地308-61	2257.375	119.809	73.365	66.091	15.498	228.885	0.010	0.100	99.900	2.642	15.171		chang4+5
地308-61	2257.500	124.792	73.382	74.137	14.247	234.835	0.010	0.100	99.900	2.632	13.729		chang4+5
地308-61	2257.625	131.700	73.380	83.828	12.954	241.321	0.010	0.100	99.900	2.621	12.519		chang4+5
地308-61	2257.750	133.974	73.355	83.168	11.691	246.841	0.010	0.100	99.900	2.604	11.226		chang4+5
地308-61	2257.875	134.757	73.306	85.273	10.291	249.831	0.010	0.100	99.900	2.578	9.766		chang4+5
地308-61	2258.000	137.291	73.233	89.822	9.245	250.031	0.010	0.100	99.900	2.552	8.953		chang4+5
地308-61	2258.125	136.148	73.138	84.684	9.237	248.554	0.010	0.100	99.900	2.545	9.396		chang4+5
地308-61	2258.250	129.548	73.020	73.422	10.503	247.152	0.010	0.100	99.900	2.569	11.124		chang4+5
地308-61	2258.375	122.045	72.878	64.731	12.127	247.394	0.010	0.100	99.900	2.600	12.690		chang4+5
地308-61	2258.500	119.258	72.714	64.261	12.926	249.836	0.010	0.100	99.900	2.614	13.058		chang4+5
地308-61	2258.625	122.073	72.524	69.847	12.921	253.235	0.010	0.100	99.900	2.601	12.844		chang4+5
地308-61	2258.750	127.035	72.298	76.462	12.789	254.657	0.010	0.100	99.900	2.572	12.759		chang4+5
地308-61	2258.875	131.712	72.031	82.457	12.891	252.413	0.010	0.100	99.900	2.558	12.966		chang4+5
地308-61	2259.000	131.884	71.720	79.419	13.198	247.040	0.010	0.100	99.900	2.571	13.328		chang4+5
地308-61	2259.125	126.951	71.356	70.967	13.470	240.736	0.010	0.100	99.900	2.604	13.549		chang4+5
地308-61	2259.250	123.261	70.915	68.318	13.547	236.689	0.010	0.100	99.900	2.633	13.546		chang4+5
地308-61	2259.375	121.906	70.382	67.200	13.469	235.981	0.010	0.100	99.900	2.649	13.426		chang4+5
地308-61	2259.500	122.638	69.748	69.229	13.300	237.533	0.010	0.100	99.900	2.657	13.229		chang4+5
地308-61	2259.625	126.593	69.006	75.920	13.061	240.239	0.010	0.100	99.900	2.660	12.967		chang4+5
地308-61	2259.750	129.558	68.139	78.165	12.820	244.271	0.010	0.100	99.900	2.657	12.737		chang4+5
地308-61	2259.875	129.988	67.147	77.795	12.715	249.647	0.010	0.100	99.900	2.647	12.702		chang4+5
地308-61	2260.000	131.305	66.032	80.797	12.882	254.990	0.010	0.100	99.900	2.621	12.983		chang4+5
地308-61	2260.125	135.623	64.788	88.620	13.266	258.094	0.010	0.100	99.900	2.575	13.424		chang4+5
地308-61	2260.250	139.095	63.394	92.102	13.571	256.954	0.010	0.100	99.900	2.523	13.654		chang4+5
地308-61	2260.375	137.744	61.853	87.037	13.642	251.766	0.010	0.100	99.900	2.493	13.636		chang4+5
地308-61	2260.500	129.950	60.173	73.047	13.730	244.063	0.010	0.100	99.900	2.500	13.782		chang4+5
地308-61	2260.625	118.358	58.361	58.338	14.113	236.080	0.010	0.100	99.900	2.534	14.298		chang4+5
地308-61	2260.750	105.142	56.422	23.496	14.833	230.807	0.658	11.773	63.009	2.564	15.133		chang4+5
地308-61	2260.875	93.106	54.389	18.977	15.732	229.259	0.652	11.750	61.252	2.573	16.067		chang4+5
地308-61	2261.000	86.144	52.296	17.425	16.566	230.311	0.695	11.922	59.090	2.560	16.846		chang4+5
地308-61	2261.125	83.697	50.177	17.194	17.209	232.326	0.750	12.131	57.275	2.538	17.413		chang4+5
地308-61	2261.250	80.109	48.099	15.644	17.756	234.389	0.805	12.326	55.658	2.516	17.948		chang4+5
地308-61	2261.375	76.944	46.137	15.093	18.370	236.481	0.866	12.533	53.903	2.497	18.606		chang4+5
地308-61	2261.500	77.293	44.343	15.907	19.109	238.657	0.933	12.747	52.053	2.483	19.391		chang4+5
地308-61	2261.625	79.859	42.731	17.150	19.924	240.594	0.990	12.920	50.393	2.474	20.223		chang4+5
地308-61	2261.750	77.467	41.317	15.312	20.734	241.724	1.015	12.994	49.191	2.471	21.020		chang4+5
地308-61	2261.875	71.153	40.095	13.052	21.464	241.949	1.013	12.987	48.423	2.470	21.713		chang4+5
地308-61	2262.000	67.158	39.064	12.253	21.933	241.619	0.997	12.941	48.188	2.465	22.056		chang4+5
地308-61	2262.125	66.405	38.226	12.275	21.922	241.202	0.984	12.903	48.537	2.456	21.847		chang4+5
地308-61	2262.250	65.238	37.572	11.672	21.482	240.968	0.979	12.889	49.228	2.449	21.278		chang4+5
地308-61	2262.375	62.624	37.044	10.751	21.070	240.735	0.970	12.862	49.697	2.450	20.953		chang4+5
地308-61	2262.500	60.316	36.583	10.142	21.138	240.230	0.950	12.800	49.557	2.456	21.242		chang4+5
地308-61	2262.625	60.321	36.166	10.390	21.593	239.461	0.924	12.718	49.197	2.460	21.790		chang4+5
地308-61	2262.750	62.857	35.806	11.323	21.713	238.691	0.901	12.648	49.564	2.459	21.670		chang4+5
地308-61	2262.875	64.361	35.540	11.430	21.203	238.169	0.889	12.608	50.554	2.453	20.940		chang4+5
地308-61	2263.000	64.376	35.402	11.351	20.694	237.962	0.886	12.599	51.057	2.447	20.555		chang4+5
地308-61	2263.125	64.381	35.399	11.402	20.883	238.002	0.890	12.610	50.394	2.446	21.067		chang4+5
地308-61	2263.250	64.294	35.524	11.345	21.672	238.104	0.893	12.619	49.272	2.455	22.011		chang4+5
地308-61	2263.375	63.897	35.755	11.199	22.235	238.159	0.894	12.623	48.875	2.466	22.360		chang4+5
地308-61	2263.500	63.947	36.091	11.327	21.932	238.342	0.902	12.649	49.537	2.474	21.692		chang4+5
地308-61	2263.625	63.533	36.545	11.127	21.259	238.857	0.922	12.712	50.114	2.477	21.017		chang4+5
地308-61	2263.750	62.795	37.112	10.969	21.055	239.444	0.939	12.765	49.868	2.474	21.076		chang4+5
地308-61	2263.875	62.787	37.729	11.071	21.446	239.584	0.936	12.757	49.226	2.469	21.653		chang4+5
地308-61	2264.000	65.237	38.331	12.112	21.804	239.108	0.915	12.689	49.179	2.466	21.889		chang4+5
地308-61	2264.125	70.320	38.897	13.897	21.609	238.152	0.881	12.582	50.035	2.471	21.451		chang4+5
地308-61	2264.250	75.164	39.441	15.181	21.162	236.784	0.837	12.435	51.075	2.482	20.999		chang4+5
地308-61	2264.375	76.962	39.987	15.180	21.065	235.232	0.792	12.283	51.485	2.491	21.101		chang4+5
地308-61	2264.500	76.281	40.555	14.635	21.468	233.929	0.761	12.171	51.194	2.494	21.673		chang4+5
地308-61	2264.625	76.635	41.168	15.015	22.015	233.147	0.746	12.115	50.772	2.491	22.206		chang4+5
地308-61	2264.750	80.611	41.867	16.909	22.248	232.776	0.739	12.090	50.785	2.485	22.272		chang4+5
地308-61	2264.875	85.390	42.682	18.489	22.081	232.478	0.731	12.059	51.241	2.481	21.973		chang4+5
地308-61	2265.000	89.367	43.626	19.867	21.808	231.992	0.716	12.003	51.748	2.481	21.715		chang4+5
地308-61	2265.125	93.319	44.703	21.382	21.597	231.161	0.692	11.909	52.316	2.485	21.531		chang4+5
地308-61	2265.250	96.431	45.924	22.327	21.209	230.140	0.666	11.807	53.322	2.493	21.028		chang4+5
地308-61	2265.375	94.180	47.279	20.331	20.330	229.871	0.670	11.823	54.697	2.503	19.938		chang4+5
地308-61	2265.500	86.929	48.753	17.396	18.949	231.853	0.746	12.114	55.791	2.516	18.393		chang4+5
地308-61	2265.625	85.184	50.335	32.080	17.297	237.336	0.010	0.100	99.900	2.530	16.683		chang4+5
地308-61	2265.750	96.932	52.002	47.132	15.634	247.052	0.010	0.100	99.900	2.538	15.045		chang4+5
地308-61	2265.875	115.965	53.686	69.161	14.196	260.186	0.010	0.100	99.900	2.529	13.720		chang4+5
地308-61	2266.000	131.589	55.310	86.735	12.995	274.520	0.010	0.100	99.900	2.489	12.589		chang4+5
地308-61	2266.125	139.350	56.814	93.810	11.780	286.028	0.010	0.100	99.900	2.422	11.326		chang4+5
地308-61	2266.250	137.137	58.142	84.770	10.632	288.870	0.010	0.100	99.900	2.356	10.243		chang4+5
地308-61	2266.375	133.974	59.277	82.646	10.094	281.987	0.010	0.100	99.900	2.334	10.010		chang4+5
地308-61	2266.500	129.570	60.213	74.515	10.713	268.585	0.010	0.100	99.900	2.376	11.107		chang4+5
地308-61	2266.625	117.407	60.945	56.023	12.281	252.396	0.010	0.100	99.900	2.466	12.939		chang4+5
地308-61	2266.750	102.053	61.479	41.050	13.869	237.167	0.010	0.100	99.900	2.559	14.391		chang4+5
地308-61	2266.875	92.407	61.874	35.425	14.735	226.666	0.010	0.100	99.900	2.617	14.928		chang4+5
地308-61	2267.000	88.593	62.202	33.550	15.087	223.796	0.010	0.100	99.900	2.633	15.177		chang4+5
地308-61	2267.125	87.209	62.510	32.848	15.430	228.530	0.010	0.100	99.900	2.614	15.572		chang4+5
地308-61	2267.250	89.353	62.842	35.982	15.363	237.812	0.010	0.100	99.900	2.566	15.246		chang4+5
地308-61	2267.375	98.909	63.224	47.512	14.416	248.259	0.010	0.100	99.900	2.507	13.950		chang4+5
地308-61	2267.500	113.753	63.662	64.722	13.172	258.201	0.010	0.100	99.900	2.460	12.735		chang4+5
地308-61	2267.625	123.781	64.020	72.936	12.356	264.405	0.010	0.100	99.900	2.449	12.144		chang4+5
地308-61	2267.750	129.317	64.327	79.400	11.873	267.695	0.010	0.100	99.900	2.475	11.721		chang4+5
地308-61	2267.875	137.017	64.774	92.729	11.190	268.663	0.010	0.100	99.900	2.506	10.892		chang4+5
地308-61	2268.000	147.041	65.287	99.900	10.150	266.618	0.010	0.100	99.900	2.524	9.733		chang4+5
地308-61	2268.125	153.170	65.780	99.900	9.160	263.136	0.010	0.100	99.900	2.538	8.839		chang4+5
地308-61	2268.250	149.811	66.240	99.900	8.576	259.791	0.010	0.100	99.900	2.559	8.428		chang4+5
地308-61	2268.375	142.174	66.658	91.244	8.311	257.234	0.010	0.100	99.900	2.581	8.245		chang4+5
地308-61	2268.500	137.353	67.020	86.614	8.019	256.148	0.010	0.100	99.900	2.588	7.892		chang4+5
地308-61	2268.625	134.177	67.322	82.083	7.544	256.502	0.010	0.100	99.900	2.580	7.350		chang4+5
地308-61	2268.750	133.165	67.568	82.379	7.221	256.736	0.010	0.100	99.900	2.571	7.149		chang4+5
地308-61	2268.875	133.897	67.778	83.814	7.532	255.420	0.010	0.100	99.900	2.579	7.747		chang4+5
地308-61	2269.000	135.150	67.965	85.785	8.837	252.551	0.010	0.100	99.900	2.603	9.448		chang4+5
地308-61	2269.125	134.311	68.131	82.826	11.043	249.000	0.010	0.100	99.900	2.627	11.937		chang4+5
地308-61	2269.250	131.523	68.262	78.456	13.295	245.821	0.010	0.100	99.900	2.634	14.057		chang4+5
地308-61	2269.375	130.146	68.342	77.965	14.687	243.516	0.010	0.100	99.900	2.630	15.040		chang4+5
地308-61	2269.500	130.381	68.360	78.733	15.327	241.623	0.010	0.100	99.900	2.628	15.488		chang4+5
地308-61	2269.625	129.416	68.307	76.293	15.920	239.146	0.010	0.100	99.900	2.637	16.162		chang4+5
地308-61	2269.750	125.328	68.158	69.438	16.649	235.601	0.010	0.100	99.900	2.651	16.923		chang4+5
地308-61	2269.875	118.598	67.900	60.554	17.177	231.683	0.010	0.100	99.900	2.661	17.319		chang4+5
地308-61	2270.000	111.757	67.524	53.507	17.405	227.926	0.010	0.100	99.900	2.665	17.453		chang4+5
地308-61	2270.125	106.810	67.026	49.329	17.816	223.886	0.010	0.100	99.900	2.661	18.019		chang4+5
地308-61	2270.250	101.051	66.407	42.919	19.042	218.767	0.010	0.100	99.900	2.650	19.615		chang4+5
地308-61	2270.375	91.697	65.704	33.574	20.745	213.159	0.010	0.100	99.900	2.637	21.378		chang4+5
地308-61	2270.500	80.256	64.974	24.720	21.406	209.124	0.010	0.100	99.900	2.627	21.422		chang4+5
地308-61	2270.625	72.352	64.269	20.845	20.017	209.196	0.010	0.100	99.900	2.616	19.229		chang4+5
地308-61	2270.750	71.958	63.643	22.569	17.511	214.868	0.010	0.100	99.900	2.594	16.547		chang4+5
地308-61	2270.875	80.321	63.123	30.957	15.522	223.935	0.010	0.100	99.900	2.565	14.947		chang4+5
地308-61	2271.000	95.602	62.724	45.910	14.740	233.625	0.010	0.100	99.900	2.543	14.624		chang4+5
地308-61	2271.125	113.566	62.454	65.482	14.417	243.240	0.010	0.100	99.900	2.539	14.300		chang4+5
地308-61	2271.250	123.950	62.334	72.814	13.465	252.407	0.010	0.100	99.900	2.538	12.996		chang4+5
地308-61	2271.375	127.269	62.351	75.208	11.850	259.248	0.010	0.100	99.900	2.519	11.207		chang4+5
地308-61	2271.500	129.974	62.471	79.455	10.409	261.923	0.010	0.100	99.900	2.489	9.961		chang4+5
地308-61	2271.625	133.654	62.644	84.967	9.742	260.077	0.010	0.100	99.900	2.479	9.619		chang4+5
地308-61	2271.750	129.708	62.806	73.600	10.011	253.299	0.010	0.100	99.900	2.515	10.231		chang4+5
地308-61	2271.875	115.815	62.918	53.801	11.030	242.312	0.010	0.100	99.900	2.571	11.479		chang4+5
地308-61	2272.000	98.595	62.978	37.355	12.476	230.068	0.010	0.100	99.900	2.618	13.035		chang4+5
地308-61	2272.125	86.297	62.999	29.734	13.948	220.423	0.010	0.100	99.900	2.643	14.461		chang4+5
地308-61	2272.250	77.787	62.994	23.954	15.166	215.588	0.010	0.100	99.900	2.649	15.561		chang4+5
地308-61	2272.375	72.907	62.973	21.823	16.065	214.444	0.010	0.100	99.900	2.644	16.348		chang4+5
地308-61	2272.500	72.435	62.953	22.510	16.354	216.214	0.010	0.100	99.900	2.635	16.357		chang4+5
地308-61	2272.625	74.490	62.966	24.310	15.738	221.882	0.010	0.100	99.900	2.628	15.390		chang4+5
地308-61	2272.750	79.720	63.063	29.149	14.403	233.334	0.010	0.100	99.900	2.616	13.849		chang4+5
地308-61	2272.875	89.901	63.259	38.998	12.691	250.047	0.010	0.100	99.900	2.578	12.042		chang4+5
地308-61	2273.000	104.747	63.526	54.768	10.732	269.040	0.010	0.100	99.900	2.501	9.997		chang4+5
地308-61	2273.125	120.722	63.830	73.200	8.907	286.127	0.010	0.100	99.900	2.403	8.296		chang4+5
地308-61	2273.250	136.555	64.133	95.669	7.900	297.138	0.010	0.100	99.900	2.340	7.678		chang4+5
地308-61	2273.375	147.991	64.404	99.900	7.942	301.521	0.010	0.100	99.900	2.340	8.090		chang4+5
地308-61	2273.500	154.245	64.616	99.900	8.915	300.429	0.010	0.100	99.900	2.380	9.378		chang4+5
地308-61	2273.625	161.341	64.739	99.900	10.482	294.731	0.010	0.100	99.900	2.424	11.101		chang4+5
地308-61	2273.750	166.797	64.742	99.900	12.181	284.710	0.010	0.100	99.900	2.459	12.787		chang4+5
地308-61	2273.875	163.210	64.619	99.900	13.586	271.224	0.010	0.100	99.900	2.497	14.034		chang4+5
地308-61	2274.000	148.263	64.380	94.393	14.337	255.751	0.010	0.100	99.900	2.541	14.508	油层	chang4+5
地308-61	2274.125	127.126	64.046	64.241	14.480	240.753	0.010	0.100	99.900	2.579	14.465	油层	chang4+5
地308-61	2274.250	105.663	63.653	42.444	14.367	230.430	0.010	0.100	99.900	2.596	14.313	油层	chang4+5
地308-61	2274.375	88.776	63.256	30.219	14.417	227.120	0.010	0.100	99.900	2.600	14.475	油层	chang4+5
地308-61	2274.500	81.584	62.906	27.932	14.918	230.222	0.010	0.100	99.900	2.601	15.166	油层	chang4+5
地308-61	2274.625	88.422	62.632	37.793	15.822	237.027	0.010	0.100	99.900	2.601	16.189	油层	chang4+5
地308-61	2274.750	104.973	62.452	55.982	16.906	243.949	0.010	0.100	99.900	2.596	17.308	油层	chang4+5
地308-61	2274.875	121.205	62.361	73.350	18.060	249.367	0.010	0.100	99.900	2.588	18.483	油层	chang4+5
地308-61	2275.000	129.581	62.349	79.713	18.641	254.347	0.010	0.100	99.900	2.575	18.729	油层	chang4+5
地308-61	2275.125	129.195	62.406	75.307	17.033	261.162	0.010	0.100	99.900	2.549	16.081	油层	chang4+5
地308-61	2275.250	127.775	62.510	74.827	13.006	271.975	0.010	0.100	99.900	2.491	11.281	油层	chang4+5
地308-61	2275.375	129.433	62.616	78.533	8.907	285.878	0.010	0.100	99.900	2.409	7.576	油层	chang4+5
地308-61	2275.500	132.990	62.679	84.038	6.590	299.030	0.010	0.100	99.900	2.334	6.037	油层	chang4+5
地308-61	2275.625	139.006	62.665	94.610	5.949	306.464	0.010	0.100	99.900	2.298	5.899	油层	chang4+5
地308-61	2275.750	141.745	62.549	95.016	6.628	303.646	0.010	0.100	99.900	2.316	7.037	油层	chang4+5
地308-61	2275.875	142.675	62.339	97.050	8.530	291.944	0.010	0.100	99.900	2.366	9.368	油层	chang4+5
地308-61	2276.000	143.500	62.049	97.927	11.258	275.947	0.010	0.100	99.900	2.432	12.318	油层	chang4+5
地308-61	2276.125	140.831	61.687	91.029	13.497	259.581	0.010	0.100	99.900	2.503	14.158	油层	chang4+5
地308-61	2276.250	131.432	61.244	74.073	13.927	245.785	0.010	0.100	99.900	2.560	13.797	油层	chang4+5
地308-61	2276.375	118.254	60.733	57.668	13.251	235.981	0.010	0.100	99.900	2.591	12.944	油层	chang4+5
地308-61	2276.500	104.664	60.190	43.999	12.793	230.488	0.010	0.100	99.900	2.600	12.709	油层	chang4+5
地308-61	2276.625	96.578	59.662	39.434	13.080	228.565	0.010	0.100	99.900	2.605	13.288	干层	chang4+5
地308-61	2276.750	99.941	59.201	46.879	14.019	228.999	0.010	0.100	99.900	2.613	14.428	干层	chang4+5
地308-61	2276.875	110.245	58.819	58.865	15.198	230.485	0.010	0.100	99.900	2.615	15.630	干层	chang4+5
地308-61	2277.000	115.896	58.509	61.503	16.201	231.778	0.010	0.100	99.900	2.605	16.520	干层	chang4+5
地308-61	2277.125	113.462	58.266	55.835	16.980	231.895	0.010	0.100	99.900	2.585	17.237	干层	chang4+5
地308-61	2277.250	105.937	58.104	46.783	17.759	230.833	0.010	0.100	99.900	2.568	18.051	干层	chang4+5
地308-61	2277.375	99.626	58.019	42.215	18.683	229.738	0.010	0.100	99.900	2.556	19.038		chang4+5
地308-61	2277.500	93.098	57.991	35.720	19.672	229.387	0.010	0.100	99.900	2.545	20.027		chang4+5
地308-61	2277.625	85.705	57.999	29.860	20.612	229.619	0.010	0.100	99.900	2.533	20.940		chang4+5
地308-61	2277.750	78.710	58.046	24.892	21.556	230.142	0.010	0.100	99.900	2.520	21.902		chang4+5
地308-61	2277.875	74.975	58.159	23.491	22.063	231.586	0.010	0.100	99.900	2.513	22.154		chang4+5
地308-61	2278.000	76.304	58.377	25.732	20.901	235.488	0.010	0.100	99.900	2.515	20.198		chang4+5
地308-61	2278.125	83.157	58.725	32.418	18.080	242.729	0.010	0.100	99.900	2.523	16.892		chang4+5
地308-61	2278.250	96.883	59.217	46.826	15.398	251.665	0.010	0.100	99.900	2.531	14.561		chang4+5
地308-61	2278.375	114.740	59.825	67.039	14.222	258.791	0.010	0.100	99.900	2.537	14.032		chang4+5
地308-61	2278.500	126.315	60.516	76.674	14.625	261.864	0.010	0.100	99.900	2.545	14.958		chang4+5
地308-61	2278.625	130.303	61.267	79.304	15.485	260.862	0.010	0.100	99.900	2.559	15.782		chang4+5
地308-61	2278.750	126.352	62.050	69.857	15.581	257.179	0.010	0.100	99.900	2.577	15.468		chang4+5
地308-61	2278.875	125.966	62.823	74.271	14.868	253.041	0.010	0.100	99.900	2.590	14.531		chang4+5
地308-61	2279.000	131.413	63.538	83.115	14.155	249.810	0.010	0.100	99.900	2.599	13.944		chang4+5
地308-61	2279.125	134.614	64.160	84.984	14.059	246.987	0.010	0.100	99.900	2.607	14.124		chang4+5
地308-61	2279.250	125.937	64.666	66.267	14.712	242.578	0.010	0.100	99.900	2.616	15.042		chang4+5
地308-61	2279.375	113.551	65.078	53.561	15.734	236.103	0.010	0.100	99.900	2.621	16.122		chang4+5
地308-61	2279.500	105.951	65.427	47.975	16.598	229.626	0.010	0.100	99.900	2.620	16.865		chang4+5
地308-61	2279.625	102.007	65.732	45.026	16.871	226.320	0.010	0.100	99.900	2.615	16.875		chang4+5
地308-61	2279.750	98.469	66.011	41.515	16.084	229.191	0.010	0.100	99.900	2.610	15.640		chang4+5
地308-61	2279.875	98.751	66.285	43.873	14.215	238.380	0.010	0.100	99.900	2.599	13.416		chang4+5
地308-61	2280.000	105.869	66.577	53.415	12.087	252.354	0.010	0.100	99.900	2.572	11.342		chang4+5
地308-61	2280.125	118.398	66.896	69.532	10.512	268.314	0.010	0.100	99.900	2.533	10.046		chang4+5
地308-61	2280.250	132.211	67.246	87.902	9.710	281.001	0.010	0.100	99.900	2.504	9.521		chang4+5
地308-61	2280.375	141.001	67.614	97.112	9.538	286.449	0.010	0.100	99.900	2.506	9.547		chang4+5
地308-61	2280.500	143.675	67.981	98.325	9.848	284.097	0.010	0.100	99.900	2.537	10.018		chang4+5
地308-61	2280.625	141.024	68.328	91.270	10.496	276.082	0.010	0.100	99.900	2.579	10.764		chang4+5
地308-61	2280.750	136.406	68.636	84.484	11.312	266.300	0.010	0.100	99.900	2.606	11.620		chang4+5
地308-61	2280.875	131.520	68.894	77.563	12.170	258.680	0.010	0.100	99.900	2.618	12.479		chang4+5
地308-61	2281.000	128.064	69.099	74.170	12.918	255.072	0.010	0.100	99.900	2.620	13.163		chang4+5
地308-61	2281.125	126.680	69.254	73.249	13.300	254.846	0.010	0.100	99.900	2.620	13.377		chang4+5
地308-61	2281.250	123.907	69.353	68.320	13.260	255.422	0.010	0.100	99.900	2.617	13.194		chang4+5
地308-61	2281.375	121.131	69.398	65.743	13.278	253.882	0.010	0.100	99.900	2.614	13.325		chang4+5
地308-61	2281.500	118.703	69.392	62.691	14.263	248.708	0.010	0.100	99.900	2.615	14.789		chang4+5
地308-61	2281.625	113.951	69.338	56.032	16.733	240.296	0.010	0.100	99.900	2.623	17.824		chang4+5
地308-61	2281.750	106.076	69.243	46.894	20.131	230.605	0.010	0.100	99.900	2.634	21.425		chang4+5
地308-61	2281.875	98.962	69.122	41.220	22.429	222.501	0.010	0.100	99.900	2.644	22.992		chang4+5
地308-61	2282.000	97.844	68.990	42.735	21.828	219.079	0.010	0.100	99.900	2.648	21.175		chang4+5
地308-61	2282.125	102.091	68.855	48.138	18.575	222.807	0.010	0.100	99.900	2.633	17.117		chang4+5
地308-61	2282.250	108.729	68.724	55.492	14.164	234.072	0.010	0.100	99.900	2.585	12.508		chang4+5
地308-61	2282.375	113.743	68.603	59.662	10.273	248.692	0.010	0.100	99.900	2.515	9.020		chang4+5
地308-61	2282.500	117.387	68.504	63.731	7.772	261.542	0.010	0.100	99.900	2.457	7.071		chang4+5
地308-61	2282.625	119.085	68.432	64.504	6.561	269.090	0.010	0.100	99.900	2.442	6.274		chang4+5
地308-61	2282.750	120.962	68.393	67.571	6.352	268.862	0.010	0.100	99.900	2.487	6.395		chang4+5
地308-61	2282.875	122.566	68.378	68.878	6.920	262.607	0.010	0.100	99.900	2.557	7.214		chang4+5
地308-61	2283.000	120.986	68.381	65.171	8.000	255.401	0.010	0.100	99.900	2.614	8.441		chang4+5
地308-61	2283.125	116.584	68.396	59.239	8.982	252.615	0.010	0.100	99.900	2.633	9.286		chang4+5
地308-61	2283.250	112.394	68.416	55.254	9.259	257.004	0.010	0.100	99.900	2.605	9.243		chang4+5
地308-61	2283.375	112.058	68.430	56.894	8.864	265.292	0.010	0.100	99.900	2.560	8.651		chang4+5
地308-61	2283.500	114.025	68.430	59.339	8.288	272.383	0.010	0.100	99.900	2.526	8.084		chang4+5
地308-61	2283.625	116.974	68.411	63.169	7.956	274.955	0.010	0.100	99.900	2.527	7.883		chang4+5
地308-61	2283.750	117.501	68.366	61.941	8.033	271.726	0.010	0.100	99.900	2.561	8.117		chang4+5
地308-61	2283.875	116.516	68.290	60.865	8.385	264.830	0.010	0.100	99.900	2.604	8.535	干层	chang4+5
地308-61	2284.000	114.998	68.177	58.798	8.817	257.442	0.010	0.100	99.900	2.637	8.975	干层	chang4+5
地308-61	2284.125	114.809	68.029	59.621	9.265	251.617	0.010	0.100	99.900	2.655	9.427	干层	chang4+5
地308-61	2284.250	116.705	67.847	62.518	9.802	247.934	0.010	0.100	99.900	2.662	10.012	干层	chang4+5
地308-61	2284.375	116.622	67.640	60.735	10.489	245.509	0.010	0.100	99.900	2.666	10.756	干层	chang4+5
地308-61	2284.500	113.990	67.405	57.136	11.109	243.587	0.010	0.100	99.900	2.669	11.306	干层	chang4+5
地308-61	2284.625	111.389	67.129	54.722	11.316	242.297	0.010	0.100	99.900	2.670	11.322	干层	chang4+5
地308-61	2284.750	110.510	66.791	54.602	11.092	242.464	0.010	0.100	99.900	2.666	10.963	干层	chang4+5
地308-61	2284.875	112.232	66.379	57.566	10.723	244.442	0.010	0.100	99.900	2.656	10.588	干层	chang4+5
地308-61	2285.000	116.056	65.886	62.549	10.446	248.052	0.010	0.100	99.900	2.639	10.367	干层	chang4+5
地308-61	2285.125	119.101	65.300	65.208	10.412	252.730	0.010	0.100	99.900	2.617	10.437	干层	chang4+5
地308-61	2285.250	124.710	64.584	74.509	10.809	256.819	0.010	0.100	99.900	2.595	11.018	干层	chang4+5
地308-61	2285.375	130.207	63.704	80.362	11.706	258.329	0.010	0.100	99.900	2.580	12.091		chang4+5
地308-61	2285.500	133.230	62.635	83.502	13.082	256.520	0.010	0.100	99.900	2.571	13.638		chang4+5
地308-61	2285.625	131.311	61.356	77.648	14.853	252.329	0.010	0.100	99.900	2.561	15.535		chang4+5
地308-61	2285.750	118.662	59.855	56.699	16.825	247.661	0.010	0.100	99.900	2.539	17.549		chang4+5
地308-61	2285.875	102.423	58.177	41.254	18.746	244.183	0.010	0.100	99.900	2.507	19.417		chang4+5
地308-61	2286.000	91.590	56.394	20.155	20.504	242.489	1.019	13.005	49.045	2.476	21.114		chang4+5
地308-61	2286.125	86.415	54.569	18.781	22.362	241.993	1.013	12.987	46.984	2.458	23.063		chang4+5
地308-61	2286.250	83.588	52.779	17.791	24.830	241.448	0.988	12.915	44.612	2.457	25.822		chang4+5
地308-61	2286.375	81.112	51.082	16.739	27.101	240.229	0.941	12.770	43.391	2.463	27.818		chang4+5
地308-61	2286.500	79.042	49.526	15.890	30.197	238.342	0.876	12.566	41.316	2.469	31.531		chang4+5
地308-61	2286.625	78.083	48.157	15.432	33.498	235.559	0.786	12.259	40.271	2.475	34.602		chang4+5
地308-61	2286.750	79.147	47.042	15.636	36.289	231.260	0.659	11.780	40.148	2.485	37.235		chang4+5
地308-61	2286.875	79.580	46.188	14.963	39.839	225.783	0.532	11.220	39.723	2.504	41.299		chang4+5
地308-61	2287.000	75.582	45.562	12.556	45.488	220.474	0.437	10.730	38.325	2.524	47.837		chang4+5
地308-61	2287.125	69.107	45.122	10.315	50.949	217.005	0.394	10.479	37.252	2.535	52.696		chang4+5
地308-61	2287.250	64.783	44.843	9.567	49.672	216.924	0.416	10.608	38.642	2.526	47.977		chang4+5
地308-61	2287.375	61.619	44.696	8.935	42.598	219.784	0.482	10.969	41.358	2.510	39.581		chang4+5
地308-61	2287.500	59.902	44.656	9.026	35.691	223.908	0.569	11.391	43.540	2.499	33.509		chang4+5
地308-61	2287.625	60.740	44.701	9.804	31.460	227.821	0.651	11.747	44.607	2.501	30.311		chang4+5
地308-61	2287.750	65.279	44.819	11.789	29.592	230.671	0.710	11.979	44.712	2.508	29.188		chang4+5
地308-61	2287.875	71.594	44.991	13.945	29.443	232.384	0.744	12.108	44.010	2.510	29.586		chang4+5
地308-61	2288.000	75.839	45.207	14.978	30.686	233.061	0.752	12.138	42.696	2.505	31.303		chang4+5
地308-61	2288.125	76.458	45.476	14.672	32.599	232.741	0.734	12.073	41.569	2.498	33.325		chang4+5
地308-61	2288.250	75.295	45.834	14.055	34.358	231.442	0.693	11.912	41.059	2.500	34.938		chang4+5
地308-61	2288.375	75.267	46.311	14.117	35.476	229.524	0.643	11.712	41.160	2.514	35.778		chang4+5
地308-61	2288.500	77.453	46.930	14.935	34.938	227.487	0.597	11.516	42.537	2.535	34.467		chang4+5
地308-61	2288.625	85.129	47.700	18.414	31.822	225.451	0.553	11.318	46.008	2.561	30.338		chang4+5
地308-61	2288.750	96.027	48.609	22.582	27.684	222.978	0.498	11.054	50.507	2.592	26.194		chang4+5
地308-61	2288.875	102.747	49.607	23.993	25.213	219.907	0.438	10.737	53.347	2.620	24.663		chang4+5
地308-61	2289.000	100.276	50.656	21.035	24.960	216.691	0.386	10.428	54.171	2.636	25.126		chang4+5
地308-61	2289.125	89.104	51.740	15.580	24.678	214.016	0.349	10.196	55.994	2.637	24.427		chang4+5
地308-61	2289.250	78.663	52.854	12.729	22.468	212.766	0.340	10.137	60.160	2.628	21.370		chang4+5
地308-61	2289.375	76.176	53.987	13.115	19.527	213.371	0.359	10.262	64.005	2.623	18.493		chang4+5
地308-61	2289.500	81.934	55.123	16.220	17.746	215.617	0.403	10.532	64.692	2.625	17.326		chang4+5
地308-61	2289.625	89.600	56.250	19.236	17.108	218.983	0.467	10.890	63.519	2.634	16.986		chang4+5
地308-61	2289.750	94.256	57.366	40.009	16.764	223.410	0.010	0.100	99.900	2.638	16.639		chang4+5
地308-61	2289.875	99.802	58.484	46.318	16.239	229.069	0.010	0.100	99.900	2.634	16.015		chang4+5
地308-61	2290.000	108.948	59.607	56.996	15.504	235.547	0.010	0.100	99.900	2.624	15.217		chang4+5
地308-61	2290.125	118.410	60.718	67.246	14.638	241.565	0.010	0.100	99.900	2.615	14.313		chang4+5
地308-61	2290.250	125.232	61.776	74.330	13.764	245.176	0.010	0.100	99.900	2.614	13.455		chang4+5
地308-61	2290.375	126.159	62.743	72.121	13.170	245.845	0.010	0.100	99.900	2.615	13.010		chang4+5
地308-61	2290.500	122.274	63.599	65.834	13.249	244.597	0.010	0.100	99.900	2.615	13.383		chang4+5
地308-61	2290.625	116.927	64.335	59.488	14.267	242.807	0.010	0.100	99.900	2.613	14.764		chang4+5
地308-61	2290.750	114.206	64.940	58.188	16.227	241.338	0.010	0.100	99.900	2.610	17.048		chang4+5
地308-61	2290.875	113.475	65.427	57.655	18.518	240.430	0.010	0.100	99.900	2.609	19.342		chang4+5
地308-61	2291.000	111.638	65.813	54.851	20.061	240.012	0.010	0.100	99.900	2.605	20.465		chang4+5
地308-61	2291.125	108.299	66.112	50.948	20.647	239.487	0.010	0.100	99.900	2.600	20.749		chang4+5
地308-61	2291.250	108.246	66.328	53.030	20.753	237.670	0.010	0.100	99.900	2.593	20.756		chang4+5
地308-61	2291.375	108.527	66.477	52.307	20.674	234.286	0.010	0.100	99.900	2.588	20.628		chang4+5
地308-61	2291.500	105.572	66.586	48.058	20.495	230.027	0.010	0.100	99.900	2.590	20.421		chang4+5
地308-61	2291.625	99.259	66.676	41.034	20.368	225.777	0.010	0.100	99.900	2.600	20.338		chang4+5
地308-61	2291.750	94.320	66.766	37.953	20.288	222.804	0.010	0.100	99.900	2.612	20.260		chang4+5
地308-61	2291.875	93.327	66.866	38.315	19.946	222.700	0.010	0.100	99.900	2.615	19.770		chang4+5
地308-61	2292.000	96.618	66.979	42.675	19.039	227.165	0.010	0.100	99.900	2.600	18.629		chang4+5
地308-61	2292.125	102.445	67.115	48.719	17.461	236.761	0.010	0.100	99.900	2.568	16.806		chang4+5
地308-61	2292.250	111.664	67.287	60.162	15.249	249.387	0.010	0.100	99.900	2.528	14.376		chang4+5
地308-61	2292.375	125.905	67.488	80.263	12.762	260.814	0.010	0.100	99.900	2.499	11.857		chang4+5
地308-61	2292.500	141.686	67.704	99.900	10.621	267.681	0.010	0.100	99.900	2.503	9.927		chang4+5
地308-61	2292.625	151.426	67.921	99.900	9.211	268.175	0.010	0.100	99.900	2.546	8.809		chang4+5
地308-61	2292.750	149.786	68.122	99.900	8.692	261.336	0.010	0.100	99.900	2.605	8.626		chang4+5
地308-61	2292.875	143.213	68.292	93.377	9.111	249.660	0.010	0.100	99.900	2.647	9.383		chang4+5
地308-61	2293.000	135.902	68.414	82.278	10.586	237.041	0.010	0.100	99.900	2.663	11.261		chang4+5
地308-61	2293.125	127.269	68.474	70.130	13.204	226.270	0.010	0.100	99.900	2.663	14.294		chang4+5
地308-61	2293.250	114.901	68.461	53.914	16.942	219.798	0.010	0.100	99.900	2.656	18.428		chang4+5
地308-61	2293.375	102.507	68.395	42.699	20.692	219.395	0.010	0.100	99.900	2.642	21.961		chang4+5
地308-61	2293.500	96.843	68.301	40.497	21.673	225.715	0.010	0.100	99.900	2.617	21.512		chang4+5
地308-61	2293.625	102.578	68.190	50.278	18.657	237.521	0.010	0.100	99.900	2.578	17.055		chang4+5
地308-61	2293.750	118.749	68.051	72.375	14.080	252.043	0.010	0.100	99.900	2.538	12.411		chang4+5
地308-61	2293.875	137.522	67.865	98.610	10.569	265.707	0.010	0.100	99.900	2.510	9.536		chang4+5
地308-61	2294.000	147.787	67.625	99.900	8.835	274.733	0.010	0.100	99.900	2.503	8.442		chang4+5
地308-61	2294.125	150.035	67.342	99.900	8.478	275.981	0.010	0.100	99.900	2.518	8.498		chang4+5
地308-61	2294.250	146.449	67.052	99.000	9.186	268.454	0.010	0.100	99.900	2.552	9.572		chang4+5
地308-61	2294.375	136.751	66.794	81.313	10.763	255.971	0.010	0.100	99.900	2.593	11.431		chang4+5
地308-61	2294.500	123.174	66.582	62.908	12.807	243.587	0.010	0.100	99.900	2.628	13.579		chang4+5
地308-61	2294.625	110.202	66.392	49.841	14.462	235.393	0.010	0.100	99.900	2.644	14.958		chang4+5
地308-61	2294.750	102.342	66.191	44.524	14.607	234.840	0.010	0.100	99.900	2.637	14.410		chang4+5
地308-61	2294.875	100.454	65.982	44.644	13.502	240.357	0.010	0.100	99.900	2.616	12.993		chang4+5
地308-61	2295.000	102.035	65.805	46.928	12.506	246.873	0.010	0.100	99.900	2.594	12.233		chang4+5
地308-61	2295.125	105.337	65.688	50.702	12.700	250.027	0.010	0.100	99.900	2.580	12.961		chang4+5
地308-61	2295.250	107.223	65.608	51.522	14.456	248.673	0.010	0.100	99.900	2.579	15.294		chang4+5
地308-61	2295.375	107.024	65.493	50.746	17.018	245.496	0.010	0.100	99.900	2.582	17.984		chang4+5
地308-61	2295.500	107.145	65.297	51.373	18.482	243.232	0.010	0.100	99.900	2.576	18.761		chang4+5
地308-61	2295.625	108.261	65.021	52.810	18.409	242.642	0.010	0.100	99.900	2.559	18.211		chang4+5
地308-61	2295.750	107.219	64.688	50.346	18.116	242.483	0.010	0.100	99.900	2.542	18.063		chang4+5
地308-61	2295.875	100.138	64.314	41.108	18.847	240.713	0.010	0.100	99.900	2.538	19.287	差油层	chang4+5
地308-61	2296.000	87.740	63.888	17.179	21.050	236.634	0.798	12.303	50.308	2.547	22.039	差油层	chang4+5
地308-61	2296.125	75.434	63.399	12.838	24.283	231.548	0.664	11.799	48.409	2.558	25.542	差油层	chang4+5
地308-61	2296.250	68.434	62.858	11.161	27.265	227.506	0.586	11.470	47.160	2.559	28.231	差油层	chang4+5
地308-61	2296.375	64.887	62.308	10.113	28.732	224.910	0.541	11.261	47.246	2.552	29.012	差油层	chang4+5
地308-61	2296.500	63.245	61.796	9.720	28.397	222.977	0.505	11.086	48.690	2.543	28.051	差油层	chang4+5
地308-61	2296.625	63.278	61.363	9.742	27.296	221.211	0.472	10.917	50.395	2.539	26.872	差油层	chang4+5
地308-61	2296.750	66.329	61.064	10.924	26.909	219.683	0.446	10.780	50.879	2.548	26.930	差油层	chang4+5
地308-61	2296.875	71.376	60.916	12.473	27.861	218.479	0.427	10.675	49.973	2.567	28.383	差油层	chang4+5
地308-61	2297.000	75.928	60.917	13.717	28.883	217.636	0.415	10.606	49.569	2.588	29.163	差油层	chang4+5
地308-61	2297.125	78.671	61.062	14.363	27.898	217.318	0.414	10.596	51.377	2.603	27.189	差油层	chang4+5
地308-61	2297.250	79.575	61.363	14.532	25.142	217.781	0.427	10.672	54.363	2.608	23.994	差油层	chang4+5
地308-61	2297.375	81.486	61.806	15.613	22.735	218.916	0.450	10.802	56.162	2.609	22.028	差油层	chang4+5
地308-61	2297.500	85.499	62.366	17.501	21.828	220.875	0.493	11.025	55.594	2.612	21.716	差油层	chang4+5
地308-61	2297.625	92.686	63.024	40.326	21.859	225.122	0.010	0.100	99.900	2.614	21.939	差油层	chang4+5
地308-61	2297.750	106.239	63.760	56.357	20.772	234.454	0.010	0.100	99.900	2.599	20.117	差油层	chang4+5
地308-61	2297.875	123.952	64.540	78.747	17.059	248.110	0.010	0.100	99.900	2.562	15.344	干层	chang4+5
地308-61	2298.000	143.439	65.318	99.900	12.294	261.494	0.010	0.100	99.900	2.518	10.583	干层	chang4+5
地308-61	2298.125	161.039	66.049	99.900	8.950	269.690	0.010	0.100	99.900	2.498	8.033	干层	chang4+5
地308-61	2298.250	163.170	66.686	99.900	7.791	269.703	0.010	0.100	99.900	2.521	7.654	干层	chang4+5
地308-61	2298.375	147.618	67.227	92.288	8.475	263.887	0.010	0.100	99.900	2.557	8.935	干层	chang4+5
地308-61	2298.500	125.937	67.684	62.975	10.393	257.210	0.010	0.100	99.900	2.574	11.211	干层	chang4+5
地308-61	2298.625	111.828	68.054	52.391	11.898	253.889	0.010	0.100	99.900	2.566	12.283	干层	chang4+5
地308-61	2298.750	109.823	68.332	54.787	11.913	255.566	0.010	0.100	99.900	2.556	11.705	干层	chang4+5
地308-61	2298.875	113.027	68.539	58.829	11.344	259.681	0.010	0.100	99.900	2.562	11.142	干层	chang4+5
地308-61	2299.000	115.970	68.717	61.655	11.253	262.862	0.010	0.100	99.900	2.581	11.316	干层	chang4+5
地308-61	2299.125	118.829	68.905	65.221	11.729	263.668	0.010	0.100	99.900	2.602	11.961	干层	chang4+5
地308-61	2299.250	120.882	69.134	67.008	12.517	262.621	0.010	0.100	99.900	2.612	12.829	干层	chang4+5
地308-61	2299.375	120.601	69.395	65.478	13.527	260.687	0.010	0.100	99.900	2.612	13.920	干层	chang4+5
地308-61	2299.500	118.188	69.652	61.909	14.686	257.347	0.010	0.100	99.900	2.605	15.116	干层	chang4+5
地308-61	2299.625	116.621	69.880	61.069	15.787	251.485	0.010	0.100	99.900	2.597	16.163	干层	chang4+5
地308-61	2299.750	111.901	70.058	53.476	16.749	243.341	0.010	0.100	99.900	2.595	17.078	干层	chang4+5
地308-61	2299.875	104.421	70.175	45.711	17.661	235.022	0.010	0.100	99.900	2.603	17.989	干层	chang4+5
地308-61	2300.000	98.074	70.230	40.598	18.370	228.776	0.010	0.100	99.900	2.618	18.583		chang4+5
地308-61	2300.125	94.335	70.225	38.210	18.415	225.855	0.010	0.100	99.900	2.632	18.321		chang4+5
地308-61	2300.250	94.686	70.157	40.023	17.592	226.112	0.010	0.100	99.900	2.640	17.184		chang4+5
地308-61	2300.375	97.795	70.041	43.358	16.389	227.742	0.010	0.100	99.900	2.644	15.942		chang4+5
地308-61	2300.500	101.866	69.909	47.424	15.474	229.318	0.010	0.100	99.900	2.644	15.211		chang4+5
地308-61	2300.625	104.381	69.786	48.919	15.076	230.369	0.010	0.100	99.900	2.642	15.000		chang4+5
地308-61	2300.750	103.740	69.703	47.101	15.025	230.322	0.010	0.100	99.900	2.637	15.039		chang4+5
地308-61	2300.875	102.073	69.674	45.601	15.131	228.557	0.010	0.100	99.900	2.634	15.183		chang4+5
地308-61	2301.000	100.178	69.700	43.644	15.538	224.955	0.010	0.100	99.900	2.637	15.737		chang4+5
地308-61	2301.125	97.607	69.772	41.049	16.583	220.143	0.010	0.100	99.900	2.648	17.058		chang4+5
地308-61	2301.250	91.924	69.888	34.804	18.525	215.508	0.010	0.100	99.900	2.659	19.347		chang4+5
地308-61	2301.375	85.774	70.036	30.418	21.103	212.513	0.010	0.100	99.900	2.663	22.088		chang4+5
地308-61	2301.500	84.942	70.208	31.814	22.862	212.008	0.010	0.100	99.900	2.663	23.297		chang4+5
地308-61	2301.625	89.401	70.397	36.660	22.597	213.835	0.010	0.100	99.900	2.663	22.205		chang4+5
地308-61	2301.750	93.895	70.602	39.831	21.141	216.805	0.010	0.100	99.900	2.664	20.544		chang4+5
地308-61	2301.875	96.373	70.819	41.443	20.056	219.231	0.010	0.100	99.900	2.663	19.783		chang4+5
地308-61	2302.000	99.238	71.040	44.625	19.756	219.889	0.010	0.100	99.900	2.658	19.741		chang4+5
地308-61	2302.125	102.984	71.255	48.386	19.811	218.537	0.010	0.100	99.900	2.654	19.850		chang4+5
地308-61	2302.250	102.770	71.452	45.935	20.226	216.112	0.010	0.100	99.900	2.657	20.437		chang4+5
地308-61	2302.375	99.550	71.627	42.560	21.311	214.120	0.010	0.100	99.900	2.666	21.801		chang4+5
地308-61	2302.500	95.750	71.786	39.069	22.411	213.549	0.010	0.100	99.900	2.673	22.753		chang4+5
地308-61	2302.625	92.092	71.934	36.061	21.894	215.035	0.010	0.100	99.900	2.675	21.411		chang4+5
地308-61	2302.750	91.935	72.063	37.524	19.388	219.827	0.010	0.100	99.900	2.672	18.253		chang4+5
地308-61	2302.875	96.364	72.168	42.786	16.234	228.359	0.010	0.100	99.900	2.666	15.101		chang4+5
地308-61	2303.000	102.861	72.252	49.297	13.466	240.053	0.010	0.100	99.900	2.653	12.548		chang4+5
地308-61	2303.125	108.602	72.320	54.580	11.270	253.642	0.010	0.100	99.900	2.625	10.553		chang4+5
地308-61	2303.250	114.885	72.384	62.232	9.686	266.516	0.010	0.100	99.900	2.588	9.199		chang4+5
地308-61	2303.375	121.121	72.446	69.216	8.688	275.481	0.010	0.100	99.900	2.558	8.401		chang4+5
地308-61	2303.500	125.168	72.507	73.038	8.219	278.408	0.010	0.100	99.900	2.549	8.116		chang4+5
地308-61	2303.625	125.467	72.561	71.464	8.253	275.227	0.010	0.100	99.900	2.564	8.329		chang4+5
地308-61	2303.750	122.854	72.603	67.275	8.851	267.623	0.010	0.100	99.900	2.594	9.144		chang4+5
地308-61	2303.875	120.290	72.630	64.754	9.887	258.835	0.010	0.100	99.900	2.622	10.303		chang4+5
地308-61	2304.000	118.119	72.641	62.179	10.972	251.867	0.010	0.100	99.900	2.637	11.346		chang4+5
地308-61	2304.125	116.621	72.631	60.920	11.837	248.016	0.010	0.100	99.900	2.641	12.112		chang4+5
地308-61	2304.250	117.362	72.587	62.957	12.796	245.999	0.010	0.100	99.900	2.634	13.180		chang4+5
地308-61	2304.375	116.739	72.500	60.700	14.568	243.064	0.010	0.100	99.900	2.623	15.346		chang4+5
地308-61	2304.500	110.853	72.365	51.969	18.019	238.225	0.010	0.100	99.900	2.616	19.519		chang4+5
地308-61	2304.625	101.395	72.185	42.073	22.851	233.031	0.010	0.100	99.900	2.615	24.721		chang4+5
地308-61	2304.750	93.108	71.978	35.806	26.455	230.447	0.010	0.100	99.900	2.612	27.428		chang4+5
地308-61	2304.875	92.442	71.767	38.352	26.321	232.140	0.010	0.100	99.900	2.598	25.700		chang4+5
地308-61	2305.000	98.516	71.556	45.417	23.458	238.151	0.010	0.100	99.900	2.573	22.201		chang4+5
地308-61	2305.125	106.002	71.332	52.672	20.455	247.133	0.010	0.100	99.900	2.547	19.476		chang4+5
地308-61	2305.250	111.034	71.092	56.653	18.451	255.864	0.010	0.100	99.900	2.535	17.877		chang4+5
地308-61	2305.375	114.664	70.853	60.600	17.181	261.303	0.010	0.100	99.900	2.536	16.791		chang4+5
地308-61	2305.500	116.735	70.635	62.010	16.306	262.836	0.010	0.100	99.900	2.545	16.034		chang4+5
地308-61	2305.625	115.483	70.443	59.015	15.657	262.200	0.010	0.100	99.900	2.557	15.446		chang4+5
地308-61	2305.750	113.509	70.266	57.255	14.958	261.748	0.010	0.100	99.900	2.566	14.684		chang4+5
地308-61	2305.875	115.666	70.087	62.031	13.955	262.251	0.010	0.100	99.900	2.570	13.545		chang4+5
地308-61	2306.000	119.644	69.896	66.522	12.718	263.079	0.010	0.100	99.900	2.574	12.253		chang4+5
地308-61	2306.125	122.101	69.698	68.582	11.515	263.292	0.010	0.100	99.900	2.586	11.101		chang4+5
地308-61	2306.250	121.566	69.490	66.413	10.474	261.929	0.010	0.100	99.900	2.608	10.122		chang4+5
地308-61	2306.375	118.771	69.261	62.452	9.593	259.156	0.010	0.100	99.900	2.627	9.295		chang4+5
地308-61	2306.500	115.147	68.997	58.195	8.899	256.178	0.010	0.100	99.900	2.635	8.676		chang4+5
地308-61	2306.625	113.041	68.689	56.911	8.442	254.037	0.010	0.100	99.900	2.635	8.310		chang4+5
地308-61	2306.750	112.317	68.321	56.398	8.342	252.499	0.010	0.100	99.900	2.637	8.360		chang4+5
地308-61	2306.875	113.185	67.888	58.167	8.724	250.275	0.010	0.100	99.900	2.644	8.928		chang4+5
地308-61	2307.000	112.861	67.387	56.621	9.678	246.381	0.010	0.100	99.900	2.652	10.098		chang4+5
地308-61	2307.125	109.705	66.817	52.249	11.167	240.701	0.010	0.100	99.900	2.655	11.766		chang4+5
地308-61	2307.250	107.126	66.168	50.505	13.054	234.077	0.010	0.100	99.900	2.652	13.777		chang4+5
地308-61	2307.375	105.422	65.442	48.803	15.125	227.906	0.010	0.100	99.900	2.648	15.882		chang4+5
地308-61	2307.500	104.059	64.640	47.650	17.238	223.051	0.010	0.100	99.900	2.644	17.998		chang4+5
地308-61	2307.625	101.729	63.763	44.794	19.531	219.596	0.010	0.100	99.900	2.637	20.391		chang4+5
地308-61	2307.750	97.016	62.810	39.617	22.261	217.480	0.010	0.100	99.900	2.622	23.311		chang4+5
地308-61	2307.875	87.856	61.802	30.474	25.273	216.450	0.010	0.100	99.900	2.606	26.374		chang4+5
地308-61	2308.000	75.590	60.773	11.585	27.547	216.170	0.395	10.487	50.888	2.595	28.205		chang4+5
地308-61	2308.125	66.243	59.750	9.472	27.916	216.425	0.402	10.528	51.129	2.593	27.755		chang4+5
地308-61	2308.250	66.941	58.762	11.062	26.336	217.244	0.419	10.629	52.872	2.594	25.540		chang4+5
地308-61	2308.375	77.719	57.822	15.677	24.141	218.683	0.448	10.790	54.590	2.590	23.357		chang4+5
地308-61	2308.500	93.989	56.939	22.627	22.510	220.684	0.488	11.003	55.286	2.579	22.034		chang4+5
地308-61	2308.625	106.883	56.125	27.501	21.777	223.122	0.539	11.253	54.750	2.561	21.632		chang4+5
地308-61	2308.750	108.933	55.408	26.636	21.817	225.709	0.594	11.504	53.385	2.540	21.920		chang4+5
地308-61	2308.875	101.862	54.801	22.627	22.311	227.847	0.637	11.687	51.961	2.524	22.531		chang4+5
地308-61	2309.000	88.980	54.312	16.957	23.032	228.882	0.650	11.741	50.882	2.515	23.313		chang4+5
地308-61	2309.125	77.125	53.949	13.376	23.961	228.468	0.627	11.648	50.149	2.514	24.324		chang4+5
地308-61	2309.250	71.081	53.742	12.007	25.236	226.556	0.573	11.411	49.598	2.518	25.747		chang4+5
地308-61	2309.375	69.687	53.705	11.716	26.927	223.685	0.509	11.109	49.009	2.525	27.589		chang4+5
地308-61	2309.500	69.652	53.845	11.486	28.799	220.756	0.456	10.835	48.423	2.535	29.478		chang4+5
地308-61	2309.625	70.708	54.173	11.883	30.177	218.933	0.434	10.713	48.009	2.552	30.569		chang4+5
地308-61	2309.750	74.036	54.705	13.417	29.715	219.911	0.474	10.929	48.268	2.578	29.236		chang4+5
地308-61	2309.875	81.036	55.419	16.873	26.678	224.547	0.595	11.510	49.727	2.607	25.243		chang4+5
地308-61	2310.000	92.645	56.269	23.019	21.883	232.372	0.817	12.369	52.575	2.631	19.998		chang4+5
地308-61	2310.125	107.103	57.205	31.183	17.087	241.349	1.105	13.246	56.446	2.641	15.454		chang4+5
地308-61	2310.250	120.289	58.161	38.517	13.629	247.600	1.281	13.701	60.745	2.639	12.606		chang4+5
地308-61	2310.375	125.764	59.067	39.305	11.944	248.297	1.221	13.551	63.985	2.634	11.573		chang4+5
地308-61	2310.500	122.525	59.863	34.697	12.287	242.930	0.957	12.822	64.032	2.628	12.687		chang4+5
地308-61	2310.625	111.102	60.508	25.970	14.760	233.072	0.649	11.739	61.578	2.620	15.923		chang4+5
地308-61	2310.750	96.801	60.968	18.841	19.082	222.176	0.431	10.697	58.200	2.609	20.853		chang4+5
地308-61	2310.875	84.289	61.264	14.076	23.260	213.815	0.323	10.015	56.634	2.598	24.611		chang4+5
地308-61	2311.000	76.811	61.438	12.224	24.345	209.873	0.010	9.801	58.171	2.589	24.196		chang4+5
地308-61	2311.125	72.415	61.538	11.184	22.393	210.342	0.010	9.992	60.879	2.586	21.382		chang4+5
地308-61	2311.250	71.232	61.618	11.694	20.041	214.185	0.392	10.467	61.635	2.590	19.289		chang4+5
地308-61	2311.375	75.459	61.726	14.265	18.836	219.966	0.503	11.076	59.870	2.596	18.582		chang4+5
地308-61	2311.500	84.126	61.895	18.476	18.678	226.894	0.660	11.783	56.594	2.597	18.732		chang4+5
地308-61	2311.625	92.785	62.139	22.362	18.888	233.948	0.842	12.454	53.660	2.590	18.976		chang4+5
地308-61	2311.750	101.262	62.453	26.600	19.178	238.510	0.940	12.769	52.111	2.580	19.292		chang4+5
地308-61	2311.875	108.078	62.800	29.177	19.792	238.976	0.906	12.663	51.448	2.575	20.072		chang4+5
地308-61	2312.000	108.138	63.139	27.218	20.768	236.258	0.800	12.311	51.317	2.578	21.158		chang4+5
地308-61	2312.125	100.724	63.444	22.561	21.164	233.345	0.733	12.067	52.179	2.580	21.167		chang4+5
地308-61	2312.250	94.174	63.690	37.459	19.806	235.658	0.010	0.100	99.900	2.556	19.042		chang4+5
地308-61	2312.375	96.482	63.874	42.995	16.969	246.674	0.010	0.100	99.900	2.501	15.806		chang4+5
地308-61	2312.500	109.622	63.999	60.362	14.095	264.632	0.010	0.100	99.900	2.426	13.136		chang4+5
地308-61	2312.625	129.424	64.073	87.893	12.280	282.890	0.010	0.100	99.900	2.365	11.801		chang4+5
地308-61	2312.750	150.957	64.100	99.900	11.903	292.751	0.010	0.100	99.900	2.367	11.961		chang4+5
地308-61	2312.875	166.110	64.092	99.900	12.558	291.144	0.010	0.100	99.900	2.431	12.893		chang4+5
地308-61	2313.000	166.537	64.054	99.900	13.465	279.854	0.010	0.100	99.900	2.527	13.785		chang4+5
地308-61	2313.125	159.597	63.986	99.900	14.088	262.999	0.010	0.100	99.900	2.610	14.257		chang4+5
地308-61	2313.250	149.925	63.891	99.900	14.526	246.532	0.010	0.100	99.900	2.651	14.677		chang4+5
地308-61	2313.375	142.887	63.781	93.916	15.147	234.277	0.010	0.100	99.900	2.661	15.411		chang4+5
地308-61	2313.500	134.438	63.664	78.869	16.089	226.371	0.010	0.100	99.900	2.659	16.469		chang4+5
地308-61	2313.625	125.464	63.545	68.367	17.156	221.405	0.010	0.100	99.900	2.657	17.541		chang4+5
地308-61	2313.750	120.528	63.426	64.599	18.171	218.379	0.010	0.100	99.900	2.657	18.525		chang4+5
地308-61	2313.875	120.181	63.314	66.045	19.277	216.332	0.010	0.100	99.900	2.658	19.699		chang4+5
地308-61	2314.000	121.679	63.220	68.048	20.878	214.425	0.010	0.100	99.900	2.655	21.540		chang4+5
地308-61	2314.125	121.120	63.149	65.871	23.181	212.405	0.010	0.100	99.900	2.650	24.101		chang4+5
地308-61	2314.250	116.429	63.110	58.602	25.730	210.691	0.010	0.100	99.900	2.645	26.644		chang4+5
地308-61	2314.375	111.148	63.106	53.536	27.439	209.833	0.010	0.100	99.900	2.645	27.886	干层	chang4+5
地308-61	2314.500	107.810	63.141	50.883	27.334	210.213	0.010	0.100	99.900	2.650	27.024	干层	chang4+5
地308-61	2314.625	106.808	63.224	50.761	25.547	211.990	0.010	0.100	99.900	2.653	24.719	干层	chang4+5
地308-61	2314.750	109.102	63.368	54.541	23.169	215.007	0.010	0.100	99.900	2.652	22.300	干层	chang4+5
地308-61	2314.875	115.428	63.567	63.238	21.217	218.416	0.010	0.100	99.900	2.650	20.610	干层	chang4+5
地308-61	2315.000	120.760	63.807	67.924	20.134	221.104	0.010	0.100	99.900	2.652	19.868	干层	chang4+5
地308-61	2315.125	123.257	64.077	70.012	19.869	222.245	0.010	0.100	99.900	2.656	19.870	油层	chang4+5
地308-61	2315.250	124.332	64.373	70.925	20.370	221.701	0.010	0.100	99.900	2.654	20.650	油层	chang4+5
地308-61	2315.375	121.914	64.696	65.796	21.520	220.446	0.010	0.100	99.900	2.645	22.008	油层	chang4+5
地308-61	2315.500	114.516	65.047	55.389	22.724	219.546	0.010	0.100	99.900	2.635	23.125	油层	chang4+5
地308-61	2315.625	108.285	65.427	50.640	22.991	219.568	0.010	0.100	99.900	2.631	22.916	油层	chang4+5
地308-61	2315.750	108.528	65.824	53.667	21.878	220.835	0.010	0.100	99.900	2.634	21.296	油层	chang4+5
地308-61	2315.875	115.516	66.209	63.943	20.241	222.943	0.010	0.100	99.900	2.636	19.649	油层	chang4+5
地308-61	2316.000	122.085	66.545	70.060	19.109	224.712	0.010	0.100	99.900	2.640	18.806	油层	chang4+5
地308-61	2316.125	125.100	66.805	72.414	18.954	224.568	0.010	0.100	99.900	2.646	19.037	油层	chang4+5
地308-61	2316.250	122.598	66.968	66.286	19.977	221.006	0.010	0.100	99.900	2.654	20.504	油层	chang4+5
地308-61	2316.375	117.340	67.048	59.974	22.354	214.660	0.010	0.100	99.900	2.660	23.391	油层	chang4+5
地308-61	2316.500	110.963	67.066	52.518	26.779	207.806	0.010	0.100	99.900	2.663	28.680	油层	chang4+5
地308-61	2316.625	102.301	67.036	43.095	32.560	203.054	0.010	0.100	99.900	2.663	34.736	油层	chang4+5
地308-61	2316.750	96.186	66.974	39.378	34.661	202.927	0.010	0.100	99.900	2.663	34.619	油层	chang4+5
地308-61	2316.875	95.770	66.923	40.857	29.882	207.768	0.010	0.100	99.900	2.665	27.225	油层	chang4+5
地308-61	2317.000	102.531	66.936	49.975	22.658	216.791	0.010	0.100	99.900	2.671	20.096	油层	chang4+5
地308-61	2317.125	112.207	67.049	60.320	17.473	229.199	0.010	0.100	99.900	2.676	16.001		chang4+5
地308-61	2317.250	118.996	67.275	66.319	14.866	243.890	0.010	0.100	99.900	2.665	14.229		chang4+5
地308-61	2317.375	124.943	67.575	74.304	13.752	258.202	0.010	0.100	99.900	2.634	13.485		chang4+5
地308-61	2317.500	131.911	67.899	84.193	13.350	268.811	0.010	0.100	99.900	2.593	13.275		chang4+5
地308-61	2317.625	138.066	68.211	92.275	13.305	273.525	0.010	0.100	99.900	2.565	13.323	油层	chang4+5
地308-61	2317.750	135.145	68.482	81.202	13.399	271.543	0.010	0.100	99.900	2.573	13.441	油层	chang4+5
地308-61	2317.875	126.142	68.697	68.491	13.330	264.874	0.010	0.100	99.900	2.605	13.268	油层	chang4+5
地308-61	2318.000	118.045	68.849	60.066	12.796	256.966	0.010	0.100	99.900	2.636	12.531	油层	chang4+5
地308-61	2318.125	115.103	68.937	59.423	11.956	251.550	0.010	0.100	99.900	2.653	11.633	油层	chang4+5
地308-61	2318.250	115.381	68.966	60.271	11.122	251.448	0.010	0.100	99.900	2.653	10.835	油层	chang4+5
地308-61	2318.375	115.669	68.946	60.300	10.385	255.038	0.010	0.100	99.900	2.646	10.133	油层	chang4+5
地308-61	2318.500	117.229	68.894	63.072	9.794	258.664	0.010	0.100	99.900	2.640	9.603	油层	chang4+5
地308-61	2318.625	118.409	68.825	63.637	9.519	259.981	0.010	0.100	99.900	2.640	9.471	油层	chang4+5
地308-61	2318.750	119.868	68.763	66.010	9.829	258.332	0.010	0.100	99.900	2.643	10.030	油层	chang4+5
地308-61	2318.875	121.263	68.723	67.279	10.720	254.717	0.010	0.100	99.900	2.644	11.107	油层	chang4+5
地308-61	2319.000	120.651	68.708	65.420	11.807	250.624	0.010	0.100	99.900	2.641	12.200	油层	chang4+5
地308-61	2319.125	118.716	68.717	62.891	12.521	247.476	0.010	0.100	99.900	2.635	12.701	油层	chang4+5
地308-61	2319.250	116.848	68.754	60.929	12.542	246.111	0.010	0.100	99.900	2.634	12.453	油层	chang4+5
地308-61	2319.375	117.057	68.816	62.400	12.087	245.639	0.010	0.100	99.900	2.640	11.882	油层	chang4+5
地308-61	2319.500	118.097	68.893	63.448	11.711	244.763	0.010	0.100	99.900	2.648	11.615	油层	chang4+5
地308-61	2319.625	117.938	68.976	62.573	11.830	242.971	0.010	0.100	99.900	2.650	11.950	油层	chang4+5
地308-61	2319.750	114.050	69.048	56.261	12.530	240.127	0.010	0.100	99.900	2.643	12.855	油层	chang4+5
地308-61	2319.875	107.894	69.098	49.567	13.522	236.434	0.010	0.100	99.900	2.633	13.896	油层	chang4+5
地308-61	2320.000	103.591	69.116	46.523	14.260	232.631	0.010	0.100	99.900	2.628	14.464	油层	chang4+5
地308-61	2320.125	100.505	69.093	43.617	14.375	229.859	0.010	0.100	99.900	2.630	14.325	油层	chang4+5
地308-61	2320.250	99.740	69.022	44.111	14.040	229.204	0.010	0.100	99.900	2.634	13.880	油层	chang4+5
地308-61	2320.375	102.621	68.910	48.133	13.825	230.433	0.010	0.100	99.900	2.637	13.794	油层	chang4+5
地308-61	2320.500	108.364	68.774	54.888	14.135	232.368	0.010	0.100	99.900	2.638	14.326	油层	chang4+5
地308-61	2320.625	112.475	68.623	57.817	14.941	233.575	0.010	0.100	99.900	2.641	15.286	油层	chang4+5
地308-61	2320.750	110.560	68.456	52.995	15.920	232.878	0.010	0.100	99.900	2.642	16.276		chang4+5
地308-61	2320.875	105.228	68.276	47.172	16.655	230.799	0.010	0.100	99.900	2.639	16.868		chang4+5
地308-61	2321.000	100.895	68.102	43.832	16.748	228.933	0.010	0.100	99.900	2.633	16.680		chang4+5
地308-61	2321.125	99.211	67.961	43.224	16.243	228.713	0.010	0.100	99.900	2.626	15.998		chang4+5
地308-61	2321.250	99.869	67.872	44.522	15.608	230.853	0.010	0.100	99.900	2.617	15.390		chang4+5
地308-61	2321.375	102.515	67.814	47.729	15.293	234.338	0.010	0.100	99.900	2.604	15.238		chang4+5
地308-61	2321.500	107.506	67.747	53.717	15.319	237.385	0.010	0.100	99.900	2.587	15.364		chang4+5
地308-61	2321.625	111.512	67.641	56.854	15.234	238.619	0.010	0.100	99.900	2.569	15.160		chang4+5
地308-61	2321.750	108.442	67.489	50.117	14.638	237.423	0.010	0.100	99.900	2.561	14.345		chang4+5
地308-61	2321.875	104.317	67.319	47.322	13.916	234.449	0.010	0.100	99.900	2.566	13.675		chang4+5
地308-61	2322.000	101.167	67.148	44.148	13.718	230.685	0.010	0.100	99.900	2.584	13.743		chang4+5
地308-61	2322.125	97.460	66.960	40.573	14.209	227.010	0.010	0.100	99.900	2.607	14.471		chang4+5
地308-61	2322.250	92.746	66.732	36.116	15.026	224.294	0.010	0.100	99.900	2.620	15.337		chang4+5
地308-61	2322.375	87.752	66.479	32.131	15.675	222.702	0.010	0.100	99.900	2.620	15.864		chang4+5
地308-61	2322.500	84.432	66.255	30.239	16.016	221.873	0.010	0.100	99.900	2.612	16.101		chang4+5
地308-61	2322.625	83.096	66.114	29.689	16.338	221.463	0.010	0.100	99.900	2.603	16.472		chang4+5
地308-61	2322.750	83.379	66.089	30.336	16.885	221.354	0.010	0.100	99.900	2.598	17.117		chang4+5
地308-61	2322.875	82.949	66.144	29.461	17.579	221.546	0.010	0.100	99.900	2.596	17.838		chang4+5
地308-61	2323.000	81.474	66.225	28.219	18.126	222.187	0.010	0.100	99.900	2.596	18.287		chang4+5
地308-61	2323.125	81.656	66.324	29.126	18.179	223.696	0.010	0.100	99.900	2.602	18.118		chang4+5
地308-61	2323.250	85.709	66.469	33.525	17.242	227.030	0.010	0.100	99.900	2.611	16.750		chang4+5
地308-61	2323.375	93.731	66.659	41.506	15.237	232.285	0.010	0.100	99.900	2.615	14.388		chang4+5
地308-61	2323.500	103.832	66.838	51.624	12.808	238.042	0.010	0.100	99.900	2.614	11.921		chang4+5
地308-61	2323.625	113.447	66.936	61.484	10.851	242.100	0.010	0.100	99.900	2.612	10.250		chang4+5
地308-61	2323.750	118.504	66.898	64.719	9.961	242.496	0.010	0.100	99.900	2.612	9.799		chang4+5
地308-61	2323.875	118.072	66.734	62.113	9.852	239.279	0.010	0.100	99.900	2.611	9.882		chang4+5
地308-61	2324.000	112.436	66.479	53.816	10.450	233.539	0.010	0.100	99.900	2.606	10.769		chang4+5
地308-61	2324.125	101.653	66.140	41.535	11.584	226.777	0.010	0.100	99.900	2.598	12.041		chang4+5
地308-61	2324.250	94.243	65.702	37.583	12.961	221.026	0.010	0.100	99.900	2.594	13.477		chang4+5
地308-61	2324.375	89.670	65.175	33.746	14.529	217.453	0.010	0.100	99.900	2.597	15.119		chang4+5
地308-61	2324.500	83.936	64.606	28.793	16.370	216.175	0.010	0.100	99.900	2.604	17.072		chang4+5
地308-61	2324.625	80.426	64.053	27.380	18.158	216.928	0.010	0.100	99.900	2.614	18.767		chang4+5
地308-61	2324.750	83.716	63.565	32.096	19.025	219.271	0.010	0.100	99.900	2.624	19.170		chang4+5
地308-61	2324.875	92.662	63.143	40.909	18.576	222.315	0.010	0.100	99.900	2.636	18.242		chang4+5
地308-61	2325.000	103.134	62.771	50.893	17.476	225.207	0.010	0.100	99.900	2.649	17.045	差油层	chang4+5
地308-61	2325.125	109.719	62.442	55.489	16.630	227.345	0.010	0.100	99.900	2.660	16.397	差油层	chang4+5
地308-61	2325.250	111.602	62.164	55.992	16.361	228.265	0.010	0.100	99.900	2.667	16.341	差油层	chang4+5
地308-61	2325.375	109.743	61.937	52.648	16.392	228.113	0.010	0.100	99.900	2.669	16.421	差油层	chang4+5
地308-61	2325.500	107.972	61.743	51.628	16.518	227.310	0.010	0.100	99.900	2.666	16.572	差油层	chang4+5
地308-61	2325.625	107.929	61.553	52.129	16.823	226.118	0.010	0.100	99.900	2.659	16.964	差油层	chang4+5
地308-61	2325.750	107.894	61.328	51.793	17.313	224.579	0.010	0.100	99.900	2.647	17.509	差油层	chang4+5
地308-61	2325.875	106.839	61.054	50.304	17.713	222.807	0.010	0.100	99.900	2.634	17.827	差油层	chang4+5
地308-61	2326.000	103.773	60.730	46.400	17.837	220.920	0.010	0.100	99.900	2.622	17.842	差油层	chang4+5
地308-61	2326.125	101.148	60.352	44.621	18.153	218.771	0.010	0.100	99.900	2.611	18.328	差油层	chang4+5
地308-61	2326.250	99.912	59.901	43.799	19.624	215.788	0.010	0.100	99.900	2.600	20.352	差油层	chang4+5
地308-61	2326.375	97.884	59.369	41.353	23.265	211.621	0.010	0.100	99.900	2.591	24.900	差油层	chang4+5
地308-61	2326.500	93.154	58.760	17.210	30.454	206.443	0.010	9.353	59.319	2.590	33.570	油层	chang4+5
地308-61	2326.625	86.878	58.087	14.439	42.520	200.986	0.010	8.826	52.348	2.599	47.542	油层	chang4+5
地308-61	2326.750	79.965	57.383	11.833	59.697	196.644	0.010	8.465	45.846	2.613	66.517	油层	chang4+5
地308-61	2326.875	72.296	56.691	9.404	76.149	194.524	0.010	8.346	41.899	2.622	81.552	油层	chang4+5
地308-61	2327.000	65.517	56.035	7.854	82.162	195.084	0.010	8.498	41.030	2.622	82.505	油层	chang4+5
地308-61	2327.125	62.755	55.415	7.898	76.005	198.129	0.010	8.874	42.239	2.616	72.358	油层	chang4+5
地308-61	2327.250	65.142	54.823	9.425	64.032	202.806	0.010	9.371	44.538	2.607	59.361	油层	chang4+5
地308-61	2327.375	71.817	54.256	12.193	51.971	207.803	0.010	9.849	47.580	2.597	47.825	油层	chang4+5
地308-61	2327.500	79.097	53.728	14.779	42.381	212.308	0.359	10.263	50.678	2.584	39.326	油层	chang4+5
地308-61	2327.625	81.801	53.249	15.245	35.877	216.194	0.418	10.619	53.002	2.567	33.942	油层	chang4+5
地308-61	2327.750	81.777	52.809	15.445	32.436	219.489	0.472	10.918	53.665	2.549	31.591	油层	chang4+5
地308-61	2327.875	82.184	52.380	15.954	31.427	222.235	0.521	11.166	52.873	2.533	31.334	油层	chang4+5
地308-61	2328.000	84.236	51.945	17.130	31.897	224.439	0.562	11.361	51.393	2.518	32.212	油层	chang4+5
地308-61	2328.125	87.362	51.511	18.497	32.845	226.046	0.592	11.495	50.122	2.503	33.201	油层	chang4+5
地308-61	2328.250	89.615	51.098	19.181	33.409	226.902	0.604	11.549	49.680	2.491	33.527	油层	chang4+5
地308-61	2328.375	92.583	50.717	20.621	33.200	227.045	0.602	11.540	50.095	2.485	33.016	油层	chang4+5
地308-61	2328.500	95.889	50.368	21.815	32.424	226.695	0.591	11.492	50.990	2.485	32.093	油层	chang4+5
地308-61	2328.625	97.916	50.042	22.334	31.927	226.089	0.577	11.427	51.441	2.487	31.834	油层	chang4+5
地308-61	2328.750	98.489	49.729	22.255	32.733	225.186	0.555	11.327	50.721	2.492	33.237	油层	chang4+5
地308-61	2328.875	96.183	49.423	20.561	35.298	223.598	0.516	11.143	49.105	2.501	36.454	油层	chang4+5
地308-61	2329.000	91.044	49.123	17.919	39.834	220.765	0.453	10.817	47.060	2.520	41.731	油层	chang4+5
地308-61	2329.125	84.755	48.834	15.133	46.781	216.298	0.369	10.324	44.894	2.551	49.615		chang4+5
地308-61	2329.250	78.985	48.562	12.807	57.601	210.431	0.010	9.712	42.257	2.590	62.082		chang4+5
地308-61	2329.375	74.404	48.309	22.587	74.282	204.515	0.010	0.100	99.900	2.627	81.127		chang4+5
地308-61	2329.500	71.919	48.072	21.545	95.149	200.225	0.010	0.100	99.900	2.652	103.015		chang4+5
地308-61	2329.625	71.404	47.855	21.593	104.348	198.800	0.010	0.100	99.900	2.657	105.097	油层	chang4+5
地308-61	2329.750	73.319	47.675	23.580	88.224	200.882	0.010	0.100	99.900	2.642	78.759	油层	chang4+5
地308-61	2329.875	76.176	47.544	12.764	64.560	205.347	0.010	9.615	44.633	2.615	56.595	油层	chang4+5
地308-61	2330.000	80.301	47.469	14.783	48.949	210.300	0.334	10.090	48.243	2.588	44.660	油层	chang4+5
地308-61	2330.125	86.028	47.455	17.287	40.580	214.291	0.386	10.428	50.671	2.569	38.291	油层	chang4+5
地308-61	2330.250	89.757	47.518	18.319	35.883	216.636	0.413	10.593	52.655	2.563	34.532	油层	chang4+5
地308-61	2330.375	90.850	47.662	18.540	33.098	217.704	0.425	10.662	54.151	2.566	32.293	油层	chang4+5
地308-61	2330.500	89.813	47.881	17.884	32.210	218.158	0.430	10.692	54.132	2.569	32.163	油层	chang4+5
地308-61	2330.625	86.676	48.166	16.525	33.365	218.545	0.438	10.734	52.447	2.566	34.039	油层	chang4+5
地308-61	2330.750	83.662	48.504	15.712	36.095	219.228	0.452	10.814	49.823	2.555	37.248	油层	chang4+5
地308-61	2330.875	82.704	48.872	15.776	39.308	220.128	0.470	10.905	47.465	2.540	40.463	油层	chang4+5
地308-61	2331.000	83.583	49.248	16.350	42.249	221.002	0.485	10.987	45.623	2.527	43.252	油层	chang4+5
地308-61	2331.125	84.068	49.615	16.412	45.321	221.801	0.500	11.062	43.756	2.517	46.482	油层	chang4+5
地308-61	2331.250	81.928	49.961	15.331	49.510	222.606	0.516	11.141	41.436	2.511	51.209	油层	chang4+5
地308-61	2331.375	79.558	50.286	14.777	54.828	223.386	0.531	11.215	39.106	2.509	56.859	油层	chang4+5
地308-61	2331.500	78.703	50.592	14.730	60.236	224.051	0.544	11.274	37.244	2.510	62.130	油层	chang4+5
地308-61	2331.625	79.445	50.874	15.230	64.407	224.616	0.555	11.327	36.081	2.513	65.684	油层	chang4+5
地308-61	2331.750	79.139	51.135	14.861	66.632	225.134	0.565	11.376	35.551	2.514	67.163	油层	chang4+5
地308-61	2331.875	78.251	51.392	14.658	67.839	225.547	0.573	11.411	35.184	2.514	68.218	油层	chang4+5
地308-61	2332.000	75.335	51.672	13.290	69.829	225.668	0.573	11.409	34.556	2.515	70.732	油层	chang4+5
地308-61	2332.125	69.387	51.994	11.087	72.322	225.275	0.560	11.351	34.115	2.517	73.213	油层	chang4+5
地308-61	2332.250	66.080	52.365	10.620	73.359	224.303	0.536	11.236	34.353	2.516	73.441	油层	chang4+5
地308-61	2332.375	68.011	52.773	11.639	72.902	223.150	0.513	11.126	34.841	2.513	72.600		chang4+5
地308-61	2332.500	73.139	53.218	13.432	73.237	222.276	0.499	11.056	34.790	2.510	73.595		chang4+5
地308-61	2332.625	77.512	53.720	14.543	75.922	221.714	0.490	11.010	34.081	2.509	77.228		chang4+5
地308-61	2332.750	76.388	54.302	13.208	79.614	220.705	0.465	10.883	33.616	2.513	80.953		chang4+5
地308-61	2332.875	72.446	54.950	11.680	81.191	218.277	0.412	10.587	34.329	2.525	81.324		chang4+5
地308-61	2333.000	68.782	55.633	10.307	80.730	214.375	0.344	10.162	35.741	2.549	80.397		chang4+5
地308-61	2333.125	65.438	56.326	17.041	80.571	210.338	0.010	0.100	99.900	2.586	80.669		chang4+5
地308-61	2333.250	64.789	57.019	17.551	75.448	208.340	0.010	0.100	99.900	2.620	72.520		chang4+5
地308-61	2333.375	68.300	57.708	20.719	59.018	209.199	0.010	0.100	99.900	2.636	51.444		chang4+5
地308-61	2333.500	76.107	58.384	27.188	40.113	212.432	0.010	0.100	99.900	2.634	33.756		chang4+5
地308-61	2333.625	86.379	59.029	35.581	27.549	216.848	0.010	0.100	99.900	2.628	24.067		chang4+5
地308-61	2333.750	94.287	59.619	41.019	21.196	220.269	0.010	0.100	99.900	2.629	19.586		chang4+5
地308-61	2333.875	98.735	60.158	44.138	18.298	221.212	0.010	0.100	99.900	2.634	17.576		chang4+5
地308-61	2334.000	101.035	60.664	45.721	17.085	220.098	0.010	0.100	99.900	2.641	16.809		chang4+5
地308-61	2334.125	102.359	61.148	46.802	16.557	218.592	0.010	0.100	99.900	2.647	16.415		chang4+5
地308-61	2334.250	101.627	61.609	45.105	16.113	218.683	0.010	0.100	99.900	2.649	15.943		chang4+5
地308-61	2334.375	99.326	62.044	42.688	15.550	221.638	0.010	0.100	99.900	2.643	15.330		chang4+5
地308-61	2334.500	98.081	62.449	42.244	14.791	228.078	0.010	0.100	99.900	2.629	14.489		chang4+5
地308-61	2334.625	101.377	62.819	47.344	13.780	237.769	0.010	0.100	99.900	2.610	13.382		chang4+5
地308-61	2334.750	109.212	63.137	56.798	12.652	248.900	0.010	0.100	99.900	2.597	12.243		chang4+5
地308-61	2334.875	116.532	63.393	63.874	11.700	258.088	0.010	0.100	99.900	2.595	11.395		chang4+5
地308-61	2335.000	120.607	63.577	67.263	11.159	262.148	0.010	0.100	99.900	2.604	11.027		chang4+5
地308-61	2335.125	122.185	63.673	68.322	11.040	259.936	0.010	0.100	99.900	2.615	11.047		chang4+5
地308-61	2335.250	118.082	63.660	60.218	11.278	253.042	0.010	0.100	99.900	2.620	11.407		chang4+5
地308-61	2335.375	109.910	63.541	50.710	11.778	245.121	0.010	0.100	99.900	2.620	11.986		chang4+5
地308-61	2335.500	105.012	63.330	48.060	12.421	238.843	0.010	0.100	99.900	2.622	12.665		chang4+5
地308-61	2335.625	107.924	63.040	54.204	13.167	235.207	0.010	0.100	99.900	2.625	13.448		chang4+5
地308-61	2335.750	114.968	62.674	62.612	14.153	233.994	0.010	0.100	99.900	2.625	14.548		chang4+5
地308-61	2335.875	119.594	62.236	66.089	15.389	233.330	0.010	0.100	99.900	2.618	15.860		chang4+5
地308-61	2336.000	119.131	61.731	63.279	16.630	231.489	0.010	0.100	99.900	2.605	17.063		chang4+5
地308-61	2336.125	115.328	61.166	58.065	17.757	228.411	0.010	0.100	99.900	2.586	18.147		chang4+5
地308-61	2336.250	109.755	60.546	51.568	19.078	225.525	0.010	0.100	99.900	2.565	19.601		chang4+5
地308-61	2336.375	105.378	59.877	48.157	20.971	223.876	0.010	0.100	99.900	2.548	21.740		chang4+5
地308-61	2336.500	102.354	59.163	45.441	23.235	223.319	0.010	0.100	99.900	2.537	24.073		chang4+5
地308-61	2336.625	101.674	58.406	45.933	25.006	223.262	0.010	0.100	99.900	2.535	25.529		chang4+5
地308-61	2336.750	102.613	57.619	47.065	26.042	223.495	0.010	0.100	99.900	2.536	26.330		chang4+5
地308-61	2336.875	102.249	56.824	45.882	27.462	224.218	0.010	0.100	99.900	2.533	28.097		chang4+5
地308-61	2337.000	99.187	56.038	42.072	30.961	225.547	0.010	0.100	99.900	2.522	32.568		chang4+5
地308-61	2337.125	93.898	55.271	19.863	37.586	227.253	0.622	11.626	52.771	2.506	40.401		chang4+5
地308-61	2337.250	88.808	54.534	18.223	47.000	228.627	0.649	11.737	46.732	2.493	50.702		chang4+5
地308-61	2337.375	84.453	53.831	16.660	56.233	228.887	0.643	11.714	43.269	2.488	59.335		chang4+5
地308-61	2337.500	80.239	53.173	15.003	62.755	227.498	0.597	11.516	42.044	2.489	64.674		chang4+5
地308-61	2337.625	76.443	52.584	13.483	67.930	224.341	0.518	11.149	41.606	2.495	69.756		chang4+5
地308-61	2337.750	74.685	52.098	12.817	74.324	219.815	0.427	10.670	41.127	2.511	76.886		chang4+5
地308-61	2337.875	74.424	51.730	12.440	81.045	215.166	0.355	10.235	40.906	2.536	83.378		chang4+5
地308-61	2338.000	74.787	51.484	12.388	83.212	211.836	0.010	9.975	41.870	2.560	83.118		chang4+5
地308-61	2338.125	76.173	51.379	12.966	80.630	210.836	0.010	9.969	42.903	2.574	79.235	差油层	chang4+5
地308-61	2338.250	79.180	51.446	14.409	77.565	212.661	0.357	10.249	42.621	2.567	76.628	差油层	chang4+5
地308-61	2338.375	82.619	51.666	15.956	75.925	216.570	0.429	10.684	41.449	2.545	75.530	差油层	chang4+5
地308-61	2338.500	82.817	51.985	15.873	75.563	221.305	0.519	11.157	39.948	2.520	75.582	差油层	chang4+5
地308-61	2338.625	81.632	52.352	15.913	77.402	225.650	0.604	11.549	38.089	2.500	78.423	差油层	chang4+5
地308-61	2338.750	83.512	52.712	17.375	81.701	228.560	0.657	11.770	36.320	2.494	83.539	差油层	chang4+5
地308-61	2338.875	86.849	53.016	18.686	84.051	230.033	0.682	11.869	35.892	2.495	84.338	差油层	chang4+5
地308-61	2339.000	89.017	53.241	19.321	80.483	230.649	0.691	11.907	37.147	2.500	78.320	差油层	chang4+5
地308-61	2339.125	89.710	53.381	19.413	73.421	230.865	0.694	11.918	39.073	2.503	70.673	差油层	chang4+5
地308-61	2339.250	87.986	53.424	18.342	65.784	230.887	0.693	11.915	41.379	2.504	63.042	差油层	chang4+5
地308-61	2339.375	85.846	53.362	17.675	57.449	230.797	0.690	11.903	44.618	2.506	54.311	差油层	chang4+5
地308-61	2339.500	87.886	53.189	19.212	49.581	230.558	0.683	11.874	48.101	2.508	46.928	差油层	chang4+5
地308-61	2339.625	94.073	52.915	22.060	44.418	230.039	0.667	11.812	50.467	2.509	43.011	差油层	chang4+5
地308-61	2339.750	95.988	52.577	21.502	42.958	229.230	0.646	11.724	50.834	2.510	42.928	差油层	chang4+5
地308-61	2339.875	91.169	52.239	18.703	45.194	228.375	0.626	11.644	49.145	2.513	46.465	差油层	chang4+5
地308-61	2340.000	83.128	51.932	15.517	50.908	227.767	0.615	11.597	45.999	2.515	53.400	差油层	chang4+5
地308-61	2340.125	77.028	51.659	13.964	57.706	227.675	0.618	11.609	43.313	2.516	60.122	差油层	chang4+5
地308-61	2340.250	77.459	51.429	15.144	59.218	228.303	0.639	11.697	43.551	2.515	58.712	差油层	chang4+5
地308-61	2340.375	82.843	51.270	17.566	53.459	229.313	0.664	11.801	46.605	2.518	50.512	差油层	chang4+5
地308-61	2340.500	90.173	51.208	20.610	44.562	230.171	0.682	11.873	51.325	2.528	41.224	差油层	chang4+5
地308-61	2340.625	96.978	51.242	23.275	36.518	230.892	0.700	11.941	56.341	2.545	33.878	差油层	chang4+5
地308-61	2340.750	101.277	51.354	24.823	30.759	232.013	0.734	12.073	60.327	2.564	29.009	差油层	chang4+5
地308-61	2340.875	104.348	51.515	26.316	27.407	233.233	0.765	12.184	62.624	2.580	26.508	差油层	chang4+5
地308-61	2341.000	107.223	51.708	27.511	26.852	233.095	0.742	12.100	62.357	2.591	27.046	差油层	chang4+5
地308-61	2341.125	106.639	51.910	25.844	29.621	230.127	0.639	11.698	59.870	2.597	31.065	差油层	chang4+5
地308-61	2341.250	98.352	52.081	20.150	36.756	224.092	0.490	11.010	55.566	2.601	39.948	差油层	chang4+5
地308-61	2341.375	85.765	52.213	28.332	49.102	217.136	0.010	0.100	99.900	2.605	54.238	差油层	chang4+5
地308-61	2341.500	76.804	52.352	23.617	65.426	212.087	0.010	0.100	99.900	2.602	71.702	差油层	chang4+5
地308-61	2341.625	71.777	52.549	20.841	79.115	210.765	0.010	0.100	99.900	2.585	83.273		chang4+5
地308-61	2341.750	71.424	52.830	22.013	80.575	213.475	0.010	0.100	99.900	2.551	79.062		chang4+5
地308-61	2341.875	74.756	53.179	13.590	72.487	218.257	0.463	10.871	42.799	2.518	68.799		chang4+5
地308-61	2342.000	80.483	53.598	16.205	63.700	222.845	0.546	11.285	44.098	2.497	60.839		chang4+5
地308-61	2342.125	84.325	54.124	17.275	58.343	226.002	0.600	11.531	44.761	2.490	56.942		chang4+5
地308-61	2342.250	85.294	54.558	17.400	56.807	227.208	0.610	11.575	44.698	2.491	56.731		chang4+5
地308-61	2342.375	84.654	55.032	17.024	58.755	227.577	0.618	11.606	43.406	2.490	59.890		chang4+5
地308-61	2342.500	82.999	55.757	16.310	64.742	227.581	0.614	11.589	40.946	2.485	67.464	干层	chang4+5
地308-61	2342.625	78.944	56.589	14.448	74.618	227.072	0.598	11.522	38.116	2.480	78.631	干层	chang4+5
地308-61	2342.750	73.636	57.421	12.555	86.134	225.632	0.558	11.342	36.035	2.485	90.343	干层	chang4+5
地308-61	2342.875	70.945	58.276	11.874	95.444	222.598	0.485	10.983	35.493	2.505	98.306	干层	chang4+5
地308-61	2343.000	70.399	59.164	11.358	100.902	217.670	0.387	10.438	36.311	2.538	102.359	干层	chang4+5
地308-61	2343.125	70.567	60.041	10.959	104.027	211.621	0.010	9.828	37.728	2.572	104.963	干层	chang4+5
地308-61	2343.250	70.035	60.832	10.331	103.710	206.741	0.010	9.431	39.432	2.588	103.007	干层	chang4+5
地308-61	2343.375	69.472	61.530	10.227	96.284	205.130	0.010	9.410	41.688	2.582	92.512	干层	chang4+5
地308-61	2343.500	69.643	62.177	10.644	82.214	207.411	0.010	9.767	44.442	2.559	76.438	干层	chang4+5
地308-61	2343.625	71.558	62.805	11.966	67.794	212.661	0.375	10.362	46.592	2.529	62.944	干层	chang4+5
地308-61	2343.750	72.822	63.391	12.615	58.834	218.789	0.479	10.956	46.905	2.506	56.528	干层	chang4+5
地308-61	2343.875	73.916	63.889	13.449	56.320	223.725	0.564	11.370	45.590	2.496	56.204	干层	chang4+5
地308-61	2344.000	76.474	64.280	14.687	57.119	226.648	0.612	11.581	44.330	2.501	57.632	干层	chang4+5
地308-61	2344.125	79.371	64.579	15.699	56.323	227.950	0.630	11.660	44.879	2.519	55.588	干层	chang4+5
地308-61	2344.250	84.941	64.805	18.294	52.832	228.356	0.634	11.677	46.666	2.541	51.285	干层	chang4+5
地308-61	2344.375	91.178	64.969	20.491	49.657	228.359	0.632	11.668	47.899	2.550	48.744	干层	chang4+5
地308-61	2344.500	93.315	65.089	20.562	47.776	228.444	0.636	11.686	48.596	2.546	47.232	干层	chang4+5
地308-61	2344.625	89.392	65.201	18.305	43.522	229.341	0.667	11.811	51.415	2.541	41.441	干层	chang4+5
地308-61	2344.750	86.441	65.359	32.167	35.039	231.402	0.010	0.100	99.900	2.551	31.448	干层	chang4+5
地308-61	2344.875	92.501	65.589	40.640	26.714	233.866	0.010	0.100	99.900	2.575	24.058	干层	chang4+5
地308-61	2345.000	105.954	65.903	55.665	21.690	235.909	0.010	0.100	99.900	2.605	20.362	干层	chang4+5
地308-61	2345.125	117.594	66.307	66.540	19.310	237.358	0.010	0.100	99.900	2.630	18.719	干层	chang4+5
地308-61	2345.250	119.004	66.823	62.803	18.174	238.392	0.010	0.100	99.900	2.645	17.868	干层	chang4+5
地308-61	2345.375	117.447	67.447	62.048	17.374	239.535	0.010	0.100	99.900	2.652	17.098	干层	chang4+5
地308-61	2345.500	118.289	68.143	64.000	16.591	241.398	0.010	0.100	99.900	2.653	16.306	干层	chang4+5
地308-61	2345.625	120.483	68.856	66.956	15.761	244.120	0.010	0.100	99.900	2.650	15.455	干层	chang4+5
地308-61	2345.750	122.697	69.530	69.482	14.785	247.296	0.010	0.100	99.900	2.645	14.409	干层	chang4+5
地308-61	2345.875	124.759	70.145	72.068	13.704	250.580	0.010	0.100	99.900	2.642	13.308	干层	chang6
地308-61	2346.000	125.755	70.703	72.577	12.805	254.107	0.010	0.100	99.900	2.638	12.522	干层	chang6
地308-61	2346.125	127.664	71.204	76.155	12.221	258.442	0.010	0.100	99.900	2.631	12.052	干层	chang6
地308-61	2346.250	129.844	71.634	78.633	11.507	264.166	0.010	0.100	99.900	2.613	11.202	干层	chang6
地308-61	2346.375	130.503	71.983	78.615	10.309	270.474	0.010	0.100	99.900	2.586	9.809	干层	chang6
地308-61	2346.500	131.186	72.257	80.073	9.148	275.661	0.010	0.100	99.900	2.561	8.778	干层	chang6
地308-61	2346.625	130.371	72.473	77.540	8.830	278.700	0.010	0.100	99.900	2.551	8.859	干层	chang6
地308-61	2346.750	129.045	72.651	76.187	9.761	279.593	0.010	0.100	99.900	2.562	10.267	干层	chang6
地308-61	2346.875	128.118	72.796	75.036	11.540	279.110	0.010	0.100	99.900	2.575	12.254	干层	chang6
地308-61	2347.000	126.190	72.905	71.796	12.524	278.241	0.010	0.100	99.900	2.575	12.675	干层	chang6
地308-61	2347.125	125.039	72.972	71.311	11.822	278.181	0.010	0.100	99.900	2.559	11.343		chang6
地308-61	2347.250	126.328	72.982	74.158	10.290	280.001	0.010	0.100	99.900	2.534	9.700		chang6
地308-61	2347.375	127.023	72.948	73.947	8.919	283.279	0.010	0.100	99.900	2.508	8.481		chang6
地308-61	2347.500	127.971	72.893	75.996	7.945	286.753	0.010	0.100	99.900	2.489	7.645		chang6
地308-61	2347.625	129.921	72.796	78.886	7.267	289.403	0.010	0.100	99.900	2.483	7.056		chang6
地308-61	2347.750	132.638	72.615	83.056	6.852	290.729	0.010	0.100	99.900	2.498	6.738		chang6
地308-61	2347.875	131.824	72.347	78.965	6.708	290.803	0.010	0.100	99.900	2.526	6.691	干层	chang6
地308-61	2348.000	127.126	72.002	71.548	6.819	289.580	0.010	0.100	99.900	2.558	6.890	干层	chang6
地308-61	2348.125	123.257	71.591	67.994	7.113	287.098	0.010	0.100	99.900	2.584	7.237	干层	chang6
地308-61	2348.250	123.336	71.126	70.127	7.562	283.899	0.010	0.100	99.900	2.600	7.745	干层	chang6
地308-61	2348.375	126.809	70.606	75.830	8.238	280.342	0.010	0.100	99.900	2.607	8.514	干层	chang6
地308-61	2348.500	131.634	70.012	82.661	9.329	276.055	0.010	0.100	99.900	2.606	9.786	干层	chang6
地308-61	2348.625	132.998	69.361	81.693	11.028	270.837	0.010	0.100	99.900	2.602	11.725	干层	chang6
地308-61	2348.750	129.682	68.680	75.245	13.318	265.943	0.010	0.100	99.900	2.597	14.212	干层	chang6
地308-61	2348.875	126.390	67.986	72.080	15.291	263.221	0.010	0.100	99.900	2.591	15.896	干层	chang6
地308-61	2349.000	126.174	67.287	73.408	15.358	263.281	0.010	0.100	99.900	2.583	15.056	干层	chang6
地308-61	2349.125	128.708	66.584	77.837	13.582	264.952	0.010	0.100	99.900	2.579	12.755	干层	chang6
地308-61	2349.250	128.879	65.870	75.681	11.747	266.110	0.010	0.100	99.900	2.585	11.182	干层	chang6
地308-61	2349.375	127.269	65.141	73.596	10.846	265.723	0.010	0.100	99.900	2.598	10.658	干层	chang6
地308-61	2349.500	125.908	64.396	72.029	10.660	264.151	0.010	0.100	99.900	2.613	10.661	干层	chang6
地308-61	2349.625	126.557	63.639	74.209	10.705	262.206	0.010	0.100	99.900	2.622	10.729	干层	chang6
地308-61	2349.750	128.893	62.869	77.759	11.007	260.380	0.010	0.100	99.900	2.622	11.163	干层	chang6
地308-61	2349.875	130.043	62.081	78.138	11.984	258.234	0.010	0.100	99.900	2.618	12.445	干层	chang6
地308-61	2350.000	127.691	61.277	73.110	13.999	254.870	0.010	0.100	99.900	2.616	14.870	干层	chang6
地308-61	2350.125	120.143	60.462	61.438	16.646	249.874	0.010	0.100	99.900	2.619	17.641	干层	chang6
地308-61	2350.250	110.771	59.652	51.465	18.662	243.964	0.010	0.100	99.900	2.624	19.234	干层	chang6
地308-61	2350.375	103.597	58.861	24.861	19.008	238.762	0.960	12.831	71.032	2.625	18.880	干层	chang6
地308-61	2350.500	100.952	58.094	24.232	18.125	235.331	0.843	12.456	75.215	2.621	17.702	干层	chang6
地308-61	2350.625	100.883	57.349	24.198	17.378	233.350	0.780	12.239	77.453	2.614	17.196	干层	chang6
地308-61	2350.750	99.966	56.619	23.263	17.659	231.352	0.697	11.931	77.528	2.611	17.919	干层	chang6
地308-61	2350.875	96.331	55.894	20.911	18.744	228.219	0.577	11.429	77.648	2.609	19.207	干层	chang6
地308-61	2351.000	91.597	55.162	18.624	19.920	223.947	0.448	10.790	79.247	2.605	20.320	干层	chang6
地308-61	2248.125--2351.000(平均)	105.496	62.272	47.953	22.627	238.336	0.172	3.293	85.635	2.577	22.628		
地308-61	2248.125--2351.000(最大)	196.270	73.382	99.900	104.348	306.464	2.468	13.701	99.900	2.676	105.097		
地308-61	2248.125--2351.000(最小)	58.858	35.399	7.237	5.949	189.857	0.010	0.100	33.616	2.298	5.899		
