井名	深度	GR	SP	SH	SS	IR4A	AC	PERM2024	PERM	POR2024	POR	SW	SW2024	DEN	RT	解释结论	层位
地92-95	2224.625	136.395	81.016	65.052	34.948	10.338	235.189	0.000	0.010	0.000	0.100	99.900	0.000	2.621	10.309		
地92-95	2224.750	116.865	80.993	46.893	53.107	10.296	230.675	0.000	0.010	0.000	0.100	99.900	0.000	2.622	10.254		
地92-95	2224.875	100.570	80.983	35.726	64.274	10.235	226.440	0.000	0.010	0.000	0.100	99.900	0.000	2.625	10.182		
地92-95	2225.000	89.443	80.986	33.220	66.780	10.157	223.822	0.000	0.010	0.000	0.100	99.900	0.000	2.630	10.125		
地92-95	2225.125	90.283	80.995	37.681	62.319	10.110	223.695	0.000	0.010	0.000	0.100	99.900	0.000	2.636	10.081		
地92-95	2225.250	97.879	81.008	45.919	54.081	10.068	225.184	0.000	0.010	0.000	0.100	99.900	0.000	2.643	10.098		
地92-95	2225.375	108.095	81.017	55.983	44.017	10.114	227.496	0.000	0.010	0.000	0.100	99.900	0.000	2.647	10.129		
地92-95	2225.500	118.455	81.024	66.757	33.243	10.136	230.206	0.000	0.010	0.000	0.100	99.900	0.000	2.648	10.014		
地92-95	2225.625	128.095	81.032	78.885	21.115	9.953	233.610	0.000	0.010	0.000	0.100	99.900	0.000	2.642	9.782		
地92-95	2225.750	138.122	81.037	94.001	5.999	9.702	238.187	0.000	0.010	0.000	0.100	99.900	0.000	2.627	9.384		
地92-95	2225.875	151.066	81.035	99.900	0.100	9.232	244.173	0.000	0.010	0.000	0.100	99.900	0.000	2.604	9.044		
地92-95	2226.000	163.390	81.026	99.900	0.100	8.961	251.089	0.000	0.010	0.000	0.100	99.900	0.000	2.576	8.849		长4+5!1^(1_1)
地92-95	2226.125	177.623	81.006	99.900	0.100	8.799	257.403	0.000	0.010	0.000	0.100	99.900	0.000	2.550	8.705		长4+5!1^(1_1)
地92-95	2226.250	188.928	80.977	99.900	0.100	8.663	261.545	0.000	0.010	0.000	0.100	99.900	0.000	2.531	8.647		长4+5!1^(1_1)
地92-95	2226.375	187.369	80.939	99.900	0.100	8.642	262.677	0.000	0.010	0.000	0.100	99.900	0.000	2.523	8.757		长4+5!1^(1_1)
地92-95	2226.500	173.470	80.892	99.900	0.100	8.815	261.067	0.000	0.010	0.000	0.100	99.900	0.000	2.528	9.030		长4+5!1^(1_1)
地92-95	2226.625	155.871	80.837	90.997	9.003	9.133	258.283	0.000	0.010	0.000	0.100	99.900	0.000	2.543	9.152		长4+5!1^(1_1)
地92-95	2226.750	141.032	80.776	77.635	22.365	9.155	256.663	0.000	0.010	0.000	0.100	99.900	0.000	2.560	9.048		长4+5!1^(1_1)
地92-95	2226.875	130.797	80.713	69.306	30.694	8.995	257.167	0.000	0.010	0.000	0.100	99.900	0.000	2.571	8.943		长4+5!1^(1_1)
地92-95	2227.000	125.820	80.650	67.317	32.683	8.920	258.996	0.000	0.010	0.000	0.100	99.900	0.000	2.571	9.054		长4+5!1^(1_1)
地92-95	2227.125	125.681	80.589	64.105	35.895	9.122	259.453	0.000	0.010	0.000	0.100	99.900	0.000	2.561	9.434		长4+5!1^(1_1)
地92-95	2227.250	121.412	80.535	56.415	43.585	9.584	256.557	0.000	0.010	0.000	0.100	99.900	0.000	2.550	9.808		长4+5!1^(1_1)
地92-95	2227.375	112.873	80.491	45.790	54.210	9.909	250.140	0.000	0.010	0.000	0.100	99.900	0.000	2.545	10.109		长4+5!1^(1_1)
地92-95	2227.500	100.737	80.460	36.985	63.015	10.201	241.709	0.000	0.010	0.000	0.100	99.900	0.000	2.554	10.394		长4+5!1^(1_1)
地92-95	2227.625	91.696	80.447	33.201	66.799	10.483	233.852	0.000	0.010	0.000	0.100	99.900	0.000	2.576	10.584		长4+5!1^(1_1)
地92-95	2227.750	89.084	80.456	34.242	65.758	10.628	228.263	0.000	0.010	0.000	0.100	99.900	0.000	2.602	10.712		长4+5!1^(1_1)
地92-95	2227.875	92.230	80.487	36.077	63.923	10.751	225.292	0.000	0.010	0.000	0.100	99.900	0.000	2.623	10.800		长4+5!1^(1_1)
地92-95	2228.000	94.035	80.544	34.912	65.088	10.821	224.450	0.000	0.010	0.000	0.100	99.900	0.000	2.635	10.864		长4+5!1^(1_1)
地92-95	2228.125	90.975	80.631	33.023	66.977	10.883	224.925	0.000	0.010	0.000	0.100	99.900	0.000	2.637	10.964		长4+5!1^(1_1)
地92-95	2228.250	88.977	80.749	32.548	67.452	11.003	225.510	0.000	0.010	0.000	0.100	99.900	0.000	2.635	11.108		长4+5!1^(1_1)
地92-95	2228.375	89.014	80.896	32.642	67.358	11.157	225.509	0.000	0.010	0.000	0.100	99.900	0.000	2.633	11.243		长4+5!1^(1_1)
地92-95	2228.500	89.136	81.073	32.533	67.467	11.282	224.703	0.000	0.010	0.000	0.100	99.900	0.000	2.632	11.412		长4+5!1^(1_1)
地92-95	2228.625	88.862	81.282	30.497	69.503	11.474	223.338	0.000	0.010	0.000	0.100	99.900	0.000	2.632	11.607		长4+5!1^(1_1)
地92-95	2228.750	84.913	81.520	28.002	71.998	11.668	221.861	0.000	0.010	0.000	0.100	99.900	0.000	2.633	11.834		长4+5!1^(1_1)
地92-95	2228.875	81.802	81.784	27.837	72.163	11.912	220.239	0.000	0.010	0.000	0.100	99.900	0.000	2.634	12.145		长4+5!1^(1_1)
地92-95	2229.000	82.983	82.071	29.481	70.519	12.254	218.169	0.000	0.010	0.000	0.100	99.900	0.000	2.636	12.382		长4+5!1^(1_1)
地92-95	2229.125	85.724	82.380	31.476	68.524	12.437	215.506	0.000	0.010	0.000	0.100	99.900	0.000	2.640	12.431		长4+5!1^(1_1)
地92-95	2229.250	88.385	82.706	33.789	66.211	12.424	213.155	0.000	0.010	0.000	0.100	99.900	0.000	2.644	12.282		长4+5!1^(1_1)
地92-95	2229.375	91.602	83.045	36.073	63.927	12.212	212.566	0.000	0.010	0.000	0.100	99.900	0.000	2.648	11.983		长4+5!1^(1_1)
地92-95	2229.500	94.333	83.392	39.973	60.027	11.875	214.980	0.000	0.010	0.000	0.100	99.900	0.000	2.651	11.633		长4+5!1^(1_1)
地92-95	2229.625	100.013	83.743	46.310	53.690	11.520	220.737	0.000	0.010	0.000	0.100	99.900	0.000	2.653	11.416		长4+5!1^(1_1)
地92-95	2229.750	107.808	84.093	51.922	48.078	11.373	227.706	0.000	0.010	0.000	0.100	99.900	0.000	2.654	11.275		长4+5!1^(1_1)
地92-95	2229.875	112.795	84.438	54.942	45.058	11.230	234.207	0.000	0.010	0.000	0.100	99.900	0.000	2.653	11.013		长4+5!1^(1_1)
地92-95	2230.000	114.936	84.774	60.242	39.758	10.908	239.664	0.000	0.010	0.000	0.100	99.900	0.000	2.645	10.788		长4+5!1^(1_1)
地92-95	2230.125	121.399	85.094	69.375	30.625	10.736	244.908	0.000	0.010	0.000	0.100	99.900	0.000	2.626	10.503		长4+5!1^(1_1)
地92-95	2230.250	130.087	85.396	79.452	20.548	10.391	251.085	0.000	0.010	0.000	0.100	99.900	0.000	2.597	10.204		长4+5!1^(1_1)
地92-95	2230.375	137.887	85.676	88.809	11.191	10.119	258.220	0.000	0.010	0.000	0.100	99.900	0.000	2.563	9.996		长4+5!1^(1_1)
地92-95	2230.500	144.400	85.931	96.826	3.174	9.941	265.358	0.000	0.010	0.000	0.100	99.900	0.000	2.532	9.767		长4+5!1^(1_1)
地92-95	2230.625	149.464	86.155	99.758	0.242	9.685	271.211	0.000	0.010	0.000	0.100	99.900	0.000	2.515	9.583		长4+5!1^(1_1)
地92-95	2230.750	155.094	86.346	99.900	0.100	9.538	275.976	0.000	0.010	0.000	0.100	99.900	0.000	2.513	9.500		长4+5!1^(1_1)
地92-95	2230.875	165.623	86.503	99.900	0.100	9.485	280.557	0.000	0.010	0.000	0.100	99.900	0.000	2.521	9.685		长4+5!1^(1_1)
地92-95	2231.000	180.274	86.623	99.900	0.100	9.784	285.628	0.000	0.010	0.000	0.100	99.900	0.000	2.531	9.950		长4+5!1^(1_1)
地92-95	2231.125	191.676	86.701	99.900	0.100	10.024	290.562	0.000	0.010	0.000	0.100	99.900	0.000	2.535	10.147		长4+5!1^(1_1)
地92-95	2231.250	190.135	86.734	99.900	0.100	10.202	293.647	0.000	0.010	0.000	0.100	99.900	0.000	2.530	10.265		长4+5!1^(1_1)
地92-95	2231.375	176.889	86.724	99.900	0.100	10.292	293.598	0.000	0.010	0.000	0.100	99.900	0.000	2.521	10.435		长4+5!1^(1_1)
地92-95	2231.500	158.991	86.668	92.803	7.197	10.503	290.406	0.000	0.010	0.000	0.100	99.900	0.000	2.510	10.806		长4+5!1^(1_1)
地92-95	2231.625	143.100	86.560	79.891	20.109	10.951	285.440	0.000	0.010	0.000	0.100	99.900	0.000	2.499	10.994		长4+5!1^(1_1)
地92-95	2231.750	132.381	86.399	69.738	30.262	11.006	280.921	0.000	0.010	0.000	0.100	99.900	0.000	2.490	11.414		长4+5!1^(1_1)
地92-95	2231.875	125.546	86.188	67.951	32.049	11.615	277.644	0.000	0.010	0.000	0.100	99.900	0.000	2.482	11.893		长4+5!1^(1_1)
地92-95	2232.000	126.664	85.923	73.701	26.299	12.017	274.987	0.000	0.010	0.000	0.100	99.900	0.000	2.481	12.027		长4+5!1^(1_1)
地92-95	2232.125	132.999	85.598	74.769	25.231	12.024	271.107	0.000	0.010	0.000	0.100	99.900	0.000	2.492	12.022		长4+5!1^(1_1)
地92-95	2232.250	131.120	85.214	64.440	35.560	12.020	265.291	0.000	0.010	0.000	0.100	99.900	0.000	2.517	11.812		长4+5!1^(1_1)
地92-95	2232.375	118.938	84.773	51.510	48.490	11.709	258.779	0.000	0.010	0.000	0.100	99.900	0.000	2.552	11.772		长4+5!1^(1_1)
地92-95	2232.500	106.862	84.274	47.505	52.495	11.810	254.568	0.000	0.010	0.000	0.100	99.900	0.000	2.589	11.952		长4+5!1^(1_1)
地92-95	2232.625	106.852	83.711	53.913	46.087	12.019	257.056	0.000	0.010	0.000	0.100	99.900	0.000	2.614	12.120		长4+5!1^(1_1)
地92-95	2232.750	116.265	83.086	66.052	33.948	12.166	265.934	0.000	0.010	0.000	0.100	99.900	0.000	2.619	12.124		长4+5!1^(1_1)
地92-95	2232.875	128.173	82.403	80.483	19.517	12.100	277.912	0.000	0.010	0.000	0.100	99.900	0.000	2.603	11.794		长4+5!1^(1_1)
地92-95	2233.000	139.796	81.663	87.566	12.434	11.645	287.652	0.000	0.010	0.000	0.100	99.900	0.000	2.573	11.495		长4+5!1^(1_1)
地92-95	2233.125	142.127	80.863	81.975	18.025	11.430	289.132	0.000	0.010	0.000	0.100	99.900	0.000	2.543	11.339		长4+5!1^(1_1)
地92-95	2233.250	134.951	80.006	70.583	29.417	11.298	282.670	0.000	0.010	0.000	0.100	99.900	0.000	2.529	11.320		长4+5!1^(1_1)
地92-95	2233.375	125.164	79.100	59.594	40.406	11.334	271.144	0.000	0.010	0.000	0.100	99.900	0.000	2.537	11.502		长4+5!1^(1_1)
地92-95	2233.500	115.606	78.148	49.101	50.899	11.584	258.536	0.000	0.010	0.000	0.100	99.900	0.000	2.565	11.761		长4+5!1^(1_1)
地92-95	2233.625	104.771	77.150	31.091	68.909	11.843	248.467	0.240	1.605	9.438	8.315	74.127	0.551	2.604	11.956		长4+5!1^(1_2)
地92-95	2233.750	99.221	76.113	22.180	77.820	12.007	241.566	0.224	2.289	9.296	12.662	60.477	0.546	2.636	12.109	差油层	长4+5!1^(1_2)
地92-95	2233.875	96.636	75.045	20.563	79.437	12.156	237.250	0.205	2.054	9.115	12.358	61.246	0.540	2.652	12.300	差油层	长4+5!1^(1_2)
地92-95	2234.000	92.962	73.952	18.952	81.048	12.367	234.643	0.217	1.930	9.226	12.186	61.623	0.535	2.649	12.439	差油层	长4+5!1^(1_2)
地92-95	2234.125	89.108	72.837	17.810	82.190	12.470	233.249	0.245	1.871	9.482	12.101	61.466	0.528	2.629	12.653	差油层	长4+5!1^(1_2)
地92-95	2234.250	86.657	71.709	16.900	83.100	12.741	232.592	0.269	1.851	9.668	12.071	60.988	0.520	2.605	12.906	差油层	长4+5!1^(1_2)
地92-95	2234.375	84.070	70.575	16.085	83.915	12.981	232.438	0.305	1.850	9.921	12.070	60.105	0.509	2.586	13.291	差油层	长4+5!1^(1_2)
地92-95	2234.500	81.782	69.441	15.878	84.122	13.439	232.497	0.343	1.849	10.165	12.068	58.852	0.492	2.576	13.868	差油层	长4+5!1^(1_2)
地92-95	2234.625	82.000	68.312	16.366	83.634	14.071	232.436	0.339	1.835	10.136	12.047	57.785	0.478	2.575	14.426	差油层	长4+5!1^(1_2)
地92-95	2234.750	84.088	67.196	16.750	83.250	14.587	232.143	0.300	1.810	9.889	12.009	56.922	0.466	2.580	14.946	差油层	长4+5!1^(1_2)
地92-95	2234.875	84.872	66.097	16.802	83.198	15.112	231.705	0.282	1.782	9.761	11.968	55.967	0.452	2.584	15.552	差油层	长4+5!1^(1_2)
地92-95	2235.000	84.918	65.018	17.458	82.542	15.757	231.290	0.275	1.762	9.713	11.936	55.223	0.442	2.584	16.042	差油层	长4+5!1^(1_2)
地92-95	2235.125	87.861	63.965	18.177	81.823	16.169	231.006	0.233	1.746	9.378	11.912	54.464	0.432	2.579	16.552	差油层	长4+5!1^(1_2)
地92-95	2235.250	89.499	62.943	18.300	81.700	16.733	230.764	0.212	1.729	9.182	11.885	53.789	0.423	2.571	17.032	差油层	长4+5!1^(1_2)
地92-95	2235.375	89.350	61.949	18.621	81.379	17.167	230.478	0.210	1.710	9.168	11.856	53.279	0.416	2.562	17.432	差油层	长4+5!1^(1_2)
地92-95	2235.500	90.916	60.988	19.154	80.846	17.553	230.167	0.191	1.695	8.972	11.832	52.583	0.407	2.552	17.959	差油层	长4+5!1^(1_2)
地92-95	2235.625	92.391	60.062	18.968	81.032	18.151	229.954	0.175	1.686	8.797	11.818	51.677	0.396	2.543	18.633	差油层	长4+5!1^(1_2)
地92-95	2235.750	90.973	59.171	18.592	81.408	18.859	229.835	0.187	1.675	8.932	11.800	50.895	0.386	2.535	19.256	差油层	长4+5!1^(1_2)
地92-95	2235.875	90.271	58.314	18.183	81.817	19.438	229.625	0.192	1.648	8.983	11.757	50.141	0.376	2.529	19.965	差油层	长4+5!1^(1_2)
地92-95	2236.000	89.082	57.489	17.999	82.001	20.214	229.064	0.198	1.591	9.048	11.662	49.691	0.367	2.527	20.605	差油层	长4+5!1^(1_2)
地92-95	2236.125	89.324	56.700	17.119	82.881	20.781	227.893	0.185	1.505	8.901	11.515	49.235	0.357	2.530	21.447	差油层	长4+5!1^(1_2)
地92-95	2236.250	86.039	55.944	15.545	84.455	21.764	226.221	0.200	1.400	9.069	11.328	48.728	0.344	2.537	22.512	差油层	长4+5!1^(1_2)
地92-95	2236.375	81.596	55.220	14.119	85.881	22.860	224.170	0.226	1.286	9.317	11.111	48.613	0.334	2.547	23.364	差油层	长4+5!1^(1_2)
地92-95	2236.500	78.187	54.525	12.536	87.464	23.589	221.853	0.239	1.169	9.430	10.872	48.565	0.324	2.556	24.289	差油层	长4+5!1^(1_2)
地92-95	2236.625	73.185	53.863	10.818	89.182	24.620	219.317	0.000	1.053	0.000	10.617	48.552	0.000	2.563	25.294	差油层	长4+5!1^(1_2)
地92-95	2236.750	67.988	53.233	12.917	87.083	25.605	216.652	0.000	0.370	0.000	3.846	81.453	0.000	2.567	26.157		长4+5!1^(1_2)
地92-95	2236.875	61.435	52.631	12.428	87.572	26.408	213.990	0.000	0.010	0.000	0.100	99.900	0.000	2.569	27.046		长4+5!1^(1_2)
地92-95	2237.000	55.524	52.059	11.089	88.911	27.344	211.607	0.000	0.010	0.000	0.100	99.900	0.000	2.570	27.767		长4+5!1^(1_2)
地92-95	2237.125	54.654	51.518	11.778	88.222	27.956	210.126	0.000	0.010	0.000	0.100	99.900	0.000	2.571	28.457		长4+5!1^(1_2)
地92-95	2237.250	56.953	51.009	12.044	87.956	28.691	209.939	0.000	0.010	0.000	0.100	99.900	0.000	2.570	28.944		长4+5!1^(1_2)
地92-95	2237.375	56.523	50.528	11.392	88.608	29.053	211.265	0.000	0.010	0.000	0.100	99.900	0.000	2.566	29.032		长4+5!1^(1_2)
地92-95	2237.500	54.922	50.077	9.003	90.997	29.014	213.956	0.525	0.681	11.028	6.845	65.276	0.286	2.560	28.557		长4+5!1^(1_2)
地92-95	2237.625	58.345	49.659	9.121	90.879	28.333	217.459	0.527	1.152	11.037	10.834	45.242	0.289	2.550	28.153	油层	长4+5!1^(1_2)
地92-95	2237.750	64.915	49.271	11.045	88.955	28.079	220.781	0.446	1.282	10.699	11.102	44.519	0.292	2.541	27.897	油层	长4+5!1^(1_2)
地92-95	2237.875	70.898	48.913	11.600	88.400	27.811	223.271	0.374	1.369	10.336	11.270	44.043	0.293	2.534	27.785	油层	长4+5!1^(1_2)
地92-95	2238.000	70.185	48.584	10.382	89.618	27.778	224.651	0.416	1.402	10.554	11.332	43.886	0.293	2.532	27.725	油层	长4+5!1^(1_2)
地92-95	2238.125	63.951	48.286	9.484	90.516	27.699	224.948	0.580	1.397	11.234	11.324	43.772	0.291	2.534	27.906	油层	长4+5!1^(1_2)
地92-95	2238.250	62.358	48.017	9.590	90.410	28.009	224.693	0.622	1.372	11.373	11.277	43.535	0.287	2.538	28.410	油层	长4+5!1^(1_2)
地92-95	2238.375	63.823	47.773	9.563	90.437	28.601	224.107	0.560	1.328	11.160	11.194	43.531	0.285	2.542	28.769	油层	长4+5!1^(1_2)
地92-95	2238.500	63.250	47.555	8.723	91.277	28.840	223.131	0.548	1.258	11.117	11.056	43.565	0.281	2.543	29.336	油层	长4+5!1^(1_2)
地92-95	2238.625	59.435	47.362	7.526	92.474	29.576	221.491	0.613	1.169	11.343	10.873	43.833	0.277	2.543	29.806	油层	长4+5!1^(1_2)
地92-95	2238.750	55.186	47.191	6.552	93.448	29.904	219.494	0.687	1.093	11.577	10.709	44.291	0.276	2.545	29.952	油层	长4+5!1^(1_2)
地92-95	2238.875	52.075	47.041	6.452	93.548	29.969	217.959	0.745	1.073	11.741	10.663	44.527	0.277	2.551	29.846	油层	长4+5!1^(1_2)
地92-95	2239.000	53.178	46.908	7.893	92.107	29.784	218.012	0.706	1.158	11.632	10.847	44.079	0.278	2.559	29.594	油层	长4+5!1^(1_2)
地92-95	2239.125	60.372	46.793	9.881	90.119	29.505	220.785	0.563	1.355	11.172	11.237	43.169	0.282	2.568	29.078	油层	长4+5!1^(1_2)
地92-95	2239.250	66.303	46.694	10.753	89.247	28.874	225.363	0.526	1.614	11.032	11.694	42.221	0.287	2.573	28.423	油层	长4+5!1^(1_2)
地92-95	2239.375	66.202	46.608	10.427	89.573	28.214	230.092	0.673	1.831	11.536	12.040	41.586	0.291	2.571	27.882	油层	长4+5!1^(1_2)
地92-95	2239.500	63.136	46.535	10.230	89.770	27.732	233.080	0.918	1.876	12.166	12.108	41.641	0.293	2.562	27.542	油层	长4+5!1^(1_2)
地92-95	2239.625	63.368	46.474	10.427	89.573	27.458	232.690	0.889	1.743	12.101	11.904	42.421	0.295	2.548	27.315	油层	长4+5!1^(1_2)
地92-95	2239.750	65.116	46.424	10.245	89.755	27.250	229.822	0.702	1.530	11.620	11.554	43.579	0.296	2.535	27.223	油层	长4+5!1^(1_2)
地92-95	2239.875	64.762	46.385	9.084	90.916	27.214	225.902	0.585	1.331	11.249	11.195	44.746	0.297	2.526	27.234	油层	长4+5!1^(1_2)
地92-95	2240.000	60.097	46.356	7.349	92.651	27.245	222.322	0.618	1.193	11.361	10.923	45.543	0.295	2.522	27.397	油层	长4+5!1^(1_2)
地92-95	2240.125	53.539	46.340	6.014	93.986	27.471	219.899	0.763	1.105	11.791	10.735	45.973	0.293	2.524	27.684	油层	长4+5!1^(1_2)
地92-95	2240.250	49.419	46.335	5.367	94.633	27.784	218.178	0.863	1.038	12.040	10.583	46.355	0.291	2.531	27.893	油层	长4+5!1^(1_2)
地92-95	2240.375	47.905	46.343	5.216	94.784	27.940	216.671	0.000	0.979	0.000	10.444	46.738	0.000	2.540	28.058	油层	长4+5!1^(1_2)
地92-95	2240.500	48.217	46.365	7.346	92.654	28.113	215.266	0.000	0.351	0.000	3.800	80.842	0.000	2.551	27.948		长4+5!1^(1_2)
地92-95	2240.625	49.681	46.403	9.134	90.866	27.863	214.472	0.000	0.010	0.000	0.100	99.900	0.000	2.561	27.689		长4+5!1^(1_2)
地92-95	2240.750	51.557	46.457	7.841	92.159	27.609	214.674	0.646	0.636	11.453	6.741	66.194	0.295	2.571	27.415		长4+5!1^(1_3)
地92-95	2240.875	55.164	46.530	7.401	92.599	27.325	215.882	0.572	1.037	11.203	10.580	47.065	0.298	2.578	27.075	油层	长4+5!1^(1_3)
地92-95	2241.000	57.677	46.622	7.937	92.063	26.958	217.686	0.552	1.114	11.130	10.754	46.818	0.302	2.584	26.616	油层	长4+5!1^(1_3)
地92-95	2241.125	58.903	46.737	8.474	91.525	26.454	219.474	0.568	1.184	11.189	10.906	46.551	0.304	2.586	26.292	油层	长4+5!1^(1_3)
地92-95	2241.250	60.793	46.876	9.277	90.723	26.223	220.924	0.555	1.244	11.143	11.029	46.367	0.307	2.583	26.005	油层	长4+5!1^(1_3)
地92-95	2241.375	63.850	47.040	9.886	90.114	25.902	222.107	0.505	1.300	10.948	11.140	46.219	0.310	2.577	25.732	油层	长4+5!1^(1_3)
地92-95	2241.500	65.215	47.230	10.139	89.861	25.655	223.238	0.499	1.361	10.924	11.256	46.060	0.312	2.566	25.458	油层	长4+5!1^(1_3)
地92-95	2241.625	65.452	47.450	10.381	89.619	25.366	224.480	0.525	1.429	11.029	11.381	45.884	0.315	2.554	25.180	油层	长4+5!1^(1_3)
地92-95	2241.750	66.118	47.701	10.566	89.434	25.094	225.790	0.543	1.498	11.096	11.505	45.599	0.316	2.543	25.037	油层	长4+5!1^(1_3)
地92-95	2241.875	66.233	47.983	10.731	89.269	25.014	227.039	0.575	1.559	11.214	11.610	45.321	0.317	2.535	24.958	油层	长4+5!1^(1_3)
地92-95	2242.000	66.606	48.296	10.848	89.152	24.932	228.042	0.594	1.596	11.280	11.671	45.310	0.318	2.531	24.750	油层	长4+5!1^(1_3)
地92-95	2242.125	66.772	48.643	10.959	89.041	24.662	228.492	0.603	1.597	11.310	11.674	45.428	0.320	2.531	24.611	油层	长4+5!1^(1_3)
地92-95	2242.250	67.267	49.025	10.912	89.088	24.592	228.325	0.582	1.566	11.241	11.620	45.661	0.320	2.534	24.550	油层	长4+5!1^(1_3)
地92-95	2242.375	66.998	49.438	10.564	89.436	24.531	227.599	0.569	1.511	11.193	11.527	45.979	0.321	2.537	24.544	油层	长4+5!1^(1_3)
地92-95	2242.500	65.705	49.882	9.760	90.240	24.552	226.530	0.576	1.453	11.216	11.425	46.225	0.319	2.541	24.649	油层	长4+5!1^(1_3)
地92-95	2242.625	62.443	50.359	8.897	91.103	24.696	225.501	0.645	1.414	11.448	11.354	46.513	0.320	2.545	24.603	油层	长4+5!1^(1_3)
地92-95	2242.750	59.602	50.865	8.417	91.583	24.554	224.912	0.724	1.409	11.682	11.346	46.762	0.322	2.549	24.370	油层	长4+5!1^(1_3)
地92-95	2242.875	58.295	51.395	8.855	91.145	24.283	225.070	0.780	1.452	11.835	11.422	46.863	0.325	2.551	23.995	油层	长4+5!1^(1_3)
地92-95	2243.000	61.070	51.948	11.380	88.620	23.858	226.145	0.715	1.547	11.658	11.587	46.977	0.333	2.551	23.310	油层	长4+5!1^(1_3)
地92-95	2243.125	72.335	52.520	15.672	84.328	23.048	228.140	0.445	1.678	10.694	11.802	46.720	0.339	2.548	22.844	油层	长4+5!1^(1_3)
地92-95	2243.250	86.231	53.106	18.481	81.519	22.761	230.450	0.246	1.810	9.489	12.008	46.513	0.345	2.542	22.385	油层	长4+5!1^(1_3)
地92-95	2243.375	90.879	53.700	18.204	81.796	22.205	232.475	0.216	1.907	9.217	12.153	46.438	0.350	2.535	22.006	油层	长4+5!1^(1_3)
地92-95	2243.500	87.026	54.297	16.543	83.457	21.919	233.708	0.280	1.933	9.746	12.191	46.578	0.352	2.530	21.760	油层	长4+5!1^(1_3)
地92-95	2243.625	81.814	54.891	14.992	85.008	21.687	233.696	0.365	1.881	10.287	12.115	47.066	0.354	2.529	21.536	油层	长4+5!1^(1_3)
地92-95	2243.750	77.796	55.475	14.116	85.884	21.466	232.570	0.423	1.765	10.588	11.940	47.756	0.355	2.535	21.439	油层	长4+5!1^(1_3)
地92-95	2243.875	76.460	56.045	14.744	85.256	21.430	230.456	0.406	1.607	10.506	11.687	48.789	0.357	2.546	21.301	油层	长4+5!1^(1_3)
地92-95	2244.000	81.073	56.596	16.728	83.272	21.238	227.619	0.277	1.440	9.731	11.399	49.810	0.357	2.563	21.315	油水同层	长4+5!1^(1_3)
地92-95	2244.125	88.771	57.118	18.914	81.086	21.357	224.598	0.160	1.301	8.615	11.140	50.769	0.358	2.583	21.329	油水同层	长4+5!1^(1_3)
地92-95	2244.250	95.295	57.610	20.064	79.936	21.313	222.100	0.101	1.211	7.676	10.961	51.509	0.360	2.603	21.293	油水同层	长4+5!1^(1_3)
地92-95	2244.375	97.565	58.068	19.797	80.203	21.285	220.562	0.083	1.172	7.280	10.880	51.860	0.360	2.619	21.268	油水同层	长4+5!1^(2_1)
地92-95	2244.500	95.822	58.489	18.471	81.529	21.260	220.058	0.089	1.175	7.409	10.886	51.830	0.360	2.629	21.271	油水同层	长4+5!1^(2_1)
地92-95	2244.625	91.315	58.869	16.514	83.486	21.277	220.386	0.114	1.200	7.912	10.939	51.503	0.358	2.629	21.370	油水同层	长4+5!1^(2_1)
地92-95	2244.750	84.996	59.206	14.317	85.683	21.416	221.010	0.162	1.231	8.634	11.003	51.031	0.356	2.621	21.553	油水同层	长4+5!1^(2_1)
地92-95	2244.875	77.892	59.504	12.423	87.577	21.618	221.686	0.241	1.264	9.444	11.069	50.580	0.353	2.608	21.718	油水同层	长4+5!1^(2_1)
地92-95	2245.000	71.991	59.764	11.402	88.598	21.763	222.372	0.337	1.301	10.129	11.142	50.079	0.350	2.594	21.911	油水同层	长4+5!1^(2_1)
地92-95	2245.125	69.421	59.982	11.384	88.616	21.981	223.154	0.400	1.344	10.478	11.225	49.668	0.348	2.582	21.998	油水同层	长4+5!1^(2_1)
地92-95	2245.250	70.174	60.164	11.839	88.161	22.001	224.042	0.403	1.391	10.492	11.312	49.229	0.347	2.575	22.100	油水同层	长4+5!1^(2_1)
地92-95	2245.375	71.685	60.314	12.252	87.748	22.148	224.951	0.391	1.435	10.430	11.392	48.833	0.346	2.573	22.194	油水同层	长4+5!1^(2_1)
地92-95	2245.500	72.668	60.437	12.652	87.348	22.214	225.733	0.387	1.465	10.409	11.446	48.495	0.345	2.573	22.326	油水同层	长4+5!1^(2_1)
地92-95	2245.625	73.953	60.532	12.846	87.154	22.380	226.181	0.371	1.476	10.322	11.466	48.185	0.342	2.574	22.547	油水同层	长4+5!1^(2_1)
地92-95	2245.750	74.186	60.606	12.822	87.178	22.626	226.275	0.368	1.471	10.307	11.457	48.021	0.340	2.573	22.731	油水同层	长4+5!1^(2_1)
地92-95	2245.875	74.016	60.664	12.699	87.301	22.777	226.100	0.368	1.459	10.307	11.435	47.916	0.338	2.569	22.907	油水同层	长4+5!1^(2_1)
地92-95	2246.000	73.598	60.708	12.575	87.425	22.968	225.844	0.371	1.450	10.324	11.420	47.951	0.338	2.562	22.923	油水同层	长4+5!1^(2_1)
地92-95	2246.125	73.259	60.741	12.629	87.371	22.897	225.746	0.376	1.453	10.349	11.426	47.985	0.339	2.555	22.872	油水同层	长4+5!1^(2_1)
地92-95	2246.250	73.668	60.767	12.913	87.087	22.862	225.873	0.370	1.466	10.319	11.448	47.882	0.338	2.548	22.894	油水同层	长4+5!1^(2_1)
地92-95	2246.375	74.754	60.788	12.917	87.083	22.911	226.153	0.356	1.482	10.236	11.477	47.817	0.339	2.544	22.860	油水同层	长4+5!1^(2_1)
地92-95	2246.500	74.099	60.806	12.104	87.896	22.833	226.453	0.373	1.497	10.335	11.502	47.721	0.339	2.542	22.868	油水同层	长4+5!1^(2_1)
地92-95	2246.625	70.280	60.821	11.632	88.368	22.887	226.690	0.459	1.511	10.757	11.527	47.689	0.339	2.541	22.816	油水同层	长4+5!1^(2_1)
地92-95	2246.750	69.750	60.835	12.255	87.745	22.779	226.954	0.478	1.532	10.840	11.563	47.619	0.339	2.540	22.763	油水同层	长4+5!1^(2_1)
地92-95	2246.875	72.922	60.847	13.624	86.376	22.757	227.380	0.416	1.565	10.554	11.618	47.644	0.342	2.539	22.555	油水同层	长4+5!1^(2_1)
地92-95	2247.000	77.728	60.858	14.914	85.086	22.456	228.026	0.336	1.608	10.121	11.691	47.704	0.346	2.536	22.263	油水同层	长4+5!1^(2_1)
地92-95	2247.125	81.090	60.867	15.271	84.729	22.174	228.823	0.295	1.653	9.855	11.765	47.731	0.349	2.534	22.002	油水同层	长4+5!1^(2_1)
地92-95	2247.250	80.802	60.873	14.472	85.528	21.924	229.561	0.311	1.688	9.961	11.821	47.900	0.353	2.531	21.672	油水同层	长4+5!1^(2_1)
地92-95	2247.375	77.070	60.876	13.218	86.782	21.554	230.065	0.386	1.704	10.402	11.847	48.109	0.356	2.531	21.406	油水同层	长4+5!1^(2_1)
地92-95	2247.500	72.895	60.876	12.022	87.978	21.341	230.215	0.481	1.694	10.852	11.830	48.387	0.358	2.534	21.212	油水同层	长4+5!1^(2_1)
地92-95	2247.625	69.107	60.873	11.344	88.656	21.152	229.891	0.574	1.658	11.212	11.773	48.858	0.360	2.540	20.974	油水同层	长4+5!1^(2_1)
地92-95	2247.750	67.768	60.866	11.845	88.155	20.890	229.188	0.593	1.606	11.278	11.688	49.340	0.362	2.547	20.822	油水同层	长4+5!1^(2_1)
地92-95	2247.875	71.301	60.857	13.685	86.315	20.793	228.224	0.472	1.548	10.810	11.590	49.862	0.365	2.553	20.678	油水同层	长4+5!1^(2_1)
地92-95	2248.000	78.882	60.847	15.777	84.223	20.623	227.205	0.304	1.501	9.916	11.509	50.309	0.367	2.556	20.554	油水同层	长4+5!1^(2_1)
地92-95	2248.125	85.134	60.838	16.341	83.659	20.524	226.456	0.212	1.476	9.187	11.465	50.690	0.370	2.555	20.377	油水同层	长4+5!1^(2_1)
地92-95	2248.250	84.839	60.833	15.043	84.957	20.306	226.149	0.212	1.477	9.186	11.467	50.964	0.373	2.552	20.153	油水同层	长4+5!1^(2_1)
地92-95	2248.375	79.224	60.834	13.434	86.566	20.082	226.322	0.285	1.501	9.788	11.510	50.966	0.375	2.548	20.023	油水同层	长4+5!1^(2_1)
地92-95	2248.500	74.372	60.845	12.521	87.479	19.999	226.888	0.376	1.545	10.352	11.585	50.839	0.376	2.546	19.906	油水同层	长4+5!1^(2_1)
地92-95	2248.625	71.980	60.872	11.763	88.237	19.861	227.749	0.445	1.600	10.690	11.678	50.742	0.378	2.545	19.716	油水同层	长4+5!1^(2_1)
地92-95	2248.750	68.875	60.917	10.793	89.207	19.647	228.744	0.548	1.660	11.117	11.776	50.623	0.380	2.545	19.530	油水同层	长4+5!1^(2_1)
地92-95	2248.875	64.958	60.985	9.541	90.459	19.477	229.761	0.705	1.718	11.631	11.868	50.692	0.384	2.544	19.224	油水同层	长4+5!1^(2_1)
地92-95	2249.000	59.721	61.081	8.372	91.628	19.102	230.675	0.966	1.765	12.270	11.941	51.074	0.391	2.540	18.743	油水同层	长4+5!1^(2_1)
地92-95	2249.125	55.420	61.211	7.582	92.418	18.574	231.351	1.246	1.800	12.788	11.995	51.547	0.398	2.536	18.260	油水同层	长4+5!1^(2_1)
地92-95	2249.250	52.664	61.381	7.044	92.956	18.116	231.860	1.472	1.832	13.128	12.043	52.028	0.405	2.532	17.804	油水同层	长4+5!1^(2_1)
地92-95	2249.375	50.543	61.592	6.500	93.500	17.659	232.348	1.682	1.868	13.400	12.096	52.574	0.414	2.531	17.306	油水同层	长4+5!1^(2_1)
地92-95	2249.500	47.987	61.847	6.197	93.803	17.142	232.932	1.975	1.907	13.726	12.153	52.889	0.420	2.533	16.964	油水同层	长4+5!1^(2_1)
地92-95	2249.625	47.118	62.155	6.123	93.877	16.888	233.517	2.127	1.933	13.878	12.190	53.309	0.426	2.537	16.613	油水同层	长4+5!1^(2_1)
地92-95	2249.750	46.876	62.516	6.084	93.916	16.483	233.800	2.185	1.927	13.932	12.182	53.869	0.432	2.539	16.289	油水同层	长4+5!1^(2_1)
地92-95	2249.875	46.774	62.928	6.200	93.800	16.203	233.530	2.166	1.882	13.915	12.116	54.501	0.437	2.539	16.059	油水同层	长4+5!1^(2_1)
地92-95	2250.000	47.840	63.393	6.331	93.669	15.993	232.671	1.963	1.809	13.714	12.008	55.394	0.443	2.538	15.784	油水同层	长4+5!1^(2_1)
地92-95	2250.125	48.590	63.915	6.319	93.681	15.685	231.438	1.774	1.734	13.508	11.893	56.326	0.449	2.535	15.514	油水同层	长4+5!1^(2_1)
地92-95	2250.250	48.649	64.489	6.472	93.528	15.436	230.292	1.668	1.679	13.382	11.806	56.982	0.453	2.534	15.347	油水同层	长4+5!1^(2_1)
地92-95	2250.375	49.968	65.110	6.976	93.024	15.308	229.513	1.498	1.648	13.164	11.757	57.446	0.456	2.535	15.208	油水同层	长4+5!1^(2_1)
地92-95	2250.500	52.612	65.774	7.650	92.350	15.161	229.125	1.283	1.627	12.849	11.722	57.722	0.458	2.538	15.138	油水同层	长4+5!1^(2_1)
地92-95	2250.625	55.494	66.480	8.387	91.613	15.129	228.777	1.088	1.587	12.512	11.656	58.028	0.459	2.544	15.121	油水同层	长4+5!1^(2_1)
地92-95	2250.750	58.671	67.220	9.629	90.371	15.118	227.937	0.886	1.511	12.095	11.526	58.598	0.459	2.552	15.114	油水同层	长4+5!1^(2_1)
地92-95	2250.875	64.634	67.985	11.200	88.800	15.112	226.352	0.602	1.406	11.309	11.338	59.626	0.463	2.563	15.009	油水同层	长4+5!1^(2_1)
地92-95	2251.000	70.855	68.769	11.413	88.587	14.958	224.262	0.394	1.313	10.444	11.164	60.831	0.469	2.576	14.802	油水同层	长4+5!1^(2_1)
地92-95	2251.125	69.690	69.564	10.366	89.634	14.728	222.619	0.384	1.276	10.394	11.093	61.727	0.475	2.587	14.530	油水同层	长4+5!1^(2_1)
地92-95	2251.250	65.195	70.362	9.919	90.081	14.438	222.326	0.476	1.318	10.831	11.174	61.983	0.482	2.594	14.234	油水同层	长4+5!1^(2_1)
地92-95	2251.375	64.748	71.156	11.021	88.979	14.139	223.696	0.523	1.436	11.020	11.392	61.708	0.490	2.595	13.902	油水同层	长4+5!1^(2_1)
地92-95	2251.500	69.761	71.937	13.908	86.092	13.791	226.335	0.463	1.603	10.774	11.679	61.063	0.498	2.592	13.613	油水同层	长4+5!1^(2_1)
地92-95	2251.625	80.160	72.698	17.324	82.676	13.532	229.432	0.000	1.787	0.000	11.972	60.745	0.000	2.589	13.193	油水同层	长4+5!1^(2_1)
地92-95	2251.750	89.108	73.433	29.888	70.112	13.031	232.404	0.000	0.673	0.000	4.404	85.821	0.000	2.589	12.719		长4+5!1^(2_1)
地92-95	2251.875	93.542	74.140	38.255	61.745	12.576	235.399	0.000	0.010	0.000	0.100	99.900	0.000	2.594	12.221		长4+5!1^(2_1)
地92-95	2252.000	97.343	74.813	42.857	57.143	12.056	238.800	0.000	0.010	0.000	0.100	99.900	0.000	2.604	11.817		长4+5!1^(2_1)
地92-95	2252.125	103.483	75.449	48.024	51.976	11.711	242.615	0.000	0.010	0.000	0.100	99.900	0.000	2.615	11.625		长4+5!1^(2_1)
地92-95	2252.250	108.903	76.047	51.003	48.997	11.590	245.907	0.000	0.010	0.000	0.100	99.900	0.000	2.627	11.589		长4+5!1^(2_1)
地92-95	2252.375	110.945	76.610	50.810	49.190	11.591	247.512	0.000	0.010	0.000	0.100	99.900	0.000	2.637	11.641		长4+5!1^(2_2)
地92-95	2252.500	109.718	77.140	45.235	54.765	11.665	246.613	0.000	0.010	0.000	0.100	99.900	0.000	2.644	11.753		长4+5!1^(2_2)
地92-95	2252.625	101.383	77.638	33.670	66.330	11.795	243.025	0.000	0.010	0.000	0.100	99.900	0.000	2.646	11.835		长4+5!1^(2_2)
地92-95	2252.750	84.621	78.108	20.963	79.037	11.851	238.445	0.000	0.010	0.000	0.100	99.900	0.000	2.641	11.882		长4+5!1^(2_2)
地92-95	2252.875	65.753	78.557	12.900	87.100	11.896	234.620	0.000	0.010	0.000	0.100	99.900	0.000	2.627	11.798		长4+5!1^(2_2)
地92-95	2253.000	54.824	78.991	10.726	89.274	11.748	233.088	0.000	0.010	0.000	0.100	99.900	0.000	2.607	11.691		长4+5!1^(2_2)
地92-95	2253.125	54.040	79.414	12.396	87.604	11.666	235.019	0.000	0.010	0.000	0.100	99.900	0.000	2.584	11.534		长4+5!1^(2_2)
地92-95	2253.250	58.969	79.834	16.756	83.244	11.471	239.174	0.000	0.010	0.000	0.100	99.900	0.000	2.564	11.419		长4+5!1^(2_2)
地92-95	2253.375	68.077	80.257	22.258	77.742	11.398	243.743	0.000	0.010	0.000	0.100	99.900	0.000	2.552	11.487		长4+5!1^(2_2)
地92-95	2253.500	76.981	80.686	23.442	76.558	11.533	246.618	0.000	0.010	0.000	0.100	99.900	0.000	2.546	11.697		长4+5!1^(2_2)
地92-95	2253.625	75.465	81.129	21.707	78.293	11.775	245.569	0.000	0.010	0.000	0.100	99.900	0.000	2.548	11.997		长4+5!1^(2_2)
地92-95	2253.750	72.419	81.588	22.200	77.800	12.102	241.031	0.000	0.010	0.000	0.100	99.900	0.000	2.554	12.288		长4+5!1^(2_2)
地92-95	2253.875	75.103	82.064	24.086	75.914	12.373	234.621	0.000	0.010	0.000	0.100	99.900	0.000	2.562	12.501		长4+5!1^(2_2)
地92-95	2254.000	77.969	82.560	26.408	73.592	12.559	229.096	0.000	0.010	0.000	0.100	99.900	0.000	2.570	12.310		长4+5!1^(2_2)
地92-95	2254.125	81.672	83.077	33.654	66.346	12.183	228.532	0.000	0.010	0.000	0.100	99.900	0.000	2.576	11.760		长4+5!1^(2_2)
地92-95	2254.250	94.321	83.614	46.665	53.335	11.559	234.106	0.000	0.010	0.000	0.100	99.900	0.000	2.575	10.925		长4+5!1^(2_2)
地92-95	2254.375	110.635	84.166	57.907	42.093	10.626	244.729	0.000	0.010	0.000	0.100	99.900	0.000	2.566	10.233		长4+5!1^(2_2)
地92-95	2254.500	119.881	84.731	61.567	38.433	10.060	256.840	0.000	0.010	0.000	0.100	99.900	0.000	2.550	10.075		长4+5!1^(2_2)
地92-95	2254.625	120.716	85.305	62.064	37.936	10.094	264.637	0.000	0.010	0.000	0.100	99.900	0.000	2.533	10.339		长4+5!1^(2_2)
地92-95	2254.750	121.159	85.882	60.351	39.649	10.459	265.347	0.000	0.010	0.000	0.100	99.900	0.000	2.525	10.741		长4+5!1^(2_2)
地92-95	2254.875	118.583	86.458	54.527	45.473	10.872	259.382	0.000	0.010	0.000	0.100	99.900	0.000	2.530	11.040		长4+5!1^(2_2)
地92-95	2255.000	111.532	87.027	48.506	51.494	11.114	249.924	0.000	0.010	0.000	0.100	99.900	0.000	2.550	11.146		长4+5!1^(2_2)
地92-95	2255.125	105.975	87.581	45.745	54.255	11.157	241.944	0.000	0.010	0.000	0.100	99.900	0.000	2.578	11.116		长4+5!1^(2_2)
地92-95	2255.250	104.301	88.115	45.780	54.220	11.095	238.428	0.000	0.010	0.000	0.100	99.900	0.000	2.605	11.063		长4+5!1^(2_2)
地92-95	2255.375	105.102	88.624	45.751	54.249	11.049	239.638	0.000	0.010	0.000	0.100	99.900	0.000	2.623	11.013		长4+5!1^(2_2)
地92-95	2255.500	104.609	89.105	46.683	53.317	10.996	243.951	0.000	0.010	0.000	0.100	99.900	0.000	2.634	10.965		长4+5!1^(2_2)
地92-95	2255.625	106.393	89.549	49.737	50.263	10.952	248.855	0.000	0.010	0.000	0.100	99.900	0.000	2.640	10.914		长4+5!1^(2_2)
地92-95	2255.750	110.278	89.955	52.700	47.300	10.897	252.331	0.000	0.010	0.000	0.100	99.900	0.000	2.646	10.889		长4+5!1^(2_2)
地92-95	2255.875	112.867	90.321	54.770	45.230	10.887	253.644	0.000	0.010	0.000	0.100	99.900	0.000	2.655	10.975		长4+5!1^(2_2)
地92-95	2256.000	114.699	90.646	55.561	44.439	11.019	252.844	0.000	0.010	0.000	0.100	99.900	0.000	2.664	11.059		长4+5!1^(2_2)
地92-95	2256.125	114.973	90.924	53.458	46.542	11.076	250.414	0.000	0.010	0.000	0.100	99.900	0.000	2.672	11.048		长4+5!1^(2_2)
地92-95	2256.250	111.752	91.158	49.642	50.358	11.033	247.544	0.000	0.010	0.000	0.100	99.900	0.000	2.675	11.061		长4+5!1^(2_2)
地92-95	2256.375	107.592	91.351	47.998	52.002	11.075	244.887	0.000	0.010	0.000	0.100	99.900	0.000	2.674	11.085		长4+5!1^(2_2)
地92-95	2256.500	107.111	91.504	50.356	49.644	11.089	242.463	0.000	0.010	0.000	0.100	99.900	0.000	2.670	11.302		长4+5!1^(2_2)
地92-95	2256.625	110.931	91.617	50.658	49.342	11.407	239.341	0.000	0.010	0.000	0.100	99.900	0.000	2.667	11.624		长4+5!1^(2_2)
地92-95	2256.750	109.444	91.693	46.143	53.857	11.724	234.628	0.000	0.010	0.000	0.100	99.900	0.000	2.666	11.890		长4+5!1^(2_2)
地92-95	2256.875	103.075	91.739	40.613	59.387	11.966	228.207	0.000	0.010	0.000	0.100	99.900	0.000	2.667	12.205		长4+5!1^(2_2)
地92-95	2257.000	97.011	91.758	36.919	63.081	12.318	220.963	0.000	0.010	0.000	0.100	99.900	0.000	2.667	12.460		长4+5!1^(2_2)
地92-95	2257.125	93.416	91.752	33.091	66.909	12.523	214.726	0.000	0.010	0.000	0.100	99.900	0.000	2.665	12.493		长4+5!1^(2_2)
地92-95	2257.250	87.853	91.726	28.658	71.342	12.474	210.727	0.000	0.010	0.000	0.100	99.900	0.000	2.658	12.403		长4+5!1^(2_2)
地92-95	2257.375	81.701	91.685	26.028	73.972	12.369	209.363	0.000	0.010	0.000	0.100	99.900	0.000	2.644	12.260		长4+5!1^(2_2)
地92-95	2257.500	79.210	91.632	25.796	74.204	12.209	210.335	0.000	0.010	0.000	0.100	99.900	0.000	2.627	12.143		长4+5!1^(2_2)
地92-95	2257.625	79.862	91.571	27.436	72.564	12.114	213.267	0.000	0.010	0.000	0.100	99.900	0.000	2.609	12.082		长4+5!1^(2_2)
地92-95	2257.750	82.993	91.504	30.796	69.204	12.069	217.786	0.000	0.010	0.000	0.100	99.900	0.000	2.594	11.815		长4+5!1^(2_2)
地92-95	2257.875	88.316	91.435	37.026	62.974	11.691	224.662	0.000	0.010	0.000	0.100	99.900	0.000	2.583	11.347		长4+5!1^(2_2)
地92-95	2258.000	97.516	91.363	49.016	50.984	11.186	234.965	0.000	0.010	0.000	0.100	99.900	0.000	2.572	10.696		长4+5!1^(2_2)
地92-95	2258.125	112.928	91.291	66.812	33.188	10.465	248.923	0.000	0.010	0.000	0.100	99.900	0.000	2.558	10.092		长4+5!1^(2_2)
地92-95	2258.250	130.366	91.217	83.392	16.608	9.924	263.074	0.000	0.010	0.000	0.100	99.900	0.000	2.540	9.784		长4+5!1^(2_2)
地92-95	2258.375	141.875	91.142	88.659	11.341	9.726	273.327	0.000	0.010	0.000	0.100	99.900	0.000	2.523	9.662		长4+5!1^(2_2)
地92-95	2258.500	142.280	91.063	79.696	20.304	9.634	276.685	0.000	0.010	0.000	0.100	99.900	0.000	2.514	9.537		长4+5!1^(2_2)
地92-95	2258.625	132.230	90.979	66.714	33.286	9.490	272.419	0.000	0.010	0.000	0.100	99.900	0.000	2.521	9.549		长4+5!1^(2_2)
地92-95	2258.750	121.633	90.886	58.685	41.315	9.581	265.331	0.000	0.010	0.000	0.100	99.900	0.000	2.541	9.719		长4+5!1^(2_2)
地92-95	2258.875	116.224	90.783	57.393	42.607	9.784	259.788	0.000	0.010	0.000	0.100	99.900	0.000	2.569	9.903		长4+5!1^(2_2)
地92-95	2259.000	117.003	90.667	61.195	38.805	9.957	258.899	0.000	0.010	0.000	0.100	99.900	0.000	2.589	9.803		长4+5!1^(2_2)
地92-95	2259.125	121.749	90.533	67.008	32.992	9.722	264.437	0.000	0.010	0.000	0.100	99.900	0.000	2.588	9.458		长4+5!1^(2_2)
地92-95	2259.250	127.033	90.379	72.017	27.983	9.333	274.097	0.000	0.010	0.000	0.100	99.900	0.000	2.565	9.070		长4+5!1^(2_2)
地92-95	2259.375	130.743	90.204	74.109	25.891	8.948	285.256	0.000	0.010	0.000	0.100	99.900	0.000	2.525	9.155		长4+5!1^(2_2)
地92-95	2259.500	131.514	90.006	79.315	20.685	9.265	295.026	0.000	0.010	0.000	0.100	99.900	0.000	2.483	9.495		长4+5!1^(2_2)
地92-95	2259.625	137.247	89.780	90.924	9.076	9.601	300.449	0.000	0.010	0.000	0.100	99.900	0.000	2.453	9.928		长4+5!1^(2_2)
地92-95	2259.750	146.868	89.528	98.458	1.542	10.082	301.652	0.000	0.010	0.000	0.100	99.900	0.000	2.437	10.188		长4+5!1^(2_2)
地92-95	2259.875	151.243	89.251	98.387	1.613	10.231	299.694	0.000	0.010	0.000	0.100	99.900	0.000	2.433	10.275		长4+5!1^(2_2)
地92-95	2260.000	148.517	88.949	96.351	3.649	10.295	295.752	0.000	0.010	0.000	0.100	99.900	0.000	2.435	10.574		长4+5!1^(2_2)
地92-95	2260.125	147.206	88.623	97.596	2.404	10.710	289.766	0.000	0.010	0.000	0.100	99.900	0.000	2.438	10.977		长4+5!1^(2_2)
地92-95	2260.250	149.046	88.275	95.271	4.729	11.100	281.261	0.000	0.010	0.000	0.100	99.900	0.000	2.446	11.339		长4+5!1^(2_2)
地92-95	2260.375	145.734	87.910	80.874	19.126	11.449	269.948	0.000	0.010	0.000	0.100	99.900	0.000	2.462	11.769		长4+5!1^(2_2)
地92-95	2260.500	131.737	87.531	60.851	39.149	11.919	256.762	0.000	0.010	0.000	0.100	99.900	0.000	2.491	12.204		长4+5!1^(2_2)
地92-95	2260.625	113.708	87.142	47.984	52.016	12.335	244.053	0.000	0.010	0.000	0.100	99.900	0.000	2.533	12.630		长4+5!1^(2_2)
地92-95	2260.750	104.199	86.747	42.973	57.027	12.766	233.812	0.000	0.010	0.000	0.100	99.900	0.000	2.576	13.294		长4+5!1^(2_3)
地92-95	2260.875	100.623	86.351	40.618	59.382	13.545	226.699	0.000	0.010	0.000	0.100	99.900	0.000	2.611	14.162		长4+5!1^(2_3)
地92-95	2261.000	98.224	85.959	37.869	62.131	14.451	222.362	0.000	0.010	0.000	0.100	99.900	0.000	2.629	14.866		长4+5!1^(2_3)
地92-95	2261.125	94.471	85.576	34.446	65.554	15.052	220.291	0.000	0.010	0.000	0.100	99.900	0.000	2.630	15.571		长4+5!1^(2_3)
地92-95	2261.250	89.971	85.207	32.558	67.442	15.815	219.575	0.000	0.010	0.000	0.100	99.900	0.000	2.620	16.101		长4+5!1^(2_3)
地92-95	2261.375	88.595	84.856	34.153	65.847	16.226	219.786	0.000	0.010	0.000	0.100	99.900	0.000	2.610	16.390		长4+5!1^(2_3)
地92-95	2261.500	92.270	84.525	37.635	62.365	16.463	220.421	0.000	0.010	0.000	0.100	99.900	0.000	2.606	16.582		长4+5!1^(2_3)
地92-95	2261.625	96.840	84.222	39.352	60.648	16.636	220.875	0.000	0.010	0.000	0.100	99.900	0.000	2.612	16.788		长4+5!1^(2_3)
地92-95	2261.750	97.701	83.948	38.064	61.936	16.859	220.936	0.000	0.010	0.000	0.100	99.900	0.000	2.624	16.922		长4+5!1^(2_3)
地92-95	2261.875	95.031	83.705	37.283	62.717	16.948	220.768	0.000	0.010	0.000	0.100	99.900	0.000	2.638	17.017		长4+5!1^(2_3)
地92-95	2262.000	95.019	83.494	40.181	59.819	17.050	220.664	0.000	0.010	0.000	0.100	99.900	0.000	2.649	17.101		长4+5!1^(2_3)
地92-95	2262.125	100.107	83.322	42.772	57.228	17.124	220.857	0.000	0.010	0.000	0.100	99.900	0.000	2.655	17.160		长4+5!1^(2_3)
地92-95	2262.250	102.013	83.188	41.136	58.864	17.177	221.251	0.000	0.010	0.000	0.100	99.900	0.000	2.658	17.214		长4+5!1^(2_3)
地92-95	2262.375	98.312	83.092	36.414	63.586	17.231	221.667	0.000	0.010	0.000	0.100	99.900	0.000	2.660	17.330		长4+5!1^(2_3)
地92-95	2262.500	91.731	83.035	31.879	68.121	17.377	221.929	0.000	0.010	0.000	0.100	99.900	0.000	2.658	17.491		长4+5!1^(2_3)
地92-95	2262.625	86.379	83.021	28.910	71.090	17.544	221.876	0.000	0.010	0.000	0.100	99.900	0.000	2.652	17.619		长4+5!1^(2_3)
地92-95	2262.750	83.002	83.048	28.095	71.905	17.652	221.513	0.000	0.010	0.000	0.100	99.900	0.000	2.641	17.720		长4+5!1^(2_3)
地92-95	2262.875	82.944	83.115	30.009	69.991	17.751	220.841	0.000	0.010	0.000	0.100	99.900	0.000	2.627	17.700		长4+5!1^(2_3)
地92-95	2263.000	86.837	83.221	30.658	69.342	17.674	219.779	0.000	0.010	0.000	0.100	99.900	0.000	2.613	17.768		长4+5!1^(2_3)
地92-95	2263.125	86.178	83.369	27.530	72.470	17.817	217.867	0.000	0.010	0.000	0.100	99.900	0.000	2.604	18.220		长4+5!1^(2_3)
地92-95	2263.250	80.047	83.557	23.494	76.506	18.416	214.771	0.000	0.010	0.000	0.100	99.900	0.000	2.601	18.769		长4+5!1^(2_3)
地92-95	2263.375	74.336	83.781	20.765	79.235	18.930	210.487	0.000	0.010	0.000	0.100	99.900	0.000	2.606	19.259		长4+5!1^(2_3)
地92-95	2263.500	70.819	84.039	20.923	79.077	19.411	205.784	0.000	0.010	0.000	0.100	99.900	0.000	2.616	19.190		长4+5!1^(2_3)
地92-95	2263.625	72.898	84.332	23.973	76.027	19.070	202.624	0.000	0.010	0.000	0.100	99.900	0.000	2.630	18.623		长4+5!1^(2_3)
地92-95	2263.750	78.762	84.655	27.654	72.346	18.410	202.483	0.000	0.010	0.000	0.100	99.900	0.000	2.645	17.918		长4+5!1^(2_3)
地92-95	2263.875	83.859	85.004	30.158	69.842	17.690	205.779	0.000	0.010	0.000	0.100	99.900	0.000	2.660	17.157		长4+5!1^(2_3)
地92-95	2264.000	86.602	85.375	35.151	64.849	16.909	211.603	0.000	0.010	0.000	0.100	99.900	0.000	2.673	16.463		长4+5!1^(2_3)
地92-95	2264.125	94.954	85.765	43.753	56.247	16.260	218.111	0.000	0.010	0.000	0.100	99.900	0.000	2.685	16.050		长4+5!1^(2_3)
地92-95	2264.250	105.909	86.169	52.011	47.989	15.960	223.785	0.000	0.010	0.000	0.100	99.900	0.000	2.696	15.770		长4+5!1^(2_3)
地92-95	2264.375	113.731	86.582	56.162	43.838	15.682	228.533	0.000	0.010	0.000	0.100	99.900	0.000	2.705	15.583		长4+5!1^(2_3)
地92-95	2264.500	116.187	86.999	56.683	43.317	15.539	233.124	0.000	0.010	0.000	0.100	99.900	0.000	2.706	15.531		长4+5!1^(2_3)
地92-95	2264.625	115.850	87.416	57.676	42.324	15.530	238.732	0.000	0.010	0.000	0.100	99.900	0.000	2.693	15.526		长4+5!1^(2_3)
地92-95	2264.750	117.486	87.827	60.615	39.385	15.525	245.550	0.000	0.010	0.000	0.100	99.900	0.000	2.668	15.675		长4+5!1^(2_3)
地92-95	2264.875	120.727	88.229	64.820	35.180	15.749	252.798	0.000	0.010	0.000	0.100	99.900	0.000	2.635	15.929		长4+5!1^(2_3)
地92-95	2265.000	124.744	88.617	71.025	28.975	16.012	258.759	0.000	0.010	0.000	0.100	99.900	0.000	2.605	16.166		长4+5!1^(2_3)
地92-95	2265.125	130.632	88.988	73.876	26.124	16.236	260.622	0.000	0.010	0.000	0.100	99.900	0.000	2.587	16.386		长4+5!1^(2_3)
地92-95	2265.250	131.239	89.338	65.529	34.471	16.455	257.865	0.000	0.010	0.000	0.100	99.900	0.000	2.584	16.536		长4+5!1^(2_3)
地92-95	2265.375	120.315	89.667	49.858	50.142	16.571	251.503	0.000	0.010	0.000	0.100	99.900	0.000	2.593	16.553		长4+5!1^(2_3)
地92-95	2265.500	103.302	89.973	41.325	58.675	16.543	244.036	0.000	0.010	0.000	0.100	99.900	0.000	2.605	16.388		长4+5!1^(2_3)
地92-95	2265.625	98.399	90.253	42.806	57.194	16.312	239.063	0.000	0.010	0.000	0.100	99.900	0.000	2.613	16.110		长4+5!1^(2_3)
地92-95	2265.750	103.074	90.507	48.897	51.103	16.015	238.439	0.000	0.010	0.000	0.100	99.900	0.000	2.615	15.571		长4+5!1^(2_3)
地92-95	2265.875	110.458	90.738	57.704	42.296	15.358	242.655	0.000	0.010	0.000	0.100	99.900	0.000	2.611	14.883		长4+5!1^(2_3)
地92-95	2266.000	119.851	90.946	69.619	30.381	14.662	250.955	0.000	0.010	0.000	0.100	99.900	0.000	2.601	14.399		长4+5!1^(2_3)
地92-95	2266.125	131.004	91.129	81.793	18.207	14.283	261.105	0.000	0.010	0.000	0.100	99.900	0.000	2.587	14.192		长4+5!1^(2_3)
地92-95	2266.250	140.002	91.291	86.568	13.432	14.155	268.964	0.000	0.010	0.000	0.100	99.900	0.000	2.571	14.395		长4+5!1^(2_3)
地92-95	2266.375	141.018	91.435	77.896	22.104	14.517	270.909	0.000	0.010	0.000	0.100	99.900	0.000	2.559	14.811		长4+5!1^(2_3)
地92-95	2266.500	130.751	91.561	59.887	40.113	14.949	264.945	0.000	0.010	0.000	0.100	99.900	0.000	2.554	15.515		长4+5!1^(2_3)
地92-95	2266.625	112.779	91.671	43.274	56.726	15.785	251.325	0.000	0.010	0.000	0.100	99.900	0.000	2.561	16.271		长4+5!1^(2_3)
地92-95	2266.750	96.589	91.767	30.941	69.059	16.492	235.254	0.000	0.010	0.000	0.100	99.900	0.000	2.577	16.779		长4+5!1^(2_3)
地92-95	2266.875	81.933	91.852	22.514	77.486	16.906	220.942	0.000	0.010	0.000	0.100	99.900	0.000	2.598	16.974		长4+5!1^(2_3)
地92-95	2267.000	71.170	91.926	18.787	81.213	17.000	211.172	0.000	0.010	0.000	0.100	99.900	0.000	2.619	16.847		长4+5!1^(2_3)
地92-95	2267.125	67.674	91.989	19.279	80.721	16.770	207.676	0.000	0.010	0.000	0.100	99.900	0.000	2.634	16.482		长4+5!1^(2_3)
地92-95	2267.250	70.460	92.044	23.011	76.989	16.346	208.939	0.000	0.010	0.000	0.100	99.900	0.000	2.643	15.833		长4+5!1^(2_3)
地92-95	2267.375	77.724	92.091	30.108	69.892	15.588	213.790	0.000	0.010	0.000	0.100	99.900	0.000	2.648	15.039		长4+5!1^(2_3)
地92-95	2267.500	89.225	92.129	38.672	61.328	14.784	221.054	0.000	0.010	0.000	0.100	99.900	0.000	2.651	14.474		长4+5!1^(2_3)
地92-95	2267.625	99.876	92.159	45.603	54.397	14.338	229.637	0.000	0.010	0.000	0.100	99.900	0.000	2.654	13.953		长4+5!1^(2_3)
地92-95	2267.750	106.656	92.179	51.849	48.151	13.772	238.135	0.000	0.010	0.000	0.100	99.900	0.000	2.658	13.549		长4+5!1^(2_3)
地92-95	2267.875	113.242	92.188	60.040	39.960	13.450	245.431	0.000	0.010	0.000	0.100	99.900	0.000	2.662	13.447		长4+5!1^(2_3)
地92-95	2268.000	121.800	92.186	67.987	32.013	13.452	250.413	0.000	0.010	0.000	0.100	99.900	0.000	2.668	13.646		长4+5!1^(2_3)
地92-95	2268.125	128.162	92.170	73.800	26.200	13.741	251.534	0.000	0.010	0.000	0.100	99.900	0.000	2.676	14.084		长4+5!1^(2_3)
地92-95	2268.250	132.329	92.139	73.259	26.741	14.247	248.952	0.000	0.010	0.000	0.100	99.900	0.000	2.683	14.540		长4+5!1^(2_3)
地92-95	2268.375	129.678	92.090	64.393	35.607	14.673	243.137	0.000	0.010	0.000	0.100	99.900	0.000	2.688	15.085		长4+5!1^(2_3)
地92-95	2268.500	119.712	92.023	52.986	47.014	15.280	235.061	0.000	0.010	0.000	0.100	99.900	0.000	2.690	15.687		长4+5!1^(2_3)
地92-95	2268.625	108.707	91.933	41.478	58.522	15.875	226.001	0.000	0.010	0.000	0.100	99.900	0.000	2.688	16.167		长4+5!1^(2_3)
地92-95	2268.750	95.547	91.819	31.638	68.362	16.299	217.651	0.000	0.010	0.000	0.100	99.900	0.000	2.683	16.359		长4+5!1^(2_3)
地92-95	2268.875	83.943	91.679	27.104	72.896	16.380	211.604	0.000	0.010	0.000	0.100	99.900	0.000	2.678	16.308		长4+5!1^(2_3)
地92-95	2269.000	80.531	91.513	28.997	71.003	16.270	209.562	0.000	0.010	0.000	0.100	99.900	0.000	2.674	16.135		长4+5!1^(2_3)
地92-95	2269.125	85.977	91.315	35.314	64.686	16.071	213.928	0.000	0.010	0.000	0.100	99.900	0.000	2.671	15.846		长4+5!1^(2_3)
地92-95	2269.250	95.467	91.086	45.654	54.346	15.740	224.139	0.000	0.010	0.000	0.100	99.900	0.000	2.666	15.590		长4+5!1^(2_3)
地92-95	2269.375	108.674	90.825	61.384	38.616	15.523	238.960	0.000	0.010	0.000	0.100	99.900	0.000	2.654	15.429		长4+5!1^(2_3)
地92-95	2269.500	125.356	90.534	80.787	19.213	15.387	256.263	0.000	0.010	0.000	0.100	99.900	0.000	2.630	14.903		长4+5!1^(2_3)
地92-95	2269.625	141.206	90.207	95.648	4.352	14.666	273.539	0.000	0.010	0.000	0.100	99.900	0.000	2.591	13.804		长4+5!1^(2_3)
地92-95	2269.750	153.413	89.848	99.900	0.100	13.394	289.072	0.000	0.010	0.000	0.100	99.900	0.000	2.541	12.775		长4+5!2^(1_1)
地92-95	2269.875	164.824	89.458	99.900	0.100	12.496	302.022	0.000	0.010	0.000	0.100	99.900	0.000	2.488	12.003		长4+5!2^(1_1)
地92-95	2270.000	172.691	89.041	99.900	0.100	11.778	311.709	0.000	0.010	0.000	0.100	99.900	0.000	2.443	11.819		长4+5!2^(1_1)
地92-95	2270.125	165.028	88.596	99.900	0.100	11.854	316.519	0.000	0.010	0.000	0.100	99.900	0.000	2.417	12.051		长4+5!2^(1_1)
地92-95	2270.250	152.368	88.129	93.135	6.865	12.145	316.349	0.000	0.010	0.000	0.100	99.900	0.000	2.412	12.377		长4+5!2^(1_1)
地92-95	2270.375	143.175	87.644	84.277	15.723	12.486	311.328	0.000	0.010	0.000	0.100	99.900	0.000	2.427	12.739		长4+5!2^(1_1)
地92-95	2270.500	137.271	87.148	81.470	18.530	12.857	302.401	0.000	0.010	0.000	0.100	99.900	0.000	2.454	13.078		长4+5!2^(1_1)
地92-95	2270.625	137.060	86.645	82.544	17.456	13.179	290.787	0.000	0.010	0.000	0.100	99.900	0.000	2.485	13.317		长4+5!2^(1_1)
地92-95	2270.750	138.242	86.142	81.277	18.723	13.378	278.296	0.000	0.010	0.000	0.100	99.900	0.000	2.514	13.523		长4+5!2^(1_1)
地92-95	2270.875	136.205	85.647	73.844	26.156	13.590	266.020	0.000	0.010	0.000	0.100	99.900	0.000	2.536	13.682		长4+5!2^(1_1)
地92-95	2271.000	128.495	85.167	59.422	40.578	13.723	254.994	0.000	0.010	0.000	0.100	99.900	0.000	2.552	13.739		长4+5!2^(1_1)
地92-95	2271.125	113.384	84.711	42.269	57.731	13.744	246.624	0.000	0.010	0.000	0.100	99.900	0.000	2.561	13.766		长4+5!2^(1_1)
地92-95	2271.250	94.292	84.288	28.415	71.585	13.776	240.960	0.000	0.010	0.000	0.100	99.900	0.000	2.563	13.861		长4+5!2^(1_1)
地92-95	2271.375	77.841	83.902	21.116	78.884	13.902	237.472	0.000	0.010	0.000	0.100	99.900	0.000	2.560	13.985		长4+5!2^(1_1)
地92-95	2271.500	70.064	83.560	18.742	81.258	14.024	235.075	0.000	0.010	0.000	0.100	99.900	0.000	2.553	14.219		长4+5!2^(1_1)
地92-95	2271.625	68.055	83.274	18.308	81.692	14.312	232.518	0.000	0.010	0.000	0.100	99.900	0.000	2.545	14.508		长4+5!2^(1_1)
地92-95	2271.750	67.851	83.046	17.983	82.017	14.599	229.109	0.000	0.010	0.000	0.100	99.900	0.000	2.541	14.858		长4+5!2^(1_1)
地92-95	2271.875	67.100	82.879	17.003	82.997	14.980	224.698	0.000	0.010	0.000	0.100	99.900	0.000	2.543	15.349		长4+5!2^(1_1)
地92-95	2272.000	64.982	82.773	15.832	84.168	15.524	219.481	0.000	0.010	0.000	0.100	99.900	0.000	2.553	15.884		长4+5!2^(1_1)
地92-95	2272.125	63.017	82.738	16.499	83.501	16.050	214.492	0.000	0.010	0.000	0.100	99.900	0.000	2.569	16.111		长4+5!2^(1_1)
地92-95	2272.250	65.717	82.771	21.306	78.694	16.130	212.106	0.000	0.010	0.000	0.100	99.900	0.000	2.582	15.029		长4+5!2^(1_1)
地92-95	2272.375	75.985	82.866	33.048	66.952	14.484	215.621	0.000	0.010	0.000	0.100	99.900	0.000	2.586	12.928		长4+5!2^(1_1)
地92-95	2272.500	95.383	83.021	60.731	39.269	12.196	227.920	0.000	0.010	0.000	0.100	99.900	0.000	2.572	11.496		长4+5!2^(1_1)
地92-95	2272.625	129.184	83.237	90.343	9.657	11.199	249.957	0.000	0.010	0.000	0.100	99.900	0.000	2.536	10.771		长4+5!2^(1_1)
地92-95	2272.750	165.035	83.506	99.900	0.100	10.580	274.864	0.000	0.010	0.000	0.100	99.900	0.000	2.487	10.882		长4+5!2^(1_1)
地92-95	2272.875	184.025	83.817	99.900	0.100	11.044	294.846	0.000	0.010	0.000	0.100	99.900	0.000	2.437	11.358		长4+5!2^(1_1)
地92-95	2273.000	178.881	84.165	99.900	0.100	11.502	303.407	0.000	0.010	0.000	0.100	99.900	0.000	2.402	11.938		长4+5!2^(1_1)
地92-95	2273.125	157.174	84.543	87.837	12.163	12.144	296.630	0.000	0.010	0.000	0.100	99.900	0.000	2.396	12.531		长4+5!2^(1_1)
地92-95	2273.250	137.582	84.940	69.986	30.014	12.709	280.846	0.000	0.010	0.000	0.100	99.900	0.000	2.419	12.902		长4+5!2^(1_1)
地92-95	2273.375	123.162	85.346	58.133	41.867	12.986	263.011	0.000	0.010	0.000	0.100	99.900	0.000	2.464	12.949		长4+5!2^(1_1)
地92-95	2273.500	114.685	85.753	55.688	44.312	12.925	249.885	0.000	0.010	0.000	0.100	99.900	0.000	2.520	12.632		长4+5!2^(1_1)
地92-95	2273.625	115.375	86.150	62.537	37.463	12.488	248.040	0.000	0.010	0.000	0.100	99.900	0.000	2.572	12.309		长4+5!2^(1_1)
地92-95	2273.750	124.256	86.528	80.459	19.541	12.230	257.078	0.000	0.010	0.000	0.100	99.900	0.000	2.606	12.265		长4+5!2^(1_1)
地92-95	2273.875	141.427	86.880	95.797	4.203	12.288	274.382	0.000	0.010	0.000	0.100	99.900	0.000	2.616	12.542		长4+5!2^(1_1)
地92-95	2274.000	162.783	87.199	99.900	0.100	12.666	295.135	0.000	0.010	0.000	0.100	99.900	0.000	2.601	12.835		长4+5!2^(1_1)
地92-95	2274.125	176.653	87.472	99.900	0.100	12.910	312.862	0.000	0.010	0.000	0.100	99.900	0.000	2.564	12.984		长4+5!2^(1_1)
地92-95	2274.250	181.409	87.694	99.900	0.100	13.016	323.603	0.000	0.010	0.000	0.100	99.900	0.000	2.520	12.894		长4+5!2^(1_1)
地92-95	2274.375	176.786	87.863	99.900	0.100	12.831	325.678	0.000	0.010	0.000	0.100	99.900	0.000	2.479	12.836		长4+5!2^(1_1)
地92-95	2274.500	163.605	87.974	99.209	0.791	12.843	318.877	0.000	0.010	0.000	0.100	99.900	0.000	2.450	13.013		长4+5!2^(1_1)
地92-95	2274.625	149.824	88.017	83.722	16.278	13.097	303.115	0.000	0.010	0.000	0.100	99.900	0.000	2.443	13.415		长4+5!2^(1_1)
地92-95	2274.750	132.957	87.990	61.950	38.050	13.566	282.536	0.000	0.010	0.000	0.100	99.900	0.000	2.456	13.697		长4+5!2^(1_1)
地92-95	2274.875	114.646	87.896	47.598	52.402	13.752	261.653	0.000	0.010	0.000	0.100	99.900	0.000	2.490	13.575		长4+5!2^(1_1)
地92-95	2275.000	103.034	87.732	43.102	56.898	13.485	245.556	0.000	0.010	0.000	0.100	99.900	0.000	2.536	13.103		长4+5!2^(1_1)
地92-95	2275.125	101.482	87.491	47.415	52.585	12.920	239.694	0.000	0.010	0.000	0.100	99.900	0.000	2.585	12.644		长4+5!2^(1_1)
地92-95	2275.250	109.010	87.177	56.206	43.794	12.520	243.184	0.000	0.010	0.000	0.100	99.900	0.000	2.623	12.452		长4+5!2^(1_1)
地92-95	2275.375	118.411	86.794	63.515	36.485	12.426	253.501	0.000	0.010	0.000	0.100	99.900	0.000	2.643	12.570		长4+5!2^(1_1)
地92-95	2275.500	124.000	86.344	69.968	30.032	12.642	266.992	0.000	0.010	0.000	0.100	99.900	0.000	2.642	13.047		长4+5!2^(1_1)
地92-95	2275.625	129.662	85.824	77.620	22.380	13.242	279.326	0.000	0.010	0.000	0.100	99.900	0.000	2.620	13.650		长4+5!2^(1_1)
地92-95	2275.750	136.082	85.240	82.799	17.201	13.839	286.976	0.000	0.010	0.000	0.100	99.900	0.000	2.591	14.517		长4+5!2^(1_1)
地92-95	2275.875	138.863	84.599	82.389	17.611	14.839	287.332	0.000	0.010	0.000	0.100	99.900	0.000	2.563	15.732		长4+5!2^(1_1)
地92-95	2276.000	137.119	83.906	73.422	26.578	16.151	279.136	0.000	0.010	0.000	0.100	99.900	0.000	2.543	16.602		长4+5!2^(1_1)
地92-95	2276.125	127.453	83.163	56.951	43.049	16.796	262.742	0.000	0.010	0.000	0.100	99.900	0.000	2.539	17.381		长4+5!2^(1_1)
地92-95	2276.250	110.314	82.377	39.189	60.811	17.657	243.494	0.000	0.010	0.000	0.100	99.900	0.000	2.549	17.895		长4+5!2^(1_1)
地92-95	2276.375	90.413	81.559	25.542	74.458	17.994	226.039	0.000	0.010	0.000	0.100	99.900	0.000	2.567	18.076		长4+5!2^(1_2)
地92-95	2276.500	73.586	80.713	13.588	86.412	18.109	213.724	0.200	0.010	9.062	6.264	75.559	0.405	2.588	18.073		长4+5!2^(1_2)
地92-95	2276.625	66.763	79.847	9.084	90.916	18.053	208.475	0.216	0.010	9.225	9.705	62.008	0.405	2.604	18.042	干层	长4+5!2^(1_2)
地92-95	2276.750	65.766	78.968	9.345	90.655	18.038	208.005	0.222	0.010	9.280	9.772	61.663	0.405	2.614	18.034	干层	长4+5!2^(1_2)
地92-95	2276.875	67.302	78.086	9.884	90.117	18.032	209.175	0.218	0.010	9.242	9.892	61.042	0.406	2.618	18.028	干层	长4+5!2^(1_2)
地92-95	2277.000	68.941	77.208	11.528	88.472	18.026	210.409	0.214	0.589	9.200	10.158	60.026	0.409	2.620	17.832	干层	长4+5!2^(1_2)
地92-95	2277.125	75.592	76.343	13.668	86.332	17.737	213.897	0.182	1.008	8.871	10.508	58.939	0.416	2.620	17.467	干层	长4+5!2^(1_2)
地92-95	2277.250	81.330	75.499	14.973	85.027	17.339	217.521	0.163	1.155	8.652	10.841	58.017	0.423	2.620	17.102	干层	长4+5!2^(1_2)
地92-95	2277.375	83.269	74.682	15.013	84.987	16.993	220.850	0.175	1.312	8.797	11.160	57.175	0.429	2.615	16.768	干层	长4+5!2^(1_2)
地92-95	2277.500	81.202	73.898	14.367	85.633	16.664	224.122	0.230	1.500	9.353	11.504	56.330	0.435	2.605	16.413	干层	长4+5!2^(1_2)
地92-95	2277.625	77.814	73.160	14.996	85.004	16.295	227.809	0.331	1.746	10.090	11.906	55.138	0.439	2.589	16.165	干层	长4+5!2^(1_2)
地92-95	2277.750	80.659	72.473	18.088	81.912	16.109	232.173	0.000	2.032	0.000	12.325	53.966	0.000	2.571	15.918	干层	长4+5!2^(1_2)
地92-95	2277.875	90.661	71.838	36.186	63.814	15.827	236.455	0.000	0.775	0.000	4.547	83.256	0.000	2.556	15.640		长4+5!2^(1_2)
地92-95	2278.000	103.962	71.262	49.510	50.490	15.555	239.523	0.000	0.010	0.000	0.100	99.900	0.000	2.548	15.387		长4+5!2^(1_2)
地92-95	2278.125	110.827	70.756	45.652	54.348	15.310	240.487	0.000	0.010	0.000	0.100	99.900	0.000	2.547	15.262		长4+5!2^(1_2)
地92-95	2278.250	101.288	70.321	25.881	74.119	15.243	239.120	0.178	1.377	8.826	8.031	71.095	0.463	2.551	15.108		长4+5!2^(1_2)
地92-95	2278.375	83.911	69.956	14.030	85.970	15.043	236.803	0.384	2.042	10.392	12.343	55.551	0.464	2.553	14.983	差油层	长4+5!2^(1_2)
地92-95	2278.500	71.286	69.663	11.960	88.040	14.957	234.582	0.653	1.917	11.474	12.167	56.494	0.466	2.551	14.842	差油层	长4+5!2^(1_2)
地92-95	2278.625	68.312	69.451	11.215	88.785	14.787	232.965	0.700	1.838	11.615	12.052	57.031	0.467	2.544	14.798	差油层	长4+5!2^(1_2)
地92-95	2278.750	66.249	69.317	10.421	89.579	14.807	231.980	0.740	1.788	11.727	11.977	57.302	0.467	2.535	14.813	差油层	长4+5!2^(1_2)
地92-95	2278.875	63.383	69.255	9.799	90.201	14.815	231.304	0.827	1.753	11.955	11.924	57.288	0.464	2.527	14.932	差油层	长4+5!2^(1_2)
地92-95	2279.000	61.690	69.262	9.511	90.489	14.990	230.809	0.880	1.728	12.080	11.884	57.078	0.459	2.523	15.127	差油层	长4+5!2^(1_2)
地92-95	2279.125	61.091	69.342	9.108	90.892	15.191	230.440	0.890	1.708	12.103	11.852	56.986	0.456	2.523	15.245	差油层	长4+5!2^(1_2)
地92-95	2279.250	59.248	69.486	8.852	91.148	15.267	230.126	0.962	1.693	12.263	11.829	56.958	0.455	2.524	15.309	差油层	长4+5!2^(1_2)
地92-95	2279.375	58.844	69.684	9.306	90.694	15.328	229.934	0.973	1.710	12.285	11.856	56.654	0.452	2.524	15.416	差油层	长4+5!2^(1_2)
地92-95	2279.500	61.441	69.931	11.074	88.926	15.458	230.431	0.000	1.822	0.000	12.027	55.967	0.000	2.523	15.421	差油层	长4+5!2^(1_2)
地92-95	2279.625	68.798	70.220	21.735	78.265	15.400	232.803	0.000	0.682	0.000	4.417	84.006	0.000	2.520	14.621		长4+5!2^(1_2)
地92-95	2279.750	81.171	70.540	33.877	66.123	14.237	238.928	0.000	0.010	0.000	0.100	99.900	0.000	2.517	13.237		长4+5!2^(1_2)
地92-95	2279.875	94.779	70.881	47.066	52.934	12.769	248.124	0.000	0.010	0.000	0.100	99.900	0.000	2.517	12.260		长4+5!2^(1_2)
地92-95	2280.000	111.048	71.233	62.267	37.733	12.040	257.900	0.000	0.010	0.000	0.100	99.900	0.000	2.523	12.107		长4+5!2^(1_2)
地92-95	2280.125	125.469	71.585	68.028	31.972	12.155	264.338	0.000	0.010	0.000	0.100	99.900	0.000	2.539	12.599		长4+5!2^(1_2)
地92-95	2280.250	126.358	71.927	59.769	40.231	12.816	262.927	0.000	0.010	0.000	0.100	99.900	0.000	2.565	13.241		长4+5!2^(1_2)
地92-95	2280.375	114.941	72.250	45.976	54.024	13.437	255.065	0.000	0.010	0.000	0.100	99.900	0.000	2.599	13.638		长4+5!2^(1_2)
地92-95	2280.500	99.928	72.547	36.564	63.436	13.724	244.625	0.000	0.010	0.000	0.100	99.900	0.000	2.634	13.848		长4+5!2^(1_2)
地92-95	2280.625	91.402	72.806	35.917	64.083	13.904	236.466	0.000	0.010	0.000	0.100	99.900	0.000	2.662	13.990		长4+5!2^(1_2)
地92-95	2280.750	94.376	73.023	42.950	57.050	14.029	234.971	0.000	0.010	0.000	0.100	99.900	0.000	2.677	14.199		长4+5!2^(1_2)
地92-95	2280.875	104.956	73.196	52.674	47.326	14.280	239.114	0.000	0.010	0.000	0.100	99.900	0.000	2.678	14.714		长4+5!2^(1_2)
地92-95	2281.000	115.120	73.323	59.770	40.230	14.924	246.128	0.000	0.010	0.000	0.100	99.900	0.000	2.666	15.611		长4+5!2^(1_2)
地92-95	2281.125	120.517	73.398	61.183	38.817	15.937	252.206	0.000	0.010	0.000	0.100	99.900	0.000	2.646	16.580		长4+5!2^(1_2)
地92-95	2281.250	119.957	73.423	54.690	45.310	16.876	252.534	0.000	0.010	0.000	0.100	99.900	0.000	2.627	18.095		长4+5!2^(1_2)
地92-95	2281.375	110.983	73.406	31.281	68.719	18.677	245.833	0.153	1.193	8.517	7.774	67.346	0.383	2.612	19.488		长4+5!2^(1_2)
地92-95	2281.500	94.453	73.349	15.189	84.811	19.850	233.129	0.186	1.333	8.913	11.124	51.932	0.368	2.607	20.539	差油层	长4+5!2^(1_2)
地92-95	2281.625	76.123	73.255	9.880	90.120	20.855	217.861	0.217	0.380	9.229	9.825	56.836	0.360	2.613	21.135	差油层	长4+5!2^(1_2)
地92-95	2281.750	64.929	73.133	7.668	92.332	21.252	205.439	0.203	0.010	9.099	9.005	61.051	0.360	2.626	21.156	差油层	长4+5!2^(1_2)
地92-95	2281.875	61.573	72.993	7.276	92.724	21.100	198.881	0.173	0.010	8.765	8.772	62.804	0.364	2.640	20.860	差油层	长4+5!2^(1_2)
地92-95	2282.000	61.763	72.843	7.569	92.431	20.745	198.408	0.167	0.010	8.696	9.009	61.883	0.368	2.649	20.551	差油层	长4+5!2^(1_2)
地92-95	2282.125	62.326	72.691	7.885	92.115	20.463	202.158	0.196	0.010	9.028	9.479	59.565	0.371	2.649	20.365	差油层	长4+5!2^(1_2)
地92-95	2282.250	61.878	72.547	8.140	91.860	20.323	207.463	0.264	0.547	9.628	9.949	57.281	0.371	2.640	20.287	差油层	长4+5!2^(1_2)
地92-95	2282.375	61.580	72.420	8.423	91.577	20.272	212.052	0.339	0.922	10.137	10.300	55.788	0.372	2.625	20.164	差油层	长4+5!2^(1_2)
地92-95	2282.500	61.843	72.316	9.131	90.869	20.112	215.204	0.393	1.008	10.438	10.513	55.133	0.375	2.609	19.941	差油层	长4+5!2^(1_2)
地92-95	2282.625	64.787	72.246	9.726	90.274	19.860	216.959	0.370	1.050	10.314	10.611	54.997	0.378	2.594	19.726	差油层	长4+5!2^(1_2)
地92-95	2282.750	66.168	72.216	9.717	90.283	19.666	217.636	0.357	1.064	10.241	10.644	55.161	0.381	2.581	19.508	差油层	长4+5!2^(1_2)
地92-95	2282.875	65.338	72.227	9.336	90.664	19.434	217.826	0.376	1.062	10.347	10.639	55.255	0.382	2.570	19.457	差油层	长4+5!2^(1_2)
地92-95	2283.000	63.704	72.285	8.706	91.294	19.473	217.664	0.405	1.038	10.501	10.585	55.311	0.380	2.564	19.585	差油层	长4+5!2^(1_2)
地92-95	2283.125	61.201	72.396	7.696	92.304	19.639	216.921	0.443	0.972	10.684	10.426	55.498	0.375	2.564	19.960	差油层	长4+5!2^(1_2)
地92-95	2283.250	57.240	72.559	7.016	92.984	20.115	214.849	0.488	0.345	10.880	10.119	56.110	0.366	2.572	20.540	差油层	长4+5!2^(1_2)
地92-95	2283.375	56.491	72.771	6.491	93.509	20.740	211.182	0.420	0.010	10.575	9.672	57.775	0.362	2.587	20.918	差油层	长4+5!2^(1_2)
地92-95	2283.500	55.482	73.032	5.754	94.246	20.992	206.143	0.342	0.010	10.156	9.169	60.349	0.361	2.605	20.988	差油层	长4+5!2^(1_2)
地92-95	2283.625	53.494	73.344	5.536	94.464	20.982	200.904	0.289	0.010	9.816	8.839	63.007	0.368	2.622	20.475	差油层	长4+5!2^(1_2)
地92-95	2283.750	54.537	73.701	6.747	93.253	20.226	198.413	0.242	0.010	9.448	8.940	64.186	0.384	2.631	19.357	差油层	长4+5!2^(1_2)
地92-95	2283.875	61.093	74.099	10.612	89.388	18.944	201.134	0.000	0.010	0.000	9.620	62.557	0.000	2.631	18.043	差油层	长4+5!2^(1_2)
地92-95	2284.000	76.437	74.533	31.761	68.239	17.625	210.151	0.000	0.010	0.000	3.637	86.123	0.000	2.623	16.680		长4+5!2^(1_2)
地92-95	2284.125	100.244	75.001	55.596	44.404	16.242	223.946	0.000	0.010	0.000	0.100	99.900	0.000	2.614	15.905		长4+5!2^(1_2)
地92-95	2284.250	120.875	75.500	67.531	32.469	15.768	237.674	0.000	0.010	0.000	0.100	99.900	0.000	2.609	15.551		长4+5!2^(1_2)
地92-95	2284.375	127.783	76.022	63.307	36.693	15.454	245.995	0.000	0.010	0.000	0.100	99.900	0.000	2.612	15.332		长4+5!2^(1_2)
地92-95	2284.500	119.041	76.564	50.619	49.381	15.278	246.551	0.000	0.010	0.000	0.100	99.900	0.000	2.623	15.149		长4+5!2^(1_2)
地92-95	2284.625	105.277	77.124	29.304	70.696	15.089	240.403	0.155	1.119	8.545	7.662	72.956	0.470	2.636	14.829		长4+5!2^(1_2)
地92-95	2284.750	94.793	77.699	18.109	81.891	14.704	231.169	0.165	1.453	8.673	11.404	60.444	0.478	2.646	14.491	干层	长4+5!2^(1_2)
地92-95	2284.875	88.148	78.285	15.399	84.601	14.394	223.054	0.153	1.129	8.519	10.778	63.735	0.483	2.650	14.319	干层	长4+5!2^(1_2)
地92-95	2285.000	82.293	78.880	13.006	86.994	14.289	217.403	0.155	0.949	8.540	10.365	65.759	0.482	2.650	14.361	干层	长4+5!2^(1_2)
地92-95	2285.125	75.686	79.484	10.903	89.097	14.398	213.776	0.180	0.329	8.849	10.081	66.812	0.476	2.647	14.576	干层	长4+5!2^(1_2)
地92-95	2285.250	69.542	80.095	9.165	90.835	14.661	211.158	0.215	0.010	9.215	9.848	67.603	0.470	2.646	14.812	干层	长4+5!2^(1_2)
地92-95	2285.375	64.158	80.711	7.818	92.182	14.881	208.827	0.252	0.010	9.533	9.651	68.476	0.467	2.648	14.937	干层	长4+5!2^(1_2)
地92-95	2285.500	59.924	81.332	7.043	92.957	14.959	206.942	0.284	0.010	9.777	9.536	69.275	0.467	2.650	14.891	干层	长4+5!2^(1_2)
地92-95	2285.625	57.868	81.958	7.150	92.850	14.856	206.095	0.302	0.010	9.902	9.612	69.445	0.474	2.650	14.621	干层	长4+5!2^(1_2)
地92-95	2285.750	59.158	82.588	8.401	91.599	14.508	207.666	0.000	0.561	0.000	9.988	68.068	0.000	2.648	14.273	干层	长4+5!2^(1_2)
地92-95	2285.875	64.154	83.220	19.052	80.948	14.165	212.627	0.000	0.319	0.000	3.718	88.194	0.000	2.644	13.927		长4+5!2^(1_2)
地92-95	2286.000	77.392	83.855	35.462	64.538	13.817	222.151	0.000	0.010	0.000	0.100	99.900	0.000	2.638	13.809		长4+5!2^(1_2)
地92-95	2286.125	99.064	84.490	52.832	47.168	13.812	237.190	0.000	0.010	0.000	0.100	99.900	0.000	2.622	13.946		长4+5!2^(1_3)
地92-95	2286.250	117.577	85.125	68.095	31.905	14.012	258.756	0.000	0.010	0.000	0.100	99.900	0.000	2.585	14.177		长4+5!2^(1_3)
地92-95	2286.375	129.968	85.757	86.973	13.027	14.254	284.152	0.000	0.010	0.000	0.100	99.900	0.000	2.522	14.130		长4+5!2^(1_3)
地92-95	2286.500	145.840	86.384	98.053	1.947	14.063	309.514	0.000	0.010	0.000	0.100	99.900	0.000	2.436	13.935		长4+5!2^(1_3)
地92-95	2286.625	162.881	87.004	99.900	0.100	13.875	329.771	0.000	0.010	0.000	0.100	99.900	0.000	2.345	13.677		长4+5!2^(1_3)
地92-95	2286.750	165.946	87.614	99.900	0.100	13.582	338.529	0.000	0.010	0.000	0.100	99.900	0.000	2.275	13.502		长4+5!2^(1_3)
地92-95	2286.875	156.250	88.211	96.373	3.627	13.468	335.926	0.000	0.010	0.000	0.100	99.900	0.000	2.242	13.462		长4+5!2^(1_3)
地92-95	2287.000	146.692	88.794	89.144	10.856	13.461	324.130	0.000	0.010	0.000	0.100	99.900	0.000	2.250	13.644		长4+5!2^(1_3)
地92-95	2287.125	140.788	89.358	84.119	15.881	13.734	306.726	0.000	0.010	0.000	0.100	99.900	0.000	2.291	14.131		长4+5!2^(1_3)
地92-95	2287.250	138.261	89.902	79.503	20.497	14.321	287.030	0.000	0.010	0.000	0.100	99.900	0.000	2.346	14.654		长4+5!2^(1_3)
地92-95	2287.375	134.230	90.423	68.860	31.140	14.806	267.749	0.000	0.010	0.000	0.100	99.900	0.000	2.404	15.130		长4+5!2^(1_3)
地92-95	2287.500	123.222	90.920	54.949	45.051	15.279	250.616	0.000	0.010	0.000	0.100	99.900	0.000	2.459	15.380		长4+5!2^(1_3)
地92-95	2287.625	109.778	91.390	49.529	50.471	15.420	237.433	0.000	0.010	0.000	0.100	99.900	0.000	2.509	15.296		长4+5!2^(1_3)
地92-95	2287.750	108.641	91.832	53.357	46.643	15.232	230.643	0.000	0.010	0.000	0.100	99.900	0.000	2.550	15.053		长4+5!2^(1_3)
地92-95	2287.875	114.689	92.247	58.814	41.186	14.969	229.582	0.000	0.010	0.000	0.100	99.900	0.000	2.582	14.874		长4+5!2^(1_3)
地92-95	2288.000	119.484	92.634	61.700	38.300	14.833	233.176	0.000	0.010	0.000	0.100	99.900	0.000	2.601	14.727		长4+5!2^(1_3)
地92-95	2288.125	121.178	92.993	63.564	36.436	14.677	239.921	0.000	0.010	0.000	0.100	99.900	0.000	2.609	14.595		长4+5!2^(1_3)
地92-95	2288.250	122.919	93.324	64.856	35.144	14.558	248.050	0.000	0.010	0.000	0.100	99.900	0.000	2.614	14.553		长4+5!2^(1_3)
地92-95	2288.375	123.772	93.630	63.949	36.051	14.554	254.973	0.000	0.010	0.000	0.100	99.900	0.000	2.622	14.613		长4+5!2^(1_3)
地92-95	2288.500	122.166	93.912	61.548	38.452	14.643	258.366	0.000	0.010	0.000	0.100	99.900	0.000	2.637	14.764		长4+5!2^(1_3)
地92-95	2288.625	119.775	94.171	58.690	41.310	14.822	256.732	0.000	0.010	0.000	0.100	99.900	0.000	2.656	14.901		长4+5!2^(1_3)
地92-95	2288.750	117.013	94.408	55.433	44.567	14.937	249.899	0.000	0.010	0.000	0.100	99.900	0.000	2.673	14.966		长4+5!2^(1_3)
地92-95	2288.875	113.718	94.627	50.497	49.503	14.978	241.027	0.000	0.010	0.000	0.100	99.900	0.000	2.682	15.038		长4+5!2^(1_3)
地92-95	2289.000	107.910	94.830	43.684	56.316	15.067	232.531	0.000	0.010	0.000	0.100	99.900	0.000	2.682	15.246		长4+5!2^(1_3)
地92-95	2289.125	99.808	95.016	36.773	63.227	15.332	225.659	0.000	0.010	0.000	0.100	99.900	0.000	2.674	15.573		长4+5!2^(1_3)
地92-95	2289.250	91.703	95.188	32.498	67.502	15.685	220.561	0.000	0.010	0.000	0.100	99.900	0.000	2.664	15.808		长4+5!2^(1_3)
地92-95	2289.375	87.671	95.348	30.259	69.741	15.862	216.551	0.000	0.010	0.000	0.100	99.900	0.000	2.655	15.919		长4+5!2^(1_3)
地92-95	2289.500	85.114	95.497	28.709	71.291	15.943	213.728	0.000	0.010	0.000	0.100	99.900	0.000	2.651	15.770		长4+5!2^(1_3)
地92-95	2289.625	83.162	95.634	28.869	71.131	15.683	212.510	0.000	0.010	0.000	0.100	99.900	0.000	2.649	15.559		长4+5!2^(1_3)
地92-95	2289.750	84.451	95.759	31.756	68.244	15.504	213.253	0.000	0.010	0.000	0.100	99.900	0.000	2.650	15.298		长4+5!2^(1_3)
地92-95	2289.875	89.559	95.874	34.410	65.590	15.201	215.222	0.000	0.010	0.000	0.100	99.900	0.000	2.651	14.963		长4+5!2^(1_3)
地92-95	2290.000	92.165	95.978	34.692	65.308	14.852	217.976	0.000	0.010	0.000	0.100	99.900	0.000	2.653	14.634		长4+5!2^(1_3)
地92-95	2290.125	91.485	96.068	36.531	63.469	14.534	221.459	0.000	0.010	0.000	0.100	99.900	0.000	2.657	14.302		长4+5!2^(1_3)
地92-95	2290.250	95.310	96.144	42.884	57.116	14.194	225.932	0.000	0.010	0.000	0.100	99.900	0.000	2.662	13.981		长4+5!2^(1_3)
地92-95	2290.375	104.433	96.205	48.750	51.250	13.883	230.869	0.000	0.010	0.000	0.100	99.900	0.000	2.668	13.799		长4+5!2^(1_3)
地92-95	2290.500	109.527	96.250	49.777	50.223	13.764	235.195	0.000	0.010	0.000	0.100	99.900	0.000	2.675	13.731		长4+5!2^(1_3)
地92-95	2290.625	108.759	96.274	48.825	51.175	13.717	237.665	0.000	0.010	0.000	0.100	99.900	0.000	2.682	13.666		长4+5!2^(1_3)
地92-95	2290.750	107.774	96.278	48.839	51.161	13.642	237.353	0.000	0.010	0.000	0.100	99.900	0.000	2.688	13.530		长4+5!2^(1_3)
地92-95	2290.875	108.283	96.260	48.463	51.537	13.476	235.480	0.000	0.010	0.000	0.100	99.900	0.000	2.691	13.259		长4+5!2^(1_3)
地92-95	2291.000	107.405	96.235	48.242	51.758	13.155	233.564	0.000	0.010	0.000	0.100	99.900	0.000	2.692	12.956		长4+5!2^(1_3)
地92-95	2291.125	107.522	96.210	49.676	50.324	12.864	232.850	0.000	0.010	0.000	0.100	99.900	0.000	2.687	12.764		长4+5!2^(1_3)
地92-95	2291.250	109.684	96.152	51.866	48.134	12.721	233.899	0.000	0.010	0.000	0.100	99.900	0.000	2.679	12.657		长4+5!2^(1_3)
地92-95	2291.375	111.939	96.057	54.023	45.977	12.629	235.761	0.000	0.010	0.000	0.100	99.900	0.000	2.669	12.603		长4+5!2^(1_3)
地92-95	2291.500	114.060	95.936	55.702	44.298	12.592	237.374	0.000	0.010	0.000	0.100	99.900	0.000	2.660	12.622		长4+5!2^(1_3)
地92-95	2291.625	115.482	95.788	56.390	43.610	12.638	237.704	0.000	0.010	0.000	0.100	99.900	0.000	2.655	12.891		长4+5!2^(2_1)
地92-95	2291.750	115.794	95.608	52.845	47.155	13.016	235.445	0.000	0.010	0.000	0.100	99.900	0.000	2.654	13.483		长4+5!2^(2_1)
地92-95	2291.875	110.387	95.400	44.854	55.146	13.706	230.518	0.000	0.010	0.000	0.100	99.900	0.000	2.656	14.129		长4+5!2^(2_1)
地92-95	2292.000	100.458	95.163	35.525	64.475	14.322	223.491	0.000	0.010	0.000	0.100	99.900	0.000	2.661	14.563		长4+5!2^(2_1)
地92-95	2292.125	88.965	94.899	29.418	70.582	14.669	216.033	0.000	0.010	0.000	0.100	99.900	0.000	2.664	14.572		长4+5!2^(2_1)
地92-95	2292.250	82.860	94.606	29.800	70.200	14.517	211.333	0.000	0.010	0.000	0.100	99.900	0.000	2.662	14.358		长4+5!2^(2_1)
地92-95	2292.375	86.574	94.285	37.549	62.451	14.282	211.424	0.000	0.010	0.000	0.100	99.900	0.000	2.654	14.117		长4+5!2^(2_1)
地92-95	2292.500	99.202	93.940	49.147	50.853	14.041	216.973	0.000	0.010	0.000	0.100	99.900	0.000	2.638	13.941		长4+5!2^(2_1)
地92-95	2292.625	112.365	93.570	60.189	39.811	13.898	226.999	0.000	0.010	0.000	0.100	99.900	0.000	2.617	13.884		长4+5!2^(2_1)
地92-95	2292.750	122.260	93.177	68.472	31.528	13.880	239.083	0.000	0.010	0.000	0.100	99.900	0.000	2.595	13.714		长4+5!2^(2_1)
地92-95	2292.875	128.532	92.761	74.304	25.696	13.632	249.684	0.000	0.010	0.000	0.100	99.900	0.000	2.577	13.231		长4+5!2^(2_1)
地92-95	2293.000	132.756	92.326	72.567	27.433	13.038	256.321	0.000	0.010	0.000	0.100	99.900	0.000	2.567	12.604		长4+5!2^(2_1)
地92-95	2293.125	128.600	91.873	60.161	39.839	12.402	257.677	0.000	0.010	0.000	0.100	99.900	0.000	2.566	12.230		长4+5!2^(2_1)
地92-95	2293.250	114.328	91.401	46.045	53.955	12.158	253.450	0.000	0.010	0.000	0.100	99.900	0.000	2.573	12.075		长4+5!2^(2_1)
地92-95	2293.375	100.481	90.913	37.437	62.563	12.039	246.501	0.000	0.010	0.000	0.100	99.900	0.000	2.585	12.118		长4+5!2^(2_1)
地92-95	2293.500	92.729	90.410	33.057	66.943	12.159	239.236	0.000	0.010	0.000	0.100	99.900	0.000	2.596	12.254		长4+5!2^(2_1)
地92-95	2293.625	88.236	89.893	30.728	69.272	12.299	233.388	0.000	0.010	0.000	0.100	99.900	0.000	2.604	12.527		长4+5!2^(2_1)
地92-95	2293.750	85.798	89.360	28.887	71.113	12.636	229.756	0.000	0.010	0.000	0.100	99.900	0.000	2.608	12.897		长4+5!2^(2_1)
地92-95	2293.875	83.186	88.813	27.530	72.470	13.019	227.454	0.000	0.010	0.000	0.100	99.900	0.000	2.609	13.210		长4+5!2^(2_1)
地92-95	2294.000	81.639	88.252	27.092	72.908	13.296	225.865	0.000	0.010	0.000	0.100	99.900	0.000	2.609	13.558		长4+5!2^(2_1)
地92-95	2294.125	81.449	87.677	27.769	72.231	13.681	224.884	0.000	0.010	0.000	0.100	99.900	0.000	2.609	13.985		长4+5!2^(2_1)
地92-95	2294.250	82.951	87.084	30.455	69.545	14.126	224.992	0.000	0.010	0.000	0.100	99.900	0.000	2.610	14.354		长4+5!2^(2_1)
地92-95	2294.375	87.693	86.474	35.838	64.162	14.458	226.202	0.000	0.010	0.000	0.100	99.900	0.000	2.612	14.736		长4+5!2^(2_1)
地92-95	2294.500	95.675	85.846	44.386	55.614	14.866	228.192	0.000	0.010	0.000	0.100	99.900	0.000	2.616	14.965		长4+5!2^(2_1)
地92-95	2294.625	106.622	85.199	51.696	48.304	15.005	230.416	0.000	0.010	0.000	0.100	99.900	0.000	2.621	15.000		长4+5!2^(2_1)
地92-95	2294.750	112.943	84.528	53.950	46.050	14.995	232.389	0.000	0.010	0.000	0.100	99.900	0.000	2.627	15.062		长4+5!2^(2_1)
地92-95	2294.875	113.383	83.835	52.953	47.047	15.095	233.983	0.000	0.010	0.000	0.100	99.900	0.000	2.630	15.370		长4+5!2^(2_1)
地92-95	2295.000	111.800	83.118	50.754	49.246	15.503	235.074	0.000	0.010	0.000	0.100	99.900	0.000	2.630	15.778		长4+5!2^(2_1)
地92-95	2295.125	109.275	82.376	46.759	53.241	15.904	235.382	0.000	0.010	0.000	0.100	99.900	0.000	2.624	16.546		长4+5!2^(2_1)
地92-95	2295.250	104.207	81.608	41.547	58.453	16.855	234.484	0.000	0.010	0.000	0.100	99.900	0.000	2.614	17.453		长4+5!2^(2_1)
地92-95	2295.375	98.040	80.814	38.592	61.408	17.728	232.711	0.000	0.010	0.000	0.100	99.900	0.000	2.604	18.204		长4+5!2^(2_1)
地92-95	2295.500	95.972	79.996	40.707	59.293	18.421	230.543	0.000	0.010	0.000	0.100	99.900	0.000	2.595	19.099		长4+5!2^(2_1)
地92-95	2295.625	100.608	79.155	53.109	46.891	19.419	228.339	0.000	0.010	0.000	0.100	99.900	0.000	2.591	20.339		长4+5!2^(2_1)
地92-95	2295.750	117.647	78.292	69.894	30.106	20.772	226.075	0.000	0.010	0.000	0.100	99.900	0.000	2.589	21.423		长4+5!2^(2_1)
地92-95	2295.875	132.111	77.409	69.086	30.914	21.715	223.713	0.000	0.010	0.000	0.100	99.900	0.000	2.584	22.351		长4+5!2^(2_1)
地92-95	2296.000	124.264	76.511	47.319	52.681	22.646	221.704	0.000	0.010	0.000	0.100	99.900	0.000	2.574	23.335		长4+5!2^(2_1)
地92-95	2296.125	96.181	75.601	21.508	78.492	23.656	220.934	0.091	0.827	7.463	7.153	66.625	0.330	2.554	23.896		长4+5!2^(2_2)
地92-95	2296.250	75.485	74.682	12.103	87.897	23.993	222.506	0.284	1.402	9.779	11.328	46.983	0.325	2.530	24.216	油层	长4+5!2^(2_2)
地92-95	2296.375	70.770	73.759	12.785	87.215	24.319	225.937	0.431	1.629	10.627	11.719	45.233	0.320	2.505	24.678	油层	长4+5!2^(2_2)
地92-95	2296.500	74.426	72.838	14.452	85.548	24.848	230.226	0.445	1.884	10.694	12.116	43.558	0.315	2.484	25.155	油层	长4+5!2^(2_2)
地92-95	2296.625	78.727	71.921	16.284	83.716	25.295	234.195	0.438	2.092	10.660	12.410	42.387	0.312	2.471	25.500	油层	长4+5!2^(2_2)
地92-95	2296.750	83.633	71.015	18.886	81.114	25.592	236.778	0.389	2.210	10.419	12.567	41.540	0.308	2.464	25.993	油层	长4+5!2^(2_2)
地92-95	2296.875	91.521	70.125	21.857	78.143	26.185	237.946	0.276	2.234	9.720	12.598	40.881	0.302	2.460	26.725	油层	长4+5!2^(2_2)
地92-95	2297.000	99.140	69.252	22.970	77.030	26.979	237.883	0.186	2.181	8.921	12.530	40.539	0.297	2.460	27.428	油层	长4+5!2^(2_2)
地92-95	2297.125	99.940	68.402	21.384	78.616	27.632	236.882	0.170	2.075	8.733	12.387	40.567	0.293	2.462	27.921	油层	长4+5!2^(2_2)
地92-95	2297.250	94.285	67.580	18.934	81.066	28.050	235.207	0.208	1.938	9.147	12.197	40.761	0.289	2.466	28.390	油层	长4+5!2^(2_2)
地92-95	2297.375	88.335	66.788	16.499	83.501	28.549	233.117	0.254	1.772	9.548	11.950	40.811	0.282	2.474	29.324	油层	长4+5!2^(2_2)
地92-95	2297.500	82.021	66.028	14.332	85.668	29.696	230.345	0.304	1.554	9.916	11.595	40.799	0.271	2.487	30.879	油层	长4+5!2^(2_2)
地92-95	2297.625	76.872	65.302	12.236	87.764	31.439	226.276	0.321	1.272	10.028	11.072	41.133	0.259	2.505	32.859	油层	长4+5!2^(2_2)
地92-95	2297.750	71.472	64.615	10.539	89.461	33.523	220.247	0.000	0.979	0.000	10.427	42.509	0.000	2.526	34.052	油层	长4+5!2^(2_2)
地92-95	2297.875	68.206	63.967	14.880	85.120	34.268	213.344	0.000	0.321	0.000	3.725	79.515	0.000	2.545	34.522		长4+5!2^(2_2)
地92-95	2298.000	66.769	63.358	18.222	81.778	34.633	207.490	0.000	0.010	0.000	0.100	99.900	0.000	2.559	34.246		长4+5!2^(2_2)
地92-95	2298.125	68.257	62.789	20.367	79.633	34.048	204.820	0.000	0.010	0.000	0.100	99.900	0.000	2.563	33.942		长4+5!2^(2_2)
地92-95	2298.250	72.695	62.264	15.536	84.464	33.903	207.171	0.149	0.569	8.472	6.572	63.744	0.254	2.559	33.803		长4+5!2^(2_2)
地92-95	2298.375	75.721	61.782	12.765	87.235	33.756	212.970	0.172	1.075	8.761	10.650	41.966	0.254	2.548	33.723	油层	长4+5!2^(2_2)
地92-95	2298.500	76.409	61.340	14.582	85.418	33.710	220.111	0.240	1.390	9.434	11.297	39.859	0.253	2.534	33.825	油层	长4+5!2^(2_2)
地92-95	2298.625	81.931	60.939	17.852	82.148	33.882	226.527	0.251	1.661	9.528	11.773	38.637	0.255	2.520	33.553	油层	长4+5!2^(2_2)
地92-95	2298.750	91.411	60.582	20.546	79.454	33.387	230.695	0.191	1.838	8.976	12.050	37.798	0.254	2.509	33.704	油层	长4+5!2^(2_2)
地92-95	2298.875	96.540	60.266	22.212	77.788	33.872	232.953	0.165	1.925	8.678	12.179	37.107	0.251	2.502	34.345	油层	长4+5!2^(2_2)
地92-95	2299.000	99.964	59.990	22.901	77.099	34.567	233.866	0.145	1.945	8.416	12.207	36.468	0.245	2.499	35.421	油层	长4+5!2^(2_2)
地92-95	2299.125	100.766	59.750	21.618	78.382	35.828	233.884	0.140	1.909	8.335	12.157	35.933	0.239	2.500	36.742	油层	长4+5!2^(2_2)
地92-95	2299.250	95.790	59.551	18.633	81.367	37.166	233.109	0.173	1.835	8.772	12.047	35.714	0.234	2.503	37.760	油层	长4+5!2^(2_2)
地92-95	2299.375	86.912	59.387	15.500	84.500	38.025	231.825	0.255	1.747	9.562	11.914	35.603	0.229	2.506	38.719	油层	长4+5!2^(2_2)
地92-95	2299.500	78.447	59.256	13.341	86.659	39.045	230.413	0.366	1.675	10.295	11.800	35.458	0.224	2.508	39.673	油层	长4+5!2^(2_2)
地92-95	2299.625	73.088	59.155	12.430	87.570	39.962	229.359	0.456	1.642	10.743	11.746	35.228	0.221	2.507	40.500	油层	长4+5!2^(2_2)
地92-95	2299.750	71.469	59.084	11.661	88.339	40.746	229.050	0.488	1.641	10.879	11.746	34.945	0.218	2.505	41.164	油层	长4+5!2^(2_2)
地92-95	2299.875	68.290	59.041	10.752	89.248	41.354	229.175	0.577	1.648	11.223	11.757	34.724	0.216	2.506	41.623	油层	长4+5!2^(2_2)
地92-95	2300.000	65.118	59.019	10.617	89.383	41.743	229.276	0.682	1.638	11.563	11.741	34.573	0.214	2.510	42.083	油层	长4+5!2^(2_2)
地92-95	2300.125	66.050	59.017	11.873	88.127	42.243	228.979	0.641	1.596	11.435	11.671	34.553	0.212	2.518	42.557	油层	长4+5!2^(2_2)
地92-95	2300.250	72.270	59.033	13.379	86.621	42.702	228.060	0.445	1.523	10.693	11.547	34.573	0.210	2.529	43.284	油层	长4+5!2^(2_2)
地92-95	2300.375	77.127	59.064	13.736	86.264	43.562	226.621	0.323	1.425	10.037	11.373	34.568	0.206	2.539	44.421	油层	长4+5!2^(2_2)
地92-95	2300.500	77.264	59.107	12.896	87.104	44.827	224.665	0.290	1.305	9.819	11.147	34.775	0.203	2.544	45.410	油层	长4+5!2^(2_2)
地92-95	2300.625	74.187	59.159	12.322	87.678	45.671	222.155	0.298	1.165	9.878	10.863	34.907	0.198	2.544	47.084	油层	长4+5!2^(2_2)
地92-95	2300.750	74.184	59.219	12.286	87.714	47.764	219.034	0.254	1.021	9.553	10.541	35.005	0.191	2.541	49.265	油层	长4+5!2^(2_2)
地92-95	2300.875	75.334	59.284	12.444	87.556	49.961	215.623	0.201	0.893	9.078	10.224	35.262	0.186	2.538	51.107	油层	长4+5!2^(2_2)
地92-95	2301.000	76.905	59.354	12.516	87.484	51.626	212.443	0.158	0.312	8.583	9.983	35.576	0.183	2.535	52.266	油层	长4+5!2^(2_2)
地92-95	2301.125	77.530	59.427	12.273	87.727	52.547	210.290	0.137	0.010	8.294	9.922	35.524	0.182	2.533	52.962	油层	长4+5!2^(2_2)
地92-95	2301.250	76.292	59.503	12.273	87.727	53.148	210.386	0.147	0.560	8.433	10.079	34.892	0.180	2.529	53.472	油层	长4+5!2^(2_2)
地92-95	2301.375	76.266	59.583	12.719	87.281	53.619	212.709	0.165	0.967	8.677	10.408	33.721	0.178	2.521	54.246	油层	长4+5!2^(2_2)
地92-95	2301.500	77.030	59.666	12.814	87.186	54.545	216.593	0.194	1.141	9.003	10.809	32.399	0.176	2.509	55.132	油层	长4+5!2^(2_2)
地92-95	2301.625	75.371	59.755	11.668	88.332	55.401	220.814	0.262	1.308	9.615	11.151	31.376	0.174	2.494	55.752	油层	长4+5!2^(2_2)
地92-95	2301.750	68.946	59.849	9.884	90.116	55.907	223.995	0.428	1.426	10.615	11.375	30.687	0.172	2.479	56.353	油层	长4+5!2^(2_2)
地92-95	2301.875	61.795	59.952	8.463	91.537	56.562	225.891	0.680	1.494	11.556	11.497	30.320	0.171	2.470	56.692	油层	长4+5!2^(2_2)
地92-95	2302.000	56.885	60.064	7.505	92.495	56.742	226.855	0.918	1.530	12.167	11.559	30.203	0.171	2.469	56.611	油层	长4+5!2^(2_2)
地92-95	2302.125	53.376	60.186	6.625	93.375	56.543	227.364	1.128	1.545	12.586	11.586	30.082	0.171	2.481	56.849	油层	长4+5!2^(2_2)
地92-95	2302.250	49.593	60.323	5.895	94.105	57.005	227.527	1.380	1.530	12.996	11.560	30.149	0.170	2.502	56.806	油层	长4+5!2^(2_2)
地92-95	2302.375	46.992	60.474	5.639	94.361	56.698	227.063	1.539	1.464	13.218	11.444	30.432	0.171	2.532	56.719		长4+5!2^(2_2)
地92-95	2302.500	47.120	60.641	5.426	94.574	56.737	225.509	1.412	1.335	13.043	11.204	31.051	0.171	2.566	56.478		长4+5!2^(2_2)
地92-95	2302.625	46.651	60.825	4.986	95.014	56.350	222.602	1.246	1.159	12.789	10.846	32.114	0.173	2.599	55.789		长4+5!2^(2_2)
地92-95	2302.750	45.539	61.029	4.983	95.017	55.520	218.564	1.073	0.988	12.484	10.461	33.546	0.176	2.623	54.365		长4+5!2^(2_2)
地92-95	2302.875	47.762	61.252	5.821	94.179	53.812	214.642	0.783	0.869	11.844	10.163	34.908	0.181	2.635	52.690		长4+5!2^(2_2)
地92-95	2303.000	53.325	61.494	7.380	92.620	52.173	211.994	0.515	0.819	10.990	10.030	35.888	0.186	2.633	50.959	油层	长4+5!2^(2_2)
地92-95	2303.125	60.727	61.755	8.836	91.164	50.394	211.230	0.339	0.829	10.140	10.056	36.411	0.191	2.620	49.289	油层	长4+5!2^(2_2)
地92-95	2303.250	65.484	62.036	9.409	90.591	48.781	211.957	0.276	0.849	9.721	10.110	36.526	0.193	2.605	48.525	油层	长4+5!2^(2_2)
地92-95	2303.375	66.219	62.335	9.210	90.790	48.433	212.411	0.272	0.828	9.692	10.053	36.814	0.194	2.595	48.234	油层	长4+5!2^(2_2)
地92-95	2303.500	65.078	62.652	8.688	91.312	48.141	211.310	0.000	0.299	0.000	9.825	37.723	0.000	2.594	47.764	油层	长4+5!2^(2_2)
地92-95	2303.625	63.712	62.985	12.492	87.508	47.584	208.379	0.000	0.010	0.000	3.557	77.705	0.000	2.599	46.759	油层	长4+5!2^(2_2)
地92-95	2303.750	61.785	63.335	13.782	86.218	46.363	204.675	0.000	0.010	0.000	0.100	99.900	0.000	2.605	45.263	油层	长4+5!2^(2_2)
地92-95	2303.875	59.077	63.699	13.648	86.352	44.746	202.090	0.000	0.010	0.000	0.100	99.900	0.000	2.604	43.253	油层	长4+5!2^(2_2)
地92-95	2304.000	60.074	64.076	16.342	83.658	42.550	201.752	0.000	0.010	0.000	0.100	99.900	0.000	2.592	41.816	油层	长4+5!2^(2_2)
地92-95	2304.125	66.621	64.466	22.083	77.917	41.502	203.803	0.000	0.010	0.000	0.100	99.900	0.000	2.572	40.390	油层	长4+5!2^(2_2)
地92-95	2304.250	77.272	64.868	18.355	81.645	39.862	207.582	0.121	0.536	8.039	6.482	62.053	0.227	2.550	39.388	油层	长4+5!2^(2_2)
地92-95	2304.375	84.430	65.281	15.473	84.527	39.189	211.606	0.103	0.912	7.713	10.273	40.385	0.230	2.532	38.653	油层	长4+5!2^(2_2)
地92-95	2304.500	86.457	65.706	15.469	84.531	38.401	215.015	0.111	1.019	7.858	10.537	40.005	0.234	2.522	37.733	油层	长4+5!2^(2_2)
地92-95	2304.625	84.409	66.141	14.490	85.510	37.420	217.415	0.139	1.087	8.321	10.695	40.036	0.239	2.521	36.738	油层	长4+5!2^(2_2)
地92-95	2304.750	80.298	66.589	13.352	86.648	36.422	218.682	0.183	1.122	8.880	10.773	40.382	0.244	2.524	35.673	油层	长4+5!2^(2_2)
地92-95	2304.875	76.631	67.049	12.875	87.125	35.324	219.280	0.227	1.139	9.324	10.810	40.857	0.249	2.529	34.644	油层	长4+5!2^(2_2)
地92-95	2305.000	75.960	67.522	13.632	86.368	34.331	219.578	0.239	1.152	9.425	10.838	41.418	0.255	2.532	33.567	油层	长4+5!2^(2_2)
地92-95	2305.125	79.754	68.010	14.796	85.204	33.210	219.866	0.200	1.169	9.060	10.875	41.880	0.260	2.533	32.642	油层	长4+5!2^(2_2)
地92-95	2305.250	83.114	68.515	15.131	84.869	32.385	220.284	0.172	1.189	8.754	10.917	42.542	0.268	2.532	31.435	油层	长4+5!2^(2_2)
地92-95	2305.375	82.845	69.038	14.423	85.577	30.984	220.725	0.178	1.206	8.828	10.952	43.354	0.277	2.530	30.104	油层	长4+5!2^(2_2)
地92-95	2305.500	79.614	69.580	13.831	86.169	29.700	221.048	0.214	1.216	9.198	10.972	44.062	0.284	2.527	29.049	油层	长4+5!2^(2_2)
地92-95	2305.625	78.405	70.143	14.154	85.846	28.754	221.205	0.229	1.222	9.340	10.985	44.927	0.293	2.524	27.894	油层	长4+5!2^(2_2)
地92-95	2305.750	80.425	70.730	14.628	85.372	27.488	221.319	0.208	1.233	9.142	11.006	46.034	0.304	2.522	26.484	油层	长4+5!2^(2_2)
地92-95	2305.875	81.486	71.343	15.294	84.706	26.015	221.600	0.200	1.255	9.061	11.050	46.782	0.314	2.521	25.464	油层	长4+5!2^(2_2)
地92-95	2306.000	83.850	71.980	16.249	83.751	25.223	222.131	0.182	1.286	8.870	11.112	47.360	0.322	2.520	24.615	油层	长4+5!2^(2_2)
地92-95	2306.125	86.667	72.643	16.922	83.078	24.331	222.811	0.163	1.315	8.648	11.169	47.925	0.330	2.520	23.829	油层	长4+5!2^(2_2)
地92-95	2306.250	87.976	73.334	17.602	82.398	23.600	223.352	0.157	1.331	8.568	11.199	48.503	0.337	2.521	23.161	油层	长4+5!2^(2_2)
地92-95	2306.375	90.148	74.053	18.421	81.579	22.959	223.545	0.142	1.327	8.362	11.191	48.962	0.342	2.524	22.752	油层	长4+5!2^(2_2)
地92-95	2306.500	92.524	74.797	19.039	80.961	22.664	223.342	0.124	1.305	8.094	11.148	49.638	0.347	2.529	22.282	油层	长4+5!2^(2_2)
地92-95	2306.625	94.082	75.564	19.038	80.962	22.100	222.793	0.111	1.263	7.875	11.067	50.390	0.352	2.535	21.890	油层	长4+5!2^(2_2)
地92-95	2306.750	93.686	76.354	18.146	81.854	21.799	221.815	0.108	1.196	7.814	10.930	51.124	0.354	2.543	21.718	油层	长4+5!2^(2_2)
地92-95	2306.875	90.812	77.164	16.099	83.901	21.683	220.202	0.115	1.093	7.945	10.706	52.133	0.355	2.555	21.630	油层	长4+5!2^(2_2)
地92-95	2307.000	84.357	77.989	14.135	85.865	21.606	217.569	0.140	0.950	8.342	10.368	53.559	0.355	2.572	21.639	油层	长4+5!2^(2_2)
地92-95	2307.125	80.150	78.824	12.764	87.236	21.657	213.683	0.000	0.328	0.000	9.934	55.585	0.000	2.591	21.602	油层	长4+5!2^(2_2)
地92-95	2307.250	77.461	79.666	18.743	81.257	21.574	208.945	0.000	0.010	0.000	3.574	84.268	0.000	2.609	21.131		长4+5!2^(2_2)
地92-95	2307.375	74.530	80.507	21.382	78.618	20.914	205.193	0.000	0.010	0.000	0.100	99.900	0.000	2.625	19.954		长4+5!2^(2_2)
地92-95	2307.500	72.144	81.343	20.730	79.270	19.494	204.745	0.000	0.010	0.000	0.100	99.900	0.000	2.637	18.602		长4+5!2^(2_2)
地92-95	2307.625	71.771	82.167	23.322	76.678	18.193	209.583	0.000	0.010	0.000	0.100	99.900	0.000	2.644	17.064		长4+5!2^(2_2)
地92-95	2307.750	77.887	82.971	31.210	68.790	16.534	220.766	0.000	0.010	0.000	0.100	99.900	0.000	2.648	15.714		长4+5!2^(2_2)
地92-95	2307.875	91.292	83.749	44.126	55.874	15.344	234.976	0.000	0.010	0.000	0.100	99.900	0.000	2.652	14.899		长4+5!2^(2_2)
地92-95	2308.000	107.926	84.495	55.901	44.099	14.705	248.553	0.000	0.010	0.000	0.100	99.900	0.000	2.654	14.383		长4+5!2^(2_2)
地92-95	2308.125	118.294	85.206	59.914	40.086	14.238	258.193	0.000	0.010	0.000	0.100	99.900	0.000	2.655	14.129		长4+5!2^(2_2)
地92-95	2308.250	119.202	85.869	58.114	41.886	14.084	261.163	0.000	0.010	0.000	0.100	99.900	0.000	2.654	14.106		长4+5!2^(2_2)
地92-95	2308.375	116.421	86.483	54.290	45.710	14.120	258.780	0.000	0.010	0.000	0.100	99.900	0.000	2.650	14.143		长4+5!2^(2_2)
地92-95	2308.500	112.326	87.046	50.517	49.483	14.154	252.858	0.000	0.010	0.000	0.100	99.900	0.000	2.644	14.186		长4+5!2^(2_2)
地92-95	2308.625	108.691	87.554	48.075	51.925	14.200	245.632	0.000	0.010	0.000	0.100	99.900	0.000	2.636	14.167		长4+5!2^(2_2)
地92-95	2308.750	106.670	88.000	48.182	51.818	14.150	239.490	0.000	0.010	0.000	0.100	99.900	0.000	2.629	14.264		长4+5!2^(2_2)
地92-95	2308.875	107.808	88.385	51.639	48.361	14.322	235.484	0.000	0.010	0.000	0.100	99.900	0.000	2.622	14.541		长4+5!2^(2_3)
地92-95	2309.000	112.505	88.711	56.617	43.383	14.645	233.473	0.000	0.010	0.000	0.100	99.900	0.000	2.618	14.757		长4+5!2^(2_3)
地92-95	2309.125	117.470	88.979	61.033	38.967	14.805	232.588	0.000	0.010	0.000	0.100	99.900	0.000	2.618	15.124		长4+5!2^(2_3)
地92-95	2309.250	121.234	89.186	64.150	35.850	15.278	232.005	0.000	0.010	0.000	0.100	99.900	0.000	2.620	15.492		长4+5!2^(2_3)
地92-95	2309.375	123.621	89.335	65.599	34.401	15.588	231.666	0.000	0.010	0.000	0.100	99.900	0.000	2.625	15.749		长4+5!2^(2_3)
地92-95	2309.500	124.388	89.434	67.389	32.611	15.823	232.033	0.000	0.010	0.000	0.100	99.900	0.000	2.630	16.067		长4+5!2^(2_3)
地92-95	2309.625	126.356	89.485	70.694	29.306	16.183	233.255	0.000	0.010	0.000	0.100	99.900	0.000	2.632	16.730		长4+5!2^(2_3)
地92-95	2309.750	129.519	89.459	68.972	31.028	16.993	234.617	0.000	0.010	0.000	0.100	99.900	0.000	2.631	17.622		长4+5!2^(2_3)
地92-95	2309.875	125.760	89.384	56.656	43.344	17.915	234.989	0.000	0.010	0.000	0.100	99.900	0.000	2.626	18.646		长4+5!2^(2_3)
地92-95	2310.000	110.730	89.287	42.459	57.541	18.987	233.924	0.000	0.010	0.000	0.100	99.900	0.000	2.616	19.661		长4+5!2^(2_3)
地92-95	2310.125	96.261	89.164	24.849	75.151	19.972	231.860	0.159	1.082	8.593	7.604	67.425	0.371	2.604	20.362		长4+5!2^(2_3)
地92-95	2310.250	87.923	89.021	16.498	83.502	20.533	229.919	0.220	1.642	9.258	11.746	49.311	0.366	2.591	20.671	差油层	长4+5!2^(2_3)
地92-95	2310.375	83.196	88.864	16.853	83.147	20.727	228.787	0.264	1.596	9.632	11.672	49.255	0.362	2.581	20.942	差油层	长4+5!2^(2_3)
地92-95	2310.500	87.334	88.698	19.582	80.418	21.044	228.184	0.207	1.547	9.138	11.588	48.894	0.356	2.579	21.515	差油层	长4+5!2^(2_3)
地92-95	2310.625	96.745	88.525	21.514	78.486	21.741	227.178	0.122	1.432	8.054	11.384	49.007	0.350	2.587	22.066	差油层	长4+5!2^(2_3)
地92-95	2310.750	100.578	88.350	20.651	79.349	22.212	224.548	0.088	1.247	7.382	11.028	49.541	0.342	2.602	22.790	差油层	长4+5!2^(2_3)
地92-95	2310.875	96.997	88.175	18.347	81.653	23.066	220.400	0.085	1.040	7.322	10.580	50.473	0.334	2.622	23.553	差油层	长4+5!2^(2_3)
地92-95	2311.000	91.548	88.004	16.154	83.846	23.775	215.572	0.088	0.865	7.386	10.149	51.788	0.329	2.641	23.997	差油层	长4+5!2^(2_3)
地92-95	2311.125	86.747	87.838	15.493	84.507	24.092	211.333	0.090	0.297	7.444	9.876	52.558	0.325	2.654	24.388	差油层	长4+5!2^(2_3)
地92-95	2311.250	87.391	87.679	16.182	83.818	24.527	209.207	0.078	0.010	7.155	9.822	52.587	0.323	2.659	24.583	差油层	长4+5!2^(2_3)
地92-95	2311.375	90.255	87.528	17.066	82.934	24.602	209.384	0.068	0.530	6.876	9.964	52.037	0.324	2.655	24.508	差油层	长4+5!2^(2_3)
地92-95	2311.500	92.050	87.384	18.128	81.872	24.461	211.431	0.069	0.890	6.902	10.218	50.880	0.324	2.645	24.572	差油层	长4+5!2^(2_3)
地92-95	2311.625	94.586	87.250	19.735	80.265	24.630	214.301	0.070	0.983	6.938	10.453	49.739	0.322	2.631	24.740	差油层	长4+5!2^(2_3)
地92-95	2311.750	98.854	87.123	19.569	80.431	24.790	216.488	0.063	1.033	6.721	10.573	49.071	0.320	2.617	24.932	差油层	长4+5!2^(2_3)
地92-95	2311.875	95.545	87.005	17.329	82.671	24.999	217.262	0.078	1.033	7.146	10.573	48.988	0.319	2.606	25.017	差油层	长4+5!2^(2_3)
地92-95	2312.000	87.966	86.892	15.567	84.433	25.021	216.909	0.113	1.015	7.898	10.531	49.075	0.318	2.597	25.093	差油层	长4+5!2^(2_3)
地92-95	2312.125	84.315	86.786	15.655	84.345	25.128	216.473	0.133	1.033	8.232	10.572	48.961	0.318	2.593	25.047	差油层	长4+5!2^(2_3)
地92-95	2312.250	86.260	86.683	17.067	82.933	25.004	217.315	0.126	1.109	8.118	10.743	48.282	0.318	2.592	25.070	差油层	长4+5!2^(2_3)
地92-95	2312.375	90.625	86.583	18.243	81.757	25.105	219.509	0.112	1.231	7.892	11.000	47.327	0.318	2.593	25.076	差油层	长4+5!2^(2_3)
地92-95	2312.500	92.332	86.485	18.332	81.668	25.059	222.343	0.119	1.362	8.010	11.257	46.517	0.319	2.596	24.961	差油层	长4+5!2^(2_3)
地92-95	2312.625	90.811	86.386	19.073	80.927	24.913	224.893	0.147	1.466	8.434	11.447	45.934	0.319	2.599	24.884	差油层	长4+5!2^(2_3)
地92-95	2312.750	93.837	86.285	22.276	77.724	24.873	226.565	0.137	1.539	8.293	11.575	45.608	0.321	2.599	24.771	差油层	长4+5!2^(2_3)
地92-95	2312.875	104.017	86.181	27.282	72.718	24.721	227.730	0.086	1.601	7.356	11.678	45.403	0.323	2.596	24.621	差油层	长4+5!2^(2_3)
地92-95	2313.000	115.980	86.072	32.066	67.934	24.575	228.761	0.049	1.654	6.218	11.767	45.224	0.325	2.589	24.503	差油层	长4+5!2^(2_3)
地92-95	2313.125	124.881	85.957	33.141	66.859	24.471	229.615	0.033	1.665	5.381	11.784	44.852	0.322	2.581	24.851	差油层	长4+5!2^(2_3)
地92-95	2313.250	123.804	85.837	28.849	71.151	25.042	229.462	0.034	1.591	5.478	11.661	44.687	0.316	2.574	25.482	差油层	长4+5!2^(2_3)
地92-95	2313.375	111.608	85.709	21.251	78.749	25.687	227.673	0.058	1.430	6.560	11.380	45.123	0.310	2.568	26.048	差油层	长4+5!2^(2_3)
地92-95	2313.500	91.958	85.576	14.509	85.491	26.213	224.254	0.134	1.235	8.248	11.004	46.250	0.307	2.566	26.246	差油层	长4+5!2^(2_3)
地92-95	2313.625	75.159	85.436	11.206	88.794	26.251	220.190	0.257	1.092	9.572	10.705	47.715	0.310	2.567	25.833	差油层	长4+5!2^(2_3)
地92-95	2313.750	68.902	85.291	11.153	88.847	25.626	217.600	0.309	1.060	9.953	10.636	48.422	0.314	2.573	25.350	差油层	长4+5!2^(2_3)
地92-95	2313.875	71.844	85.143	13.819	86.181	25.227	217.781	0.269	1.153	9.666	10.837	48.013	0.318	2.584	24.985	差油层	长4+5!2^(2_3)
地92-95	2314.000	82.394	84.993	19.323	80.677	24.873	220.734	0.182	1.347	8.876	11.223	46.685	0.319	2.599	24.919	差油层	长4+5!2^(2_3)
地92-95	2314.125	99.168	84.844	25.097	74.903	24.950	225.160	0.097	1.556	7.592	11.600	45.124	0.317	2.617	25.224	差油层	长4+5!2^(2_3)
地92-95	2314.250	111.115	84.699	26.946	73.054	25.357	228.748	0.063	1.667	6.723	11.786	43.899	0.311	2.632	25.938	差油层	长4+5!2^(2_3)
地92-95	2314.375	111.120	84.561	23.934	76.066	26.217	229.870	0.067	1.610	6.840	11.694	43.324	0.302	2.640	26.989	差油层	长4+5!2^(2_3)
地92-95	2314.500	101.117	84.432	18.904	81.096	27.352	227.940	0.101	1.401	7.679	11.323	43.925	0.295	2.643	27.730	差油层	长4+5!2^(2_3)
地92-95	2314.625	88.455	84.319	14.364	85.636	27.893	223.244	0.152	1.117	8.507	10.747	45.559	0.291	2.642	28.166	差油层	长4+5!2^(2_3)
地92-95	2314.750	77.447	84.225	11.066	88.934	28.290	216.760	0.000	0.369	0.000	10.132	47.810	0.000	2.643	28.257	差油层	长4+5!2^(2_3)
地92-95	2314.875	69.315	84.152	13.768	86.232	28.232	210.528	0.000	0.010	0.000	3.627	81.494	0.000	2.648	27.849		长4+5!2^(2_3)
地92-95	2315.000	63.906	84.106	15.134	84.866	27.661	206.229	0.000	0.010	0.000	0.100	99.900	0.000	2.655	27.102		长4+5!2^(2_3)
地92-95	2315.125	61.764	84.092	15.615	84.385	26.839	205.000	0.000	0.010	0.000	0.100	99.900	0.000	2.656	25.974		长4+5!2^(2_3)
地92-95	2315.250	64.025	84.114	12.325	87.675	25.565	207.339	0.235	0.535	9.391	6.479	68.998	0.319	2.649	24.845		长4+5!2^(2_3)
地92-95	2315.375	68.884	84.172	11.327	88.673	24.516	211.543	0.227	0.939	9.324	10.339	51.088	0.329	2.633	23.900	差油层	长4+5!2^(2_3)
地92-95	2315.500	73.768	84.270	12.830	87.170	23.617	216.062	0.223	1.101	9.287	10.722	50.642	0.340	2.611	22.871	差油层	长4+5!2^(2_3)
地92-95	2315.625	77.318	84.415	13.593	86.407	22.522	219.725	0.224	1.221	9.299	10.981	50.783	0.351	2.588	21.842	差油层	长4+5!2^(2_3)
地92-95	2315.750	78.211	84.607	13.778	86.222	21.530	221.926	0.240	1.297	9.435	11.133	51.052	0.360	2.570	21.113	差油层	长4+5!2^(2_3)
地92-95	2315.875	78.057	84.845	13.699	86.301	20.927	223.209	0.258	1.347	9.585	11.230	51.505	0.369	2.560	20.444	差油层	长4+5!2^(2_3)
地92-95	2316.000	77.360	85.129	13.722	86.278	20.217	224.083	0.280	1.388	9.749	11.307	51.927	0.377	2.558	19.879	差油层	长4+5!2^(2_3)
地92-95	2316.125	77.486	85.463	14.096	85.904	19.727	224.852	0.289	1.423	9.816	11.370	52.162	0.382	2.563	19.515	差油层	长4+5!2^(2_3)
地92-95	2316.250	78.905	85.846	14.608	85.392	19.420	225.448	0.277	1.439	9.730	11.399	52.712	0.389	2.573	19.031	差油层	长4+5!2^(2_3)
地92-95	2316.375	80.451	86.273	15.169	84.831	18.846	225.599	0.258	1.420	9.585	11.366	53.773	0.399	2.585	18.381	差油层	长4+5!2^(2_3)
地92-95	2316.500	82.417	86.742	15.628	84.372	18.163	225.022	0.227	1.357	9.320	11.248	54.948	0.407	2.596	17.914	差油层	长4+5!2^(2_3)
地92-95	2316.625	84.035	87.254	15.868	84.132	17.806	223.504	0.193	1.242	8.994	11.022	56.614	0.416	2.604	17.467	差油层	长4+5!2^(2_3)
地92-95	2316.750	85.302	87.803	15.529	84.471	17.308	220.802	0.158	1.096	8.581	10.711	58.768	0.424	2.610	17.014	差油层	长4+5!2^(2_3)
地92-95	2316.875	84.503	88.383	14.837	85.163	16.880	217.371	0.138	0.956	8.306	10.384	61.112	0.433	2.617	16.580	差油层	长4+5!2^(2_3)
地92-95	2317.000	83.201	88.991	14.734	85.266	16.441	214.042	0.124	0.862	8.095	10.145	63.620	0.447	2.627	15.914	差油层	长4+5!2^(2_3)
地92-95	2317.125	84.423	89.622	15.537	84.463	15.663	212.005	0.105	0.852	7.756	10.120	65.422	0.465	2.641	15.107	差油层	长4+5!2^(2_3)
地92-95	2317.250	87.526	90.272	17.194	82.806	14.850	212.600	0.093	0.926	7.495	10.311	65.947	0.482	2.657	14.405	差油层	长4+5!2^(2_3)
地92-95	2317.375	92.391	90.932	19.873	80.127	14.203	215.183	0.082	1.047	7.258	10.602	65.561	0.495	2.671	13.907	差油层	长4+5!2^(2_3)
地92-95	2317.500	99.716	91.598	22.295	77.705	13.774	218.341	0.067	1.156	6.825	10.845	65.332	0.507	2.678	13.476	差油层	长4+5!2^(2_3)
地92-95	2317.625	104.419	92.265	22.845	77.155	13.338	220.521	0.059	1.202	6.563	10.944	65.839	0.519	2.679	13.067	差油层	长4+5!2^(2_3)
地92-95	2317.750	103.818	92.925	22.485	77.515	12.943	220.988	0.062	1.216	6.674	10.972	67.236	0.537	2.675	12.481	差油层	长4+5!2^(2_3)
地92-95	2317.875	102.772	93.576	22.942	77.058	12.261	221.222	0.000	1.280	0.000	11.100	68.690	0.000	2.670	11.727	差油层	长4+5!2^(2_3)
地92-95	2318.000	104.424	94.211	40.491	59.509	11.479	223.087	0.000	0.479	0.000	4.077	88.851	0.000	2.666	11.177		长4+5!2^(2_3)
地92-95	2318.125	109.254	94.825	57.293	42.707	11.045	227.918	0.000	0.010	0.000	0.100	99.900	0.000	2.663	10.650		
地92-95	2318.250	119.858	95.415	68.231	31.769	10.463	236.250	0.000	0.010	0.000	0.100	99.900	0.000	2.659	10.064		
地92-95	2318.375	129.290	95.977	75.127	24.873	9.879	246.388	0.000	0.010	0.000	0.100	99.900	0.000	2.653	9.645		
地92-95	2318.500	133.302	96.511	72.980	27.020	9.543	256.657	0.000	0.010	0.000	0.100	99.900	0.000	2.645	9.325		
地92-95	2318.625	128.836	97.010	65.612	34.388	9.225	265.397	0.000	0.010	0.000	0.100	99.900	0.000	2.638	9.185		
地92-95	2318.750	121.883	97.475	61.774	38.226	9.172	270.881	0.000	0.010	0.000	0.100	99.900	0.000	2.634	9.158		
地92-95	2318.875	120.344	97.906	63.168	36.832	9.152	273.468	0.000	0.010	0.000	0.100	99.900	0.000	2.632	9.056		
地92-95	2319.000	122.854	98.304	64.859	35.141	9.009	274.272	0.000	0.010	0.000	0.100	99.900	0.000	2.632	8.881		
地92-95	2319.125	123.789	98.666	64.917	35.083	8.821	274.900	0.000	0.010	0.000	0.100	99.900	0.000	2.633	8.665		
地92-95	2319.250	123.443	98.995	63.691	36.309	8.592	276.820	0.000	0.010	0.000	0.100	99.900	0.000	2.632	8.515		
地92-95	2319.375	122.013	99.293	63.585	36.415	8.482	279.862	0.000	0.010	0.000	0.100	99.900	0.000	2.631	8.356		
地92-95	2224.625--2319.375(平均)	95.165	77.514	35.668	64.332	18.934	235.314	0.168	0.576	4.136	4.929	77.815	0.144	2.581	18.932		
地92-95	2224.625--2319.375(最大)	191.676	99.293	99.900	95.017	57.005	338.529	2.185	2.289	13.932	12.662	99.900	0.551	2.706	56.849		
地92-95	2224.625--2319.375(最小)	45.539	46.335	4.983	0.100	8.482	198.408	0.000	0.010	0.000	0.100	30.082	0.000	2.242	8.356		
