井名	深度	GR	SP	SH	AT90	AC	PERM	POR	SW	CNL	DEN	RT	解释结论	层位
涧39	2229.625	119.36	69.229	85.66	9.734	236.412	0.01	0.1	99.9	29.049	2.539	9.794		chang3
涧39	2229.750	124.79	70.647	93.487	8.656	241.839	0.01	0.1	99.9	32.032	2.508	8.668		chang3
涧39	2229.875	126.946	72.006	95.002	8.447	242.84	0.01	0.1	99.9	33.458	2.484	8.444		chang3
涧39	2230.000	129.929	73.247	99.9	8.491	244.025	0.01	0.1	99.9	33.6	2.468	8.508		chang3
涧39	2230.125	135.594	74.287	99.9	8.146	249.309	0.01	0.1	99.9	33.428	2.455	8.181		chang4+5
涧39	2230.250	141.028	75.1	99.9	7.497	256.734	0.01	0.1	99.9	33.187	2.442	7.513		chang4+5
涧39	2230.375	146.733	75.719	99.9	7.22	260.297	0.01	0.1	99.9	32.976	2.429	7.205		chang4+5
涧39	2230.500	154.15	76.126	99.9	7.528	259.308	0.01	0.1	99.9	33.252	2.42	7.496		chang4+5
涧39	2230.625	157.601	76.318	99.9	8.113	258.055	0.01	0.1	99.9	33.899	2.416	8.093		chang4+5
涧39	2230.750	153.312	76.303	99.9	8.466	261.125	0.01	0.1	99.9	34.215	2.417	8.471		chang4+5
涧39	2230.875	145.158	76.187	99.9	8.361	267.151	0.01	0.1	99.9	34.278	2.422	8.377		chang4+5
涧39	2231.000	139.609	76.026	99.9	8.076	273.196	0.01	0.1	99.9	34.683	2.427	8.078		chang4+5
涧39	2231.125	138.411	75.862	99.9	8.062	277.494	0.01	0.1	99.9	35.563	2.431	8.045		chang4+5
涧39	2231.250	137.109	75.655	99.9	8.397	280.51	0.01	0.1	99.9	36.624	2.433	8.379		chang4+5
涧39	2231.375	132.464	75.393	99.9	8.72	283.048	0.01	0.1	99.9	37.632	2.435	8.718		chang4+5
涧39	2231.500	126.342	75.1	89.682	8.763	282.484	0.01	0.1	99.9	37.823	2.44	8.757		chang4+5
涧39	2231.625	122.334	74.803	84.923	8.924	274.717	0.01	0.1	99.9	35.891	2.452	8.87		chang4+5
涧39	2231.750	118.578	74.472	78.172	9.995	259.554	0.01	0.1	99.9	32.419	2.471	9.89		chang4+5
涧39	2231.875	114.404	74.101	71.955	11.969	245.76	0.01	0.1	99.9	29.341	2.495	11.883		chang4+5
涧39	2232.000	113.787	73.668	73.809	13.482	240.345	0.01	0.1	99.9	28.164	2.515	13.517		chang4+5
涧39	2232.125	116.47	73.162	79.045	12.738	245.39	0.01	0.1	99.9	29.235	2.523	12.848		chang4+5
涧39	2232.250	116.622	72.624	76.578	10.701	256.678	0.01	0.1	99.9	30.995	2.524	10.763		chang4+5
涧39	2232.375	109.728	72.069	62.73	9.646	263.661	0.01	0.1	99.9	31.182	2.529	9.586		chang4+5
涧39	2232.500	98.751	71.516	48.402	10.912	260.182	0.01	0.1	99.9	28.728	2.545	10.718		chang4+5
涧39	2232.625	90.936	71.001	42.119	14.626	247.769	0.01	0.1	99.9	24.92	2.568	14.392		chang4+5
涧39	2232.750	89.045	70.619	42.304	18.876	234.467	0.01	0.1	99.9	21.988	2.598	18.821		chang4+5
涧39	2232.875	91.215	70.425	45.771	19.783	226.482	0.01	0.1	99.9	20.858	2.628	19.858		chang4+5
涧39	2233.000	93.127	70.414	47.105	18.362	223.993	0.01	0.1	99.9	21.049	2.643	18.435		chang4+5
涧39	2233.125	94.292	70.576	48.391	16.987	225.578	0.01	0.1	99.9	21.624	2.633	17.058		chang4+5
涧39	2233.250	100.465	70.899	59.061	15.65	232.661	0.01	0.1	99.9	22.621	2.602	15.719		chang4+5
涧39	2233.375	112.793	71.302	79.133	14.364	246.62	0.01	0.1	99.9	25.144	2.526	14.414		chang4+5
涧39	2233.500	125.466	71.701	99.249	13.421	265.858	0.01	0.1	99.9	29.564	2.467	13.458		chang4+5
涧39	2233.625	134.946	72.027	99.9	12.716	283.434	0.01	0.1	99.9	33.763	2.376	12.754		chang4+5
涧39	2233.750	138.581	72.176	99.9	11.99	289.925	0.01	0.1	99.9	35.401	2.365	12.033		chang4+5
涧39	2233.875	135.396	72.148	99.9	11.177	285.912	0.01	0.1	99.9	34.449	2.387	11.215		chang4+5
涧39	2234.000	128.947	71.979	93.744	10.466	275.76	0.01	0.1	99.9	32.298	2.436	10.488		chang4+5
涧39	2234.125	123.073	71.663	84.733	10.078	263.701	0.01	0.1	99.9	29.917	2.506	10.076		chang4+5
涧39	2234.250	117.858	71.099	76.572	10.127	252.397	0.01	0.1	99.9	27.608	2.578	10.105		chang4+5
涧39	2234.375	114.558	70.325	73.117	10.546	243.955	0.01	0.1	99.9	25.658	2.634	10.516		chang4+5
涧39	2234.500	114.709	69.376	75.292	11.11	240.063	0.01	0.1	99.9	24.517	2.667	11.091		chang4+5
涧39	2234.625	116.645	68.279	78.64	11.461	240.427	0.01	0.1	99.9	24.607	2.678	11.456		chang4+5
涧39	2234.750	118.121	67.04	80.354	11.56	242.426	0.01	0.1	99.9	25.348	2.68	11.547		chang4+5
涧39	2234.875	118.166	65.756	79.545	11.811	242.995	0.01	0.1	99.9	25.631	2.675	11.79		chang4+5
涧39	2235.000	114.164	64.478	70.737	12.205	241.385	0.01	0.1	99.9	24.861	2.666	12.193		chang4+5
涧39	2235.125	106.224	63.274	58.469	12.424	238.22	0.01	0.1	99.9	23.399	2.661	12.417		chang4+5
涧39	2235.250	96.888	62.179	47.154	12.564	234.84	0.01	0.1	99.9	21.992	2.661	12.542		chang4+5
涧39	2235.375	92.163	61.115	44.75	12.983	232.354	0.01	0.1	99.9	21.029	2.665	12.952		chang4+5
涧39	2235.500	93.673	60.058	48.61	13.568	230.937	0.01	0.1	99.9	20.603	2.67	13.558		chang4+5
涧39	2235.625	96.592	59.007	51.641	13.728	230.312	0.01	0.1	99.9	20.834	2.673	13.748		chang4+5
涧39	2235.750	99.561	57.953	55.441	13.347	230.455	0.01	0.1	99.9	21.743	2.67	13.371		chang4+5
涧39	2235.875	103.047	56.919	60.062	12.912	231.568	0.01	0.1	99.9	23.074	2.663	12.913		chang4+5
涧39	2236.000	103.465	55.943	58.381	12.937	233.582	0.01	0.1	99.9	24.131	2.659	12.902		chang4+5
涧39	2236.125	98.354	55.085	49.742	13.654	235.242	0.01	0.1	99.9	23.863	2.654	13.577		chang4+5
涧39	2236.250	90.535	54.417	40.834	15.133	233.551	0.01	0.1	99.9	22.183	2.646	15.036		chang4+5
涧39	2236.375	81.874	53.869	32.21	16.951	227.655	0.01	0.1	99.9	19.794	2.64	16.876		chang4+5
涧39	2236.500	74.812	53.334	26.918	18.266	220.06	0.01	0.1	99.9	17.54	2.636	18.281		chang4+5
涧39	2236.625	73.588	52.712	28.064	17.888	215.994	0.01	0.1	99.9	16.4	2.633	17.997		chang4+5
涧39	2236.750	80.235	51.889	36.673	15.819	220.443	0.01	0.1	99.9	16.923	2.634	15.926		chang4+5
涧39	2236.875	90.668	50.804	48.147	13.862	230.007	0.01	0.1	99.9	18.808	2.637	13.904		chang4+5
涧39	2237.000	98.636	49.423	55.682	13.112	238.899	0.01	0.1	99.9	20.948	2.642	13.112		chang4+5
涧39	2237.125	100.302	47.789	54.643	13.152	242.243	0.01	0.1	99.9	22.084	2.648	13.117		chang4+5
涧39	2237.250	96.272	45.96	47.93	13.871	237.64	0.01	0.1	99.9	22.182	2.651	13.781		chang4+5
涧39	2237.375	87.951	44.083	37.7	15.631	228.148	0.01	0.1	99.9	21.607	2.648	15.473		chang4+5
涧39	2237.500	76.439	42.234	26.419	18.627	216.835	0.01	0.1	99.9	20.448	2.638	18.469		chang4+5
涧39	2237.625	64.541	40.47	17.55	21.478	207.356	0.01	0.1	99.9	18.819	2.62	21.461		chang4+5
涧39	2237.750	57.23	38.855	14.122	21.696	204.323	0.022	6.244	70.317	17.271	2.601	21.787		chang4+5
涧39	2237.875	55.229	37.374	13.869	19.98	207.931	0.037	7.026	65.104	16.374	2.584	20.072	干层	chang4+5
涧39	2238.000	53.633	36.039	12.426	18.301	214.998	0.052	7.566	63.287	16.223	2.572	18.319	干层	chang4+5
涧39	2238.125	50.826	34.835	10.495	18.053	220.255	0.058	7.768	62.248	16.237	2.569	17.965	干层	chang4+5
涧39	2238.250	48.551	33.808	9.397	19.792	219.896	0.053	7.611	60.776	15.865	2.573	19.627	干层	chang4+5
涧39	2238.375	48.565	32.944	9.991	22.876	216.76	0.044	7.309	58.789	15.238	2.58	22.749	干层	chang4+5
涧39	2238.500	49.578	32.271	10.61	25.152	214.306	0.037	7.009	58.306	14.841	2.586	25.151	干层	chang4+5
涧39	2238.625	49.844	31.773	10.526	25.098	214.003	0.032	6.77	60.336	14.837	2.592	25.172	干层	chang4+5
涧39	2238.750	49.902	31.469	10.625	23.728	214.528	0.028	6.57	63.983	14.878	2.596	23.766	干层	chang4+5
涧39	2238.875	50.337	31.337	10.98	23.116	213.22	0.025	6.393	66.769	14.641	2.6	23.048	干层	chang4+5
涧39	2239.000	50.238	31.37	10.698	24.485	208.898	0.023	6.286	66.102	14.088	2.602	24.328	干层	chang4+5
涧39	2239.125	49.551	31.585	10.207	27.417	202.474	0.023	6.302	62.245	13.489	2.601	27.298	干层	chang4+5
涧39	2239.250	49.207	31.989	10.149	29.518	197.132	0.027	6.505	57.961	13.207	2.597	29.548	干层	chang4+5
涧39	2239.375	49.034	32.523	10.021	28.848	195.42	0.03	6.683	56.969	13.401	2.592	28.977	干层	chang4+5
涧39	2239.500	47.885	33.148	9.042	26.411	197.381	0.034	6.861	57.984	13.936	2.588	26.536	干层	chang4+5
涧39	2239.625	47.101	33.82	8.852	24.065	201.351	0.044	7.297	57.127	14.551	2.578	24.172	干层	chang4+5
涧39	2239.750	49.672	34.474	11.328	22.007	206.359	0.055	7.678	56.735	15.27	2.57	22.133	干层	chang4+5
涧39	2239.875	55.785	35.041	16.001	19.605	213.396	0.06	7.836	58.862	16.299	2.567	19.741	干层	chang4+5
涧39	2240.000	61.194	35.469	19.151	17.063	222.989	0.058	7.768	63.698	17.583	2.569	17.156	干层	chang4+5
涧39	2240.125	63.225	35.715	19.688	15.368	232.277	0.051	7.534	69.323	18.598	2.574	15.398	干层	chang4+5
涧39	2240.250	62.82	35.735	18.949	14.835	235.232	0.043	7.25	73.404	18.908	2.581	14.829	干层	chang4+5
涧39	2240.375	59.94	35.588	16.215	14.953	231.406	0.039	7.084	74.826	18.609	2.584	14.947	干层	chang4+5
涧39	2240.500	56.596	35.295	14.155	15.061	224.758	0.039	7.1	74.35	18.091	2.583	15.07	干层	chang4+5
涧39	2240.625	55.044	34.897	13.667	14.887	220.029	0.043	7.244	73.288	17.716	2.58	14.902	干层	chang4+5
涧39	2240.750	55.301	34.457	14.185	14.613	219.307	0.047	7.409	72.333	17.538	2.576	14.623	干层	chang4+5
涧39	2240.875	54.905	34.038	13.512	14.441	220.368	0.051	7.535	71.566	17.438	2.573	14.442	干层	chang4+5
涧39	2241.000	53.315	33.68	12.302	14.424	221.805	0.054	7.647	70.584	17.343	2.571	14.416	干层	chang4+5
涧39	2241.125	52.703	33.399	12.344	14.601	223.291	0.058	7.767	69.1	17.254	2.568	14.58	干层	chang4+5
涧39	2241.250	53.37	33.198	12.974	14.994	224.367	0.063	7.916	66.913	17.151	2.564	14.97	干层	chang4+5
涧39	2241.375	53.146	33.057	12.419	15.432	224.129	0.07	8.1	64.424	16.967	2.56	15.425	干层	chang4+5
涧39	2241.500	51.891	32.968	11.502	15.539	222.648	0.075	8.245	63.018	16.67	2.557	15.558	干层	chang4+5
涧39	2241.625	51.375	32.902	11.494	15.153	221.382	0.077	8.286	63.454	16.448	2.557	15.194	干层	chang4+5
涧39	2241.750	51.886	32.836	11.987	14.385	221.738	0.075	8.238	65.491	16.525	2.558	14.43	干层	chang4+5
涧39	2241.875	52.563	32.773	12.377	13.538	222.755	0.073	8.179	67.998	16.927	2.559	13.577	干层	chang4+5
涧39	2242.000	53.097	32.724	12.689	12.804	223.416	0.072	8.157	70.128	17.441	2.559	12.836	干层	chang4+5
涧39	2242.125	53.442	32.687	8.099	12.213	223.704	0.072	8.167	71.742	17.756	2.559	12.234	干层	chang4+5
涧39	2242.250	53.192	32.663	7.898	11.822	223.942	0.073	8.189	72.763	17.89	2.559	11.829	干层	chang4+5
涧39	2242.375	52.682	32.651	7.708	11.7	223.794	0.073	8.199	73.097	18.063	2.558	11.693	干层	chang4+5
涧39	2242.500	53.497	32.665	8.287	11.832	223.036	0.074	8.208	72.622	18.387	2.558	11.821	干层	chang4+5
涧39	2242.625	54.829	32.74	8.764	12.02	222.235	0.074	8.224	71.887	18.702	2.558	12.018	干层	chang4+5
涧39	2242.750	55.505	32.909	8.912	12.055	222.292	0.075	8.24	71.613	18.781	2.557	12.063	干层	chang4+5
涧39	2242.875	55.863	33.114	9.047	11.888	223.049	0.077	8.284	71.721	18.631	2.556	11.898	干层	chang4+5
涧39	2243.000	54.933	33.328	8.421	11.716	223.966	0.077	8.291	72.234	18.476	2.556	11.711	干层	chang4+5
涧39	2243.125	54.311	33.605	8.385	11.839	224.755	0.075	8.236	72.402	18.273	2.558	11.81	干层	chang4+5
涧39	2243.250	54.768	34.008	8.675	12.393	225.396	0.069	8.098	72.019	17.834	2.561	12.349	干层	chang4+5
涧39	2243.375	56.578	34.483	9.607	13.236	225.542	0.061	7.847	71.902	17.288	2.568	13.194	干层	chang4+5
涧39	2243.500	59.555	34.996	10.936	14.022	224.524	0.049	7.467	73.346	16.934	2.577	14.003	干层	chang4+5
涧39	2243.625	60.978	35.485	11.11	14.358	221.966	0.036	6.98	77.461	16.731	2.588	14.368	干层	chang4+5
涧39	2243.750	59.912	35.888	10.353	14.15	217.946	0.024	6.351	85.738	16.368	2.603	14.165	干层	chang4+5
涧39	2243.875	58.034	36.178	9.597	13.873	213.255	0.014	5.592	98.379	15.686	2.62	13.879	干层	chang4+5
涧39	2244.000	56.559	36.316	9.102	13.767	208.591	0.01	0.1	99.9	14.827	2.636	13.772		chang4+5
涧39	2244.125	55.475	36.281	8.714	13.66	205.136	0.01	0.1	99.9	14.145	2.646	13.684		chang4+5
涧39	2244.250	54.615	36.031	8.409	13.185	204.745	0.01	0.1	99.9	13.925	2.647	13.235		chang4+5
涧39	2244.375	54.107	35.682	8.271	12.215	207.316	0.01	0.1	99.9	14.255	2.64	12.287		chang4+5
涧39	2244.500	53.14	35.272	7.777	10.839	211.758	0.01	5.203	99.9	15.044	2.624	10.919	干层	chang4+5
涧39	2244.625	50.972	34.826	6.788	9.336	216.814	0.018	5.956	99.9	16.059	2.607	9.407	干层	chang4+5
涧39	2244.750	49.372	34.403	6.402	8.021	221.971	0.03	6.673	99.9	17.082	2.591	8.069	干层	chang4+5
涧39	2244.875	50.278	33.996	7.123	7.14	226.905	0.043	7.279	99.9	17.976	2.578	7.16	干层	chang4+5
涧39	2245.000	53.977	33.612	8.892	6.794	230.761	0.057	7.743	99.9	18.551	2.568	6.788	干层	chang4+5
涧39	2245.125	56.882	33.244	9.674	6.939	232.588	0.071	8.13	95.921	18.682	2.559	6.906	干层	chang4+5
涧39	2245.250	58.196	32.907	10.056	7.596	231.716	0.084	8.457	88.242	18.566	2.552	7.543	干层	chang4+5
涧39	2245.375	58.969	32.631	10.328	8.625	228.904	0.094	8.664	80.839	18.439	2.548	8.562	干层	chang4+5
涧39	2245.500	58.841	32.408	10.104	9.816	225.043	0.093	8.643	75.892	18.391	2.549	9.762	干层	chang4+5
涧39	2245.625	57.776	32.249	9.571	10.823	221.459	0.084	8.444	73.875	18.419	2.554	10.794	干层	chang4+5
涧39	2245.750	56.622	32.174	9.154	11.345	219.611	0.071	8.141	74.74	18.503	2.561	11.344	干层	chang4+5
涧39	2245.875	55.24	32.197	8.547	11.339	219.608	0.059	7.804	77.903	18.663	2.568	11.363	干层	chang4+5
涧39	2246.000	55.866	32.348	9.246	10.886	221.245	0.052	7.568	81.947	18.815	2.573	10.919	干层	chang4+5
涧39	2246.125	58.739	32.616	10.625	10.261	224.161	0.052	7.571	84.376	18.775	2.572	10.293	干层	chang4+5
涧39	2246.250	61.585	33.024	11.663	9.652	227.639	0.06	7.837	84.051	18.618	2.565	9.68	干层	chang4+5
涧39	2246.375	62.287	33.539	11.551	9.136	230.622	0.075	8.247	82.113	18.64	2.556	9.158	干层	chang4+5
涧39	2246.500	60.91	34.155	10.742	8.745	232.514	0.09	8.591	80.62	19.087	2.549	8.756	干层	chang4+5
涧39	2246.625	61.936	34.863	11.823	8.569	232.837	0.094	8.672	80.784	19.979	2.549	8.558	干层	chang4+5
涧39	2246.750	67.021	35.662	14.574	8.793	230.978	0.079	8.346	82.965	20.984	2.557	8.76	干层	chang4+5
涧39	2246.875	73.467	36.495	17.526	9.445	227.978	0.053	7.61	87.863	21.751	2.575	9.393	干层	chang4+5
涧39	2247.000	77.996	37.305	19.196	10.422	225.633	0.03	6.675	95.325	22.082	2.596	10.373	干层	chang4+5
涧39	2247.125	77.653	38.046	18.049	11.321	225.476	0.017	5.918	99.9	21.945	2.611	11.304	干层	chang4+5
涧39	2247.250	73.519	38.652	15.699	11.6	227.658	0.014	5.609	99.9	21.538	2.617	11.623	干层	chang4+5
涧39	2247.375	67.571	39.07	12.875	11.138	230.401	0.017	5.878	99.9	21.171	2.609	11.183	干层	chang4+5
涧39	2247.500	63.016	39.273	11.379	10.284	232.573	0.029	6.659	95.78	21.038	2.591	10.325	干层	chang4+5
涧39	2247.625	60.798	39.277	10.763	9.52	233.568	0.051	7.536	88.028	21.173	2.571	9.545	干层	chang4+5
涧39	2247.750	60.401	39.112	10.84	9.062	233.113	0.075	8.236	82.628	21.391	2.556	9.068	干层	chang4+5
涧39	2247.875	60.726	38.899	11.003	8.969	231.823	0.091	8.612	79.522	21.355	2.549	8.954	干层	chang4+5
涧39	2248.000	60.296	38.706	10.647	9.254	230.023	0.09	8.593	78.535	20.6	2.55	9.223	干层	chang4+5
涧39	2248.125	58.614	38.575	9.797	9.848	227.375	0.08	8.35	78.393	18.818	2.556	9.803	干层	chang4+5
涧39	2248.250	57.304	38.539	9.447	10.724	222.815	0.066	8.002	78.441	16.511	2.564	10.661	干层	chang4+5
涧39	2248.375	58.048	38.619	10.088	11.95	216.626	0.051	7.564	78.702	14.43	2.575	11.852	干层	chang4+5
涧39	2248.500	59.883	38.812	10.879	13.856	209.974	0.035	6.924	79.91	13.002	2.59	13.718	干层	chang4+5
涧39	2248.625	61.033	39.082	11.175	16.449	204.288	0.01	0.1	99.9	12.301	2.609	16.335		chang4+5
涧39	2248.750	61.743	39.418	11.465	18.486	200.776	0.01	0.1	99.9	12.175	2.628	18.498		chang4+5
涧39	2248.875	61.969	39.8	11.454	18.13	199.675	0.01	0.1	99.9	12.655	2.641	18.265		chang4+5
涧39	2249.000	63.973	40.223	12.75	15.565	201.614	0.01	0.1	99.9	13.948	2.643	15.699		chang4+5
涧39	2249.125	68.335	40.696	14.948	13.076	206.765	0.01	0.1	99.9	15.933	2.636	13.155		chang4+5
涧39	2249.250	72.032	41.241	16.297	11.625	213.619	0.01	5.236	99.9	17.987	2.625	11.644		chang4+5
涧39	2249.375	74.287	41.836	17.161	11.319	218.983	0.015	5.7	99.9	19.615	2.615	11.282	含油水层	chang4+5
涧39	2249.500	76.901	42.478	18.586	12.046	221.582	0.017	5.885	99.9	20.69	2.611	11.978	含油水层	chang4+5
涧39	2249.625	77.64	43.142	18.36	13.331	222.4	0.018	5.953	94.499	21.259	2.609	13.271	含油水层	chang4+5
涧39	2249.750	75.025	43.797	16.596	14.457	223.418	0.021	6.158	87.62	21.545	2.603	14.424	含油水层	chang4+5
涧39	2249.875	73.049	44.43	16.124	15.042	225.248	0.029	6.657	79.397	21.641	2.591	15.032	含油水层	chang4+5
涧39	2250.000	74.319	45.028	17.278	15.209	227.463	0.048	7.428	70.738	21.485	2.573	15.211	含油水层	chang4+5
涧39	2250.125	76.184	45.573	17.998	15.154	229.751	0.075	8.249	63.799	21.061	2.555	15.166	含油水层	chang4+5
涧39	2250.250	75.74	46.052	17.293	14.926	231.83	0.109	8.97	59.11	20.561	2.539	14.941	含油水层	chang4+5
涧39	2250.375	74.823	46.471	17.01	14.649	232.955	0.14	9.498	56.358	20.274	2.528	14.658	含油水层	chang4+5
涧39	2250.500	76.753	46.831	18.56	14.478	232.296	0.159	9.774	55.099	20.366	2.522	14.481	含油水层	chang4+5
涧39	2250.625	80.393	47.147	20.43	14.437	229.77	0.166	9.864	54.683	20.735	2.521	14.436	含油水层	chang4+5
涧39	2250.750	82.699	47.417	21.178	14.456	226.57	0.159	9.772	55.158	21.125	2.523	14.457	含油水层	chang4+5
涧39	2250.875	83.47	47.608	21.372	14.453	224.714	0.138	9.465	56.956	21.418	2.531	14.452	含油水层	chang4+5
涧39	2251.000	86.052	47.714	23.303	14.471	225.137	0.107	8.936	60.309	21.579	2.543	14.461	含油水层	chang4+5
涧39	2251.125	90.736	47.72	26.08	14.667	227.29	0.082	8.406	63.708	21.576	2.555	14.644	含油水层	chang4+5
涧39	2251.250	93.795	47.572	27.148	15.115	229.235	0.069	8.097	65.152	21.467	2.561	15.091	含油水层	chang4+5
涧39	2251.375	91.87	47.313	24.965	15.565	229.333	0.071	8.126	63.951	21.401	2.559	15.554	含油水层	chang4+5
涧39	2251.500	85.399	46.952	20.911	15.752	227.472	0.086	8.507	60.682	21.553	2.55	15.759	含油水层	chang4+5
涧39	2251.625	78.81	46.484	18.012	15.586	224.839	0.114	9.057	57.266	21.891	2.537	15.613	含油水层	chang4+5
涧39	2251.750	75.688	45.922	17.249	15.078	223.302	0.145	9.573	55.062	22.07	2.526	15.116	含油水层	chang4+5
涧39	2251.875	75.586	45.34	17.581	14.365	223.389	0.164	9.837	54.899	21.937	2.521	14.4	含油水层	chang4+5
涧39	2252.000	74.377	44.771	16.542	13.707	224.48	0.156	9.739	56.798	21.515	2.524	13.728	含油水层	chang4+5
涧39	2252.125	70.511	44.254	14.405	13.324	225.686	0.141	9.508	59.045	20.779	2.529	13.327	含油水层	chang4+5
涧39	2252.250	67.313	43.836	13.367	13.269	226.436	0.13	9.334	60.297	19.989	2.533	13.26	含油水层	chang4+5
涧39	2252.375	68.019	43.503	14.393	13.442	226.6	0.127	9.291	60.204	19.565	2.533	13.425	含油水层	chang4+5
涧39	2252.500	70.465	43.261	15.507	13.781	226.037	0.129	9.326	59.251	19.648	2.533	13.754	含油水层	chang4+5
涧39	2252.625	71.5	43.172	15.623	14.303	224.739	0.125	9.254	58.651	20.006	2.536	14.258	含油水层	chang4+5
涧39	2252.750	70.657	43.25	14.98	15.182	222.529	0.104	8.869	59.456	20.174	2.546	15.105	含油水层	chang4+5
涧39	2252.875	69.53	43.465	14.551	16.7	218.873	0.068	8.057	62.52	19.647	2.565	16.554	含油水层	chang4+5
涧39	2253.000	67.173	43.794	13.199	19.581	213.13	0.035	6.91	67.469	18.125	2.591	19.323	含油水层	chang4+5
涧39	2253.125	63.497	44.211	11.517	24.555	206.019	0.01	0.1	99.9	16.126	2.615	24.212		chang4+5
涧39	2253.250	61.604	44.684	11.195	30.864	200.744	0.01	0.1	99.9	14.899	2.629	30.705		chang4+5
涧39	2253.375	65.802	45.195	14.106	33.426	200.088	0.01	0.1	99.9	15.203	2.627	33.732		chang4+5
涧39	2253.500	72.226	45.731	16.902	27.544	204.326	0.01	0.1	99.9	16.776	2.607	27.93		chang4+5
涧39	2253.625	75.223	46.259	17.505	20.37	211.334	0.038	7.04	64.113	18.695	2.582	20.616	含油水层	chang4+5
涧39	2253.750	76.296	46.79	17.957	15.823	217.84	0.067	8.019	64.002	20.227	2.561	15.945	含油水层	chang4+5
涧39	2253.875	78.546	47.331	19.369	13.582	221.987	0.087	8.528	65.098	21.114	2.551	13.629	含油水层	chang4+5
涧39	2254.000	80.358	47.841	19.962	12.722	223.885	0.089	8.569	67.012	21.292	2.55	12.738	含油水层	chang4+5
涧39	2254.125	80.28	48.266	19.587	12.408	224.766	0.086	8.508	68.346	20.791	2.551	12.421	含油水层	chang4+5
涧39	2254.250	78.9	48.54	18.758	12.16	226.081	0.091	8.617	68.156	20.193	2.548	12.177	含油水层	chang4+5
涧39	2254.375	77.421	48.645	18.109	11.833	227.993	0.113	9.053	65.758	20.066	2.537	11.852	含油水层	chang4+5
涧39	2254.500	75.873	48.586	17.33	11.461	229.643	0.157	9.748	62.041	20.518	2.521	11.482	含油水层	chang4+5
涧39	2254.625	74.249	48.379	16.583	11.066	230.188	0.206	10.365	59.382	21.319	2.508	11.086	含油水层	chang4+5
涧39	2254.750	73.827	48.035	16.68	10.684	229.557	0.236	10.691	58.603	22.103	2.502	10.699	含油水层	chang4+5
涧39	2254.875	75.171	47.609	17.588	10.41	228.76	0.236	10.69	59.405	22.618	2.502	10.415	含油水层	chang4+5
涧39	2255.000	77.093	47.173	18.494	10.313	228.325	0.215	10.464	60.985	22.775	2.507	10.313	含油水层	chang4+5
涧39	2255.125	77.828	46.747	18.547	10.33	228.308	0.195	10.235	62.314	22.531	2.512	10.326	含油水层	chang4+5
涧39	2255.250	76.574	46.335	17.606	10.427	228.646	0.184	10.1	62.876	21.968	2.515	10.414	含油水层	chang4+5
涧39	2255.375	74.242	45.924	16.433	10.691	229.056	0.181	10.066	62.307	21.292	2.516	10.677	含油水层	chang4+5
涧39	2255.500	72.751	45.508	16.002	10.97	228.97	0.178	10.034	61.762	20.832	2.517	10.937	含油水层	chang4+5
涧39	2255.625	70.585	45.103	14.733	11.622	227.713	0.163	9.835	61.25	20.827	2.523	11.574	含油水层	chang4+5
涧39	2255.750	67.346	44.711	13.219	12.541	225.147	0.132	9.362	61.969	21.019	2.534	12.478	含油水层	chang4+5
涧39	2255.875	64.422	44.332	12.099	13.74	222.555	0.094	8.663	64.003	21.055	2.55	13.662	干层	chang4+5
涧39	2256.000	62.814	43.999	11.656	15.22	221.133	0.065	7.975	66.054	20.924	2.565	15.137	干层	chang4+5
涧39	2256.125	61.807	43.741	11.25	16.782	221.41	0.051	7.541	66.474	20.706	2.574	16.716	干层	chang4+5
涧39	2256.250	61.984	43.618	11.579	18.008	222.959	0.049	7.464	64.776	20.307	2.574	17.967	干层	chang4+5
涧39	2256.375	64.109	43.598	12.77	18.765	224.389	0.055	7.688	61.583	19.743	2.569	18.739	干层	chang4+5
涧39	2256.500	65.882	43.666	13.288	19.252	224.939	0.066	7.99	58.488	19.338	2.563	19.233	干层	chang4+5
涧39	2256.625	65.398	43.806	12.695	19.604	224.52	0.071	8.14	56.862	19.325	2.56	19.603	干层	chang4+5
涧39	2256.750	64.462	43.97	12.399	19.612	223.512	0.07	8.099	57.104	19.552	2.561	19.634	干层	chang4+5
涧39	2256.875	64.118	44.149	12.334	19.174	222.473	0.064	7.943	58.855	19.882	2.565	19.218	干层	chang4+5
涧39	2257.000	63.063	44.31	11.691	18.317	221.682	0.059	7.805	61.24	20.216	2.567	18.381	干层	chang4+5
涧39	2257.125	61.387	44.451	10.968	17.094	221.428	0.059	7.794	63.459	20.32	2.567	17.167	干层	chang4+5
涧39	2257.250	59.455	44.587	10.145	15.724	222.16	0.064	7.936	65.015	20.131	2.564	15.778	干层	chang4+5
涧39	2257.375	58.406	44.728	9.934	14.73	223.773	0.072	8.174	65.286	19.885	2.558	14.749	干层	chang4+5
涧39	2257.500	58.628	44.873	10.183	14.384	225.821	0.082	8.419	64.187	19.944	2.553	14.384	干层	chang4+5
涧39	2257.625	60.248	45.016	11.057	14.365	227.612	0.092	8.621	62.693	20.472	2.548	14.38	干层	chang4+5
涧39	2257.750	62.534	45.158	12.035	14.074	228.416	0.098	8.752	62.336	21.141	2.546	14.111	干层	chang4+5
涧39	2257.875	62.823	45.316	11.695	13.37	228.3	0.099	8.784	63.705	21.594	2.545	13.414	干层	chang4+5
涧39	2258.000	60.114	45.516	10.173	12.531	227.795	0.097	8.729	66.222	21.769	2.546	12.57	干层	chang4+5
涧39	2258.125	57.398	45.794	9.305	11.786	227.667	0.095	8.694	68.573	21.772	2.547	11.817	干层	chang4+5
涧39	2258.250	57.303	46.192	9.708	11.201	228.318	0.097	8.742	69.998	21.609	2.546	11.217	干层	chang4+5
涧39	2258.375	59.264	46.712	10.699	10.923	229.016	0.104	8.87	69.946	21.153	2.543	10.91	干层	chang4+5
涧39	2258.500	60.359	47.366	10.848	11.17	229.09	0.107	8.938	68.687	20.383	2.541	11.144	干层	chang4+5
涧39	2258.625	59.338	48.166	10.135	11.647	228.407	0.111	9.005	66.734	19.424	2.54	11.631	干层	chang4+5
涧39	2258.750	56.579	49.139	8.833	11.964	226.894	0.111	8.999	65.883	18.474	2.541	11.947	干层	chang4+5
涧39	2258.875	53.791	50.265	7.862	12.331	223.948	0.096	8.719	67.119	17.646	2.548	12.265	干层	chang4+5
涧39	2259.000	53.302	51.545	12.843	13.686	218.331	0.01	0.1	99.9	16.873	2.563	13.518		chang4+5
涧39	2259.125	54.488	52.971	13.813	17.041	209.318	0.01	0.1	99.9	16.153	2.584	16.699		chang4+5
涧39	2259.250	58.567	54.543	17.516	23.576	198.886	0.01	0.1	99.9	16.253	2.604	23.191		chang4+5
涧39	2259.375	68.078	56.198	26.448	30.426	194.192	0.01	0.1	99.9	18.542	2.614	30.484		chang4+5
涧39	2259.500	83.414	57.875	42.639	28.885	203.249	0.01	0.1	99.9	23.5	2.602	29.391		chang4+5
涧39	2259.625	99.58	59.5	60.938	19.39	228.749	0.01	0.1	99.9	29.123	2.557	19.797		chang4+5
涧39	2259.750	108.207	60.994	67.604	11.891	260.431	0.01	0.1	99.9	32.411	2.492	12.086		chang4+5
涧39	2259.875	107.467	62.347	62.476	8.325	278.232	0.01	0.1	99.9	32.515	2.429	8.387		chang4+5
涧39	2260.000	103.745	63.561	57.684	7.204	274.507	0.01	0.1	99.9	30.981	2.389	7.211		chang4+5
涧39	2260.125	104.167	64.642	61.049	7.079	258.424	0.01	0.1	99.9	29.928	2.379	7.074		chang4+5
涧39	2260.250	109.435	65.572	70.207	7.167	249.391	0.01	0.1	99.9	30.223	2.39	7.177		chang4+5
涧39	2260.375	116.138	66.372	80.309	6.964	254.077	0.01	0.1	99.9	31.599	2.406	6.979		chang4+5
涧39	2260.500	123.146	67.052	92.174	6.691	266.581	0.01	0.1	99.9	33.262	2.415	6.69		chang4+5
涧39	2260.625	130.554	67.624	99.9	6.739	278.662	0.01	0.1	99.9	34.306	2.413	6.713		chang4+5
涧39	2260.750	135.536	68.082	99.9	7.259	284.243	0.01	0.1	99.9	34.014	2.408	7.213		chang4+5
涧39	2260.875	132.879	68.446	99.9	8.131	282.821	0.01	0.1	99.9	32.433	2.407	8.072		chang4+5
涧39	2261.000	124.149	68.731	83.724	9.229	277.487	0.01	0.1	99.9	30.659	2.406	9.183		chang4+5
涧39	2261.125	119.442	68.961	80.858	10.057	274.984	0.01	0.1	99.9	30.079	2.394	10.065		chang4+5
涧39	2261.250	122.225	69.164	89.424	9.852	280.059	0.01	0.1	99.9	30.39	2.37	9.906		chang4+5
涧39	2261.375	126.543	69.369	96.134	8.849	285.584	0.01	0.1	99.9	30.136	2.337	8.895		chang4+5
涧39	2261.500	125.106	69.587	88.73	7.992	284.293	0.01	0.1	99.9	28.5	2.311	8.013		chang4+5
涧39	2261.625	120.959	69.826	81.995	7.601	275.8	0.01	0.1	99.9	26.389	2.311	7.6		chang4+5
涧39	2261.750	118.51	70.089	79.509	7.658	264.916	0.01	0.1	99.9	25.119	2.344	7.631		chang4+5
涧39	2261.875	115.729	70.365	74.276	8.212	254.12	0.01	0.1	99.9	24.931	2.405	8.148		chang4+5
涧39	2262.000	110.438	70.647	65.297	9.46	242.808	0.01	0.1	99.9	25.122	2.485	9.365		chang4+5
涧39	2262.125	104.737	70.921	58.195	11.255	232.544	0.01	0.1	99.9	24.902	2.565	11.167		chang4+5
涧39	2262.250	101.319	71.171	55.242	12.894	226.934	0.01	0.1	99.9	24.151	2.627	12.844		chang4+5
涧39	2262.375	100.072	71.385	54.447	13.825	225.27	0.01	0.1	99.9	23.339	2.66	13.804		chang4+5
涧39	2262.500	99.492	71.557	53.789	14.213	225.39	0.01	0.1	99.9	22.876	2.67	14.201		chang4+5
涧39	2262.625	99.74	71.695	54.601	14.445	225.935	0.01	0.1	99.9	22.774	2.668	14.435		chang4+5
涧39	2262.750	101.349	71.808	57.21	14.637	226.489	0.01	0.1	99.9	22.802	2.666	14.627		chang4+5
涧39	2262.875	104.033	71.902	61.043	14.832	226.305	0.01	0.1	99.9	22.75	2.665	14.812		chang4+5
涧39	2263.000	105.134	71.977	61.164	15.238	224.776	0.01	0.1	99.9	22.465	2.667	15.2		chang4+5
涧39	2263.125	102.925	72.03	56.771	15.95	222.425	0.01	0.1	99.9	21.99	2.669	15.906		chang4+5
涧39	2263.250	99.595	72.068	52.771	16.778	220.944	0.01	0.1	99.9	21.535	2.671	16.745		chang4+5
涧39	2263.375	97.194	72.109	50.493	17.384	221.029	0.01	0.1	99.9	21.076	2.671	17.374		chang4+5
涧39	2263.500	95.856	72.171	49.315	17.553	221.59	0.01	0.1	99.9	20.443	2.67	17.566		chang4+5
涧39	2263.625	94.561	72.27	47.681	17.313	220.589	0.01	0.1	99.9	19.678	2.669	17.329		chang4+5
涧39	2263.750	91.056	72.415	42.671	17.036	216.697	0.01	0.1	99.9	18.847	2.669	17.017		chang4+5
涧39	2263.875	86.654	72.59	38.278	17.436	212.046	0.01	0.1	99.9	17.833	2.672	17.361		chang4+5
涧39	2264.000	85.684	72.781	39.078	18.874	209.205	0.01	0.1	99.9	16.728	2.678	18.78		chang4+5
涧39	2264.125	89.729	72.978	45.113	20.597	209.6	0.01	0.1	99.9	16.134	2.686	20.571		chang4+5
涧39	2264.250	94.859	73.171	50.495	20.992	212.928	0.01	0.1	99.9	16.525	2.691	21.058		chang4+5
涧39	2264.375	98.531	73.359	54.149	19.722	216.675	0.01	0.1	99.9	17.895	2.692	19.805		chang4+5
涧39	2264.500	101.602	73.544	57.948	18.188	219.893	0.01	0.1	99.9	20.048	2.687	18.244		chang4+5
涧39	2264.625	105.848	73.732	64.33	17.125	224.516	0.01	0.1	99.9	23.069	2.676	17.192		chang4+5
涧39	2264.750	110.198	73.936	70.0	15.817	234.675	0.01	0.1	99.9	26.708	2.652	15.922		chang4+5
涧39	2264.875	112.3	74.158	71.519	13.844	247.739	0.01	0.1	99.9	30.047	2.618	13.936		chang4+5
涧39	2265.000	109.649	74.382	65.006	12.158	256.067	0.01	0.1	99.9	31.827	2.588	12.184		chang4+5
涧39	2265.125	105.361	74.578	59.564	11.753	253.995	0.01	0.1	99.9	30.99	2.574	11.68		chang4+5
涧39	2265.250	102.899	74.7	57.544	13.22	244.762	0.01	0.1	99.9	28.397	2.573	13.063		chang4+5
涧39	2265.375	102.966	74.73	58.745	16.213	239.283	0.01	0.1	99.9	25.918	2.574	16.043		chang4+5
涧39	2265.500	103.538	74.653	59.222	19.302	241.082	0.01	0.1	99.9	24.564	2.57	19.252		chang4+5
涧39	2265.625	104.389	74.461	60.651	20.141	245.763	0.01	0.1	99.9	23.865	2.555	20.212		chang4+5
涧39	2265.750	103.785	74.136	58.7	18.788	245.437	0.01	0.1	99.9	23.114	2.539	18.861		chang4+5
涧39	2265.875	100.803	73.711	54.02	17.458	239.259	0.01	0.1	99.9	22.303	2.532	17.468		chang4+5
涧39	2266.000	98.297	73.208	51.825	17.324	231.318	0.01	0.1	99.9	21.739	2.543	17.286		chang4+5
涧39	2266.125	96.689	72.65	50.088	18.069	225.951	0.01	0.1	99.9	21.531	2.57	18.007		chang4+5
涧39	2266.250	95.17	72.059	48.33	19.242	225.002	0.01	0.1	99.9	21.563	2.601	19.185		chang4+5
涧39	2266.375	94.812	71.457	48.635	20.286	226.546	0.01	0.1	99.9	21.786	2.625	20.265		chang4+5
涧39	2266.500	95.289	70.846	49.306	20.633	229.374	0.01	0.1	99.9	22.21	2.636	20.661		chang4+5
涧39	2266.625	94.367	70.216	47.352	20.052	233.037	0.01	0.1	99.9	22.508	2.635	20.138		chang4+5
涧39	2266.750	92.371	69.531	44.993	18.379	237.295	0.01	0.1	99.9	22.144	2.627	18.513		chang4+5
涧39	2266.875	88.944	68.758	40.653	15.863	240.471	0.01	0.1	99.9	20.725	2.615	15.985		chang4+5
涧39	2267.000	81.397	67.883	18.676	13.632	239.656	0.019	6.036	99.9	18.412	2.608	13.672	干层	chang4+5
涧39	2267.125	70.942	66.906	13.637	12.994	232.748	0.019	6.0	99.9	16.143	2.61	12.917	干层	chang4+5
涧39	2267.250	63.305	65.866	11.173	14.544	221.375	0.014	5.594	99.9	14.679	2.62	14.377	干层	chang4+5
涧39	2267.375	60.913	64.875	10.943	17.68	211.68	0.01	4.972	99.9	14.019	2.634	17.539	干层	chang4+5
涧39	2267.500	61.999	64.044	11.754	20.266	206.602	0.01	4.382	99.9	13.841	2.646	20.225	干层	chang4+5
涧39	2267.625	65.489	63.458	13.584	20.969	206.065	0.01	4.159	99.9	14.201	2.65	20.997	干层	chang4+5
涧39	2267.750	72.696	63.179	17.537	20.372	211.46	0.01	4.366	99.9	15.549	2.644	20.453	干层	chang4+5
涧39	2267.875	85.604	63.078	44.166	18.788	224.095	0.01	0.1	99.9	18.443	2.63	18.918		chang4+5
涧39	2268.000	98.779	63.02	58.368	16.337	241.291	0.01	0.1	99.9	22.832	2.612	16.456		chang4+5
涧39	2268.125	103.486	62.881	59.323	14.142	254.393	0.01	0.1	99.9	27.124	2.594	14.197		chang4+5
涧39	2268.250	100.699	62.545	53.513	13.139	254.456	0.01	0.1	99.9	29.291	2.583	13.161		chang4+5
涧39	2268.375	94.379	62.008	45.264	12.705	246.388	0.01	0.1	99.9	28.622	2.579	12.743		chang4+5
涧39	2268.500	85.553	61.32	35.382	11.953	237.769	0.01	0.1	99.9	26.13	2.579	12.016		chang4+5
涧39	2268.625	77.691	60.604	29.125	10.753	232.9	0.01	0.1	99.9	23.665	2.577	10.816		chang4+5
涧39	2268.750	75.563	60.08	29.48	9.567	231.511	0.01	0.1	99.9	22.242	2.568	9.617		chang4+5
涧39	2268.875	78.844	59.919	33.812	8.647	230.927	0.01	0.1	99.9	21.704	2.554	8.676		chang4+5
涧39	2269.000	83.119	60.24	37.63	8.123	230.614	0.01	0.1	99.9	21.544	2.538	8.127		chang4+5
涧39	2269.125	87.595	61.048	42.446	8.089	231.798	0.01	0.1	99.9	21.638	2.528	8.06		chang4+5
涧39	2269.250	93.977	62.283	50.468	8.655	237.743	0.01	0.1	99.9	22.175	2.525	8.599		chang4+5
涧39	2269.375	102.043	63.708	60.942	9.738	249.078	0.01	0.1	99.9	22.889	2.526	9.669		chang4+5
涧39	2269.500	109.131	65.159	69.601	11.042	262.698	0.01	0.1	99.9	22.754	2.526	10.988		chang4+5
涧39	2269.625	110.557	66.482	67.915	12.055	271.551	0.01	0.1	99.9	20.662	2.526	12.025		chang4+5
涧39	2269.750	103.574	67.496	54.723	12.648	266.58	0.01	0.1	99.9	17.782	2.528	12.594		chang4+5
涧39	2269.875	90.085	68.156	37.884	13.732	249.63	0.01	0.1	99.9	15.88	2.538	13.606		chang4+5
涧39	2270.000	79.141	68.457	15.229	16.156	228.38	0.08	8.355	81.981	15.501	2.558	15.988	干层	chang4+5
涧39	2270.125	76.227	68.461	15.279	19.239	212.445	0.043	7.243	86.345	16.149	2.583	19.178	干层	chang4+5
涧39	2270.250	77.925	68.261	16.295	20.225	208.157	0.022	6.229	97.529	16.943	2.605	20.323	干层	chang4+5
涧39	2270.375	79.074	67.992	16.461	18.346	210.523	0.013	5.569	99.9	17.345	2.619	18.466	干层	chang4+5
涧39	2270.500	78.594	67.71	16.075	16.138	213.814	0.011	5.373	99.9	17.331	2.622	16.201	干层	chang4+5
涧39	2270.625	78.034	67.458	15.934	14.991	214.837	0.014	5.583	99.9	17.262	2.617	15.008	干层	chang4+5
涧39	2270.750	79.705	67.293	17.051	14.693	213.596	0.017	5.909	99.9	17.426	2.61	14.694	干层	chang4+5
涧39	2270.875	84.78	67.239	19.713	14.679	212.035	0.021	6.186	99.9	17.857	2.604	14.674	干层	chang4+5
涧39	2271.000	93.429	67.301	50.898	14.794	213.192	0.01	0.1	99.9	18.827	2.6	14.783		chang4+5
涧39	2271.125	107.23	67.45	71.643	14.95	223.597	0.01	0.1	99.9	21.481	2.59	14.988		chang4+5
涧39	2271.250	123.379	67.618	98.241	14.153	251.711	0.01	0.1	99.9	26.53	2.564	14.268		chang4+5
涧39	2271.375	134.77	67.716	99.9	11.976	289.591	0.01	0.1	99.9	33.046	2.522	12.087		chang4+5
涧39	2271.500	137.623	67.668	99.9	9.945	321.224	0.01	0.1	99.9	38.442	2.48	9.983		chang4+5
涧39	2271.625	135.534	67.402	99.9	9.306	331.797	0.01	0.1	99.9	40.07	2.463	9.265		chang4+5
涧39	2271.750	129.652	66.822	94.712	10.098	316.416	0.01	0.1	99.9	38.177	2.475	10.029		chang4+5
涧39	2271.875	120.959	65.95	79.091	11.36	290.748	0.01	0.1	99.9	34.493	2.508	11.342		chang4+5
涧39	2272.000	108.56	64.816	59.253	11.668	266.823	0.01	0.1	99.9	30.334	2.551	11.668		chang4+5
涧39	2272.125	92.99	63.493	40.42	11.76	249.936	0.01	0.1	99.9	26.264	2.584	11.68		chang4+5
涧39	2272.250	79.109	62.09	17.074	13.419	238.532	0.026	6.467	99.9	22.629	2.598	13.193		chang4+5
涧39	2272.375	69.379	60.745	13.381	17.853	228.469	0.028	6.588	99.411	19.922	2.594	17.484	干层	chang4+5
涧39	2272.500	64.98	59.556	12.375	24.718	220.567	0.037	7.004	79.043	18.45	2.585	24.473	干层	chang4+5
涧39	2272.625	64.996	58.595	12.918	28.964	217.323	0.042	7.233	70.156	18.132	2.58	29.126	干层	chang4+5
涧39	2272.750	67.027	57.955	13.969	25.809	219.378	0.043	7.278	73.707	18.522	2.579	26.061	干层	chang4+5
涧39	2272.875	69.484	57.617	15.062	21.109	223.02	0.045	7.327	81.036	19.189	2.578	21.272	干层	chang4+5
涧39	2273.000	70.783	57.584	15.365	18.106	226.005	0.051	7.562	84.947	19.791	2.572	18.176	干层	chang4+5
涧39	2273.125	71.346	57.861	15.592	16.839	227.691	0.067	8.028	83.106	20.012	2.561	16.851		chang4+5
涧39	2273.250	75.968	58.499	31.815	16.645	228.072	0.01	0.1	99.9	19.831	2.554	16.633		chang4+5
涧39	2273.375	88.641	59.442	47.76	16.896	227.995	0.01	0.1	99.9	19.561	2.561	16.866		chang4+5
涧39	2273.500	101.506	60.663	61.52	17.49	228.979	0.01	0.1	99.9	19.8	2.578	17.444		chang4+5
涧39	2273.625	105.597	62.107	61.843	18.346	232.242	0.01	0.1	99.9	20.852	2.597	18.308		chang4+5
涧39	2273.750	103.846	63.695	58.201	19.041	236.005	0.01	0.1	99.9	21.86	2.612	19.029		chang4+5
涧39	2273.875	100.006	65.297	52.8	19.259	235.866	0.01	0.1	99.9	21.848	2.623	19.264		chang4+5
涧39	2274.000	98.448	66.824	52.741	19.131	230.724	0.01	0.1	99.9	21.05	2.634	19.162		chang4+5
涧39	2274.125	97.683	68.203	51.384	18.502	224.208	0.01	0.1	99.9	20.816	2.646	18.581		chang4+5
涧39	2274.250	96.191	69.367	49.438	16.999	222.362	0.01	0.1	99.9	21.432	2.655	17.07		chang4+5
涧39	2274.375	98.068	70.347	53.879	15.694	227.331	0.01	0.1	99.9	21.917	2.646	15.719		chang4+5
涧39	2274.500	104.38	71.175	63.659	15.208	239.715	0.01	0.1	99.9	21.829	2.596	15.244		chang4+5
涧39	2274.625	108.719	71.883	67.17	14.435	258.89	0.01	0.1	99.9	22.433	2.507	14.55		chang4+5
涧39	2274.750	109.635	72.48	67.223	12.235	280.589	0.01	0.1	99.9	24.987	2.402	12.359		chang4+5
涧39	2274.875	109.265	72.993	66.407	9.958	296.289	0.01	0.1	99.9	28.871	2.318	9.999		chang4+5
涧39	2275.000	107.816	73.431	63.805	9.261	300.167	0.01	0.1	99.9	31.974	2.29	9.216		chang4+5
涧39	2275.125	103.382	73.794	56.323	10.2	291.453	0.01	0.1	99.9	32.683	2.316	10.071		chang4+5
涧39	2275.250	95.623	74.059	46.013	12.696	274.971	0.01	0.1	99.9	31.607	2.383	12.519		chang4+5
涧39	2275.375	88.353	74.226	39.227	16.041	259.215	0.01	0.1	99.9	29.935	2.469	15.867		chang4+5
涧39	2275.500	88.865	74.289	43.601	19.31	246.573	0.01	0.1	99.9	28.047	2.532	19.174		chang4+5
涧39	2275.625	98.455	74.248	58.095	21.754	237.434	0.01	0.1	99.9	26.677	2.538	21.755		chang4+5
涧39	2275.750	113.625	74.086	81.782	21.576	238.979	0.01	0.1	99.9	27.974	2.482	21.728		chang4+5
涧39	2275.875	130.243	73.809	99.9	18.681	258.854	0.01	0.1	99.9	33.616	2.384	18.839		chang4+5
涧39	2276.000	146.447	73.411	99.9	15.788	294.904	0.01	0.1	99.9	42.446	2.284	15.847		chang4+5
涧39	2276.125	157.726	72.895	99.9	14.75	331.402	0.01	0.1	99.9	50.156	2.212	14.727		chang4+5
涧39	2276.250	159.125	72.258	99.9	15.178	348.303	0.01	0.1	99.9	54.071	2.178	15.172		chang4+5
涧39	2276.375	151.471	71.529	99.9	15.194	346.147	0.01	0.1	99.9	53.838	2.185	15.287		chang4+5
涧39	2276.500	136.353	70.718	99.9	13.408	332.181	0.01	0.1	99.9	49.976	2.229	13.516		chang4+5
涧39	2276.625	119.092	69.837	72.241	11.394	311.252	0.01	0.1	99.9	43.097	2.291	11.461		chang4+5
涧39	2276.750	106.357	68.905	58.027	10.168	285.835	0.01	0.1	99.9	35.79	2.36	10.2		chang4+5
涧39	2276.875	102.197	67.961	56.997	9.573	263.876	0.01	0.1	99.9	30.901	2.424	9.597		chang4+5
涧39	2277.000	104.479	67.013	62.062	9.109	252.875	0.01	0.1	99.9	29.127	2.472	9.14		chang4+5
涧39	2277.125	107.248	66.052	64.943	8.527	254.37	0.01	0.1	99.9	29.475	2.497	8.552		chang4+5
涧39	2277.250	107.707	65.05	64.346	8.075	263.673	0.01	0.1	99.9	31.047	2.501	8.082		chang4+5
涧39	2277.375	107.029	64.004	63.263	7.967	274.281	0.01	0.1	99.9	33.441	2.496	7.952		chang4+5
涧39	2277.500	106.742	62.926	63.245	8.271	285.34	0.01	0.1	99.9	35.795	2.488	8.227		chang4+5
涧39	2277.625	107.824	61.828	65.503	9.169	295.717	0.01	0.1	99.9	36.975	2.478	9.07		chang4+5
涧39	2277.750	106.952	60.706	62.501	11.099	297.602	0.01	0.1	99.9	36.568	2.466	10.949		chang4+5
涧39	2277.875	99.425	59.572	49.687	13.891	284.177	0.01	0.1	99.9	34.037	2.458	13.785		chang4+5
涧39	2278.000	84.918	58.462	19.144	15.791	258.565	0.466	12.477	55.23	29.114	2.463	15.793	干层	chang4+5
涧39	2278.125	72.644	57.438	14.554	15.699	233.01	0.359	11.761	58.672	23.422	2.481	15.753	干层	chang4+5
涧39	2278.250	67.957	56.591	13.717	14.688	218.156	0.229	10.617	67.201	19.235	2.507	14.733	干层	chang4+5
涧39	2278.375	69.113	55.942	14.946	13.871	211.125	0.125	9.25	79.452	17.195	2.538	13.885	干层	chang4+5
涧39	2278.500	71.377	55.518	15.839	13.638	208.343	0.066	8.013	92.635	16.663	2.565	13.612	干层	chang4+5
涧39	2278.625	73.362	55.356	16.75	14.174	209.108	0.044	7.288	99.9	17.309	2.579	14.099	干层	chang4+5
涧39	2278.750	77.728	55.519	19.427	15.626	214.291	0.045	7.33	94.794	19.206	2.577	15.533	干层	chang4+5
涧39	2278.875	85.813	55.942	24.211	17.347	224.08	0.058	7.764	84.792	22.223	2.567	17.304	干层	chang4+5
涧39	2279.000	95.167	56.561	52.717	18.063	239.561	0.01	0.1	99.9	25.667	2.554	18.123		chang4+5
涧39	2279.125	103.015	57.34	61.562	16.848	258.568	0.01	0.1	99.9	28.526	2.518	16.988		chang4+5
涧39	2279.250	106.589	58.243	63.849	14.197	274.755	0.01	0.1	99.9	30.313	2.485	14.331		chang4+5
涧39	2279.375	105.582	59.195	60.592	11.746	283.834	0.01	0.1	99.9	31.122	2.473	11.799		chang4+5
涧39	2279.500	104.43	60.163	60.0	10.832	284.318	0.01	0.1	99.9	31.231	2.466	10.807		chang4+5
涧39	2279.625	104.057	61.102	59.577	11.341	276.087	0.01	0.1	99.9	31.131	2.494	11.287		chang4+5
涧39	2279.750	104.265	61.942	60.214	12.297	262.551	0.01	0.1	99.9	31.166	2.524	12.307		chang4+5
涧39	2279.875	105.825	62.659	63.015	12.028	254.511	0.01	0.1	99.9	31.264	2.519	12.113		chang4+5
涧39	2280.000	107.311	63.233	64.555	10.401	258.263	0.01	0.1	99.9	31.327	2.453	10.491		chang4+5
涧39	2280.125	106.968	63.641	63.028	8.724	269.246	0.01	0.1	99.9	31.434	2.347	8.781		chang4+5
涧39	2280.250	104.995	63.849	59.848	7.666	274.139	0.01	0.1	99.9	31.665	2.333	7.695		chang4+5
涧39	2280.375	103.534	63.928	58.628	7.128	268.088	0.01	0.1	99.9	32.111	2.361	7.137		chang4+5
涧39	2280.500	101.901	63.872	56.118	6.978	254.857	0.01	0.1	99.9	32.485	2.416	6.97		chang4+5
涧39	2280.625	99.566	63.709	53.053	7.158	239.09	0.01	0.1	99.9	31.451	2.483	7.117		chang4+5
涧39	2280.750	95.929	63.483	48.127	7.997	223.473	0.01	0.1	99.9	28.329	2.544	7.898		chang4+5
涧39	2280.875	92.687	63.214	45.121	9.935	211.602	0.01	0.1	99.9	24.459	2.591	9.773		chang4+5
涧39	2281.000	93.961	62.904	48.906	12.931	207.985	0.01	0.1	99.9	22.094	2.62	12.844		chang4+5
涧39	2281.125	98.608	62.548	55.19	14.399	214.893	0.01	0.1	99.9	22.57	2.632	14.484		chang4+5
涧39	2281.250	101.66	62.114	57.487	12.763	230.112	0.01	0.1	99.9	24.641	2.631	12.879		chang4+5
涧39	2281.375	98.985	61.593	51.305	10.639	245.069	0.01	0.1	99.9	26.143	2.626	10.685		chang4+5
涧39	2281.500	92.098	60.979	42.58	9.853	253.583	0.01	0.1	99.9	25.803	2.62	9.829		chang4+5
涧39	2281.625	87.741	60.293	39.998	10.344	252.933	0.01	0.1	99.9	24.149	2.617	10.282		chang4+5
涧39	2281.750	88.292	59.575	42.242	11.51	244.965	0.01	0.1	99.9	22.683	2.618	11.452		chang4+5
涧39	2281.875	90.771	58.848	45.061	12.601	236.761	0.01	0.1	99.9	22.015	2.623	12.55		chang4+5
涧39	2282.000	89.694	58.144	20.434	13.584	231.588	0.01	5.169	99.9	21.801	2.628	13.517	干层	chang4+5
涧39	2282.125	86.084	57.488	18.75	14.907	228.274	0.01	4.93	99.9	21.37	2.634	14.79	干层	chang4+5
涧39	2282.250	82.436	56.913	17.279	17.175	223.586	0.01	4.733	99.9	20.297	2.638	17.004	干层	chang4+5
涧39	2282.375	80.749	56.409	16.986	20.369	218.746	0.01	4.646	99.9	18.814	2.639	20.245	干层	chang4+5
涧39	2282.500	83.358	55.958	18.815	22.571	217.853	0.01	4.667	99.9	17.878	2.639	22.603	干层	chang4+5
涧39	2282.625	86.975	55.529	20.198	21.865	222.576	0.01	4.745	99.9	18.779	2.637	21.986	干层	chang4+5
涧39	2282.750	88.296	55.114	20.335	19.574	228.981	0.01	4.822	99.9	21.16	2.635	19.676	干层	chang4+5
涧39	2282.875	87.753	54.742	19.9	17.673	231.22	0.01	4.915	99.9	23.33	2.633	17.734	干层	chang4+5
涧39	2283.000	85.974	54.439	18.956	16.552	228.4	0.01	5.047	99.9	23.931	2.63	16.581	干层	chang4+5
涧39	2283.125	83.142	54.237	17.621	16.036	223.408	0.01	5.109	99.9	23.014	2.629	16.035	干层	chang4+5
涧39	2283.250	80.085	54.175	16.391	16.089	219.705	0.01	5.171	99.9	21.695	2.627	16.069	干层	chang4+5
涧39	2283.375	76.337	54.256	14.737	16.483	217.169	0.01	5.21	99.9	20.685	2.627	16.454	干层	chang4+5
涧39	2283.500	72.174	54.518	13.129	17.05	214.027	0.01	5.147	99.9	19.938	2.628	17.006	干层	chang4+5
涧39	2283.625	68.433	55.0	11.818	17.936	209.695	0.01	5.05	99.9	18.966	2.631	17.84	干层	chang4+5
涧39	2283.750	65.623	55.819	10.93	19.836	206.078	0.01	4.948	99.9	17.572	2.633	19.653	干层	chang4+5
涧39	2283.875	64.043	57.031	10.526	23.407	204.891	0.01	4.835	99.9	16.147	2.636	23.129	干层	chang4+5
涧39	2284.000	63.6	58.633	10.497	28.62	205.655	0.01	4.667	99.9	15.218	2.64	28.395	干层	chang4+5
涧39	2284.125	65.76	60.561	11.712	32.653	207.106	0.01	4.443	99.9	15.156	2.645	32.663	干层	chang4+5
涧39	2284.250	72.695	62.72	15.081	32.24	209.302	0.01	4.21	99.9	15.879	2.65	32.464	干层	chang4+5
涧39	2284.375	84.702	64.922	42.678	27.924	213.118	0.01	0.1	99.9	17.229	2.653	28.21		chang4+5
涧39	2284.500	98.135	66.991	58.061	22.539	218.328	0.01	0.1	99.9	19.058	2.654	22.774		chang4+5
涧39	2284.625	108.357	68.78	69.612	18.172	223.411	0.01	0.1	99.9	20.946	2.652	18.321		chang4+5
涧39	2284.750	113.145	70.105	73.633	15.388	227.626	0.01	0.1	99.9	22.437	2.647	15.49		chang4+5
涧39	2284.875	115.608	70.976	77.101	13.469	233.377	0.01	0.1	99.9	23.442	2.64	13.557		chang4+5
涧39	2285.000	116.435	71.46	77.165	11.799	242.94	0.01	0.1	99.9	24.235	2.631	11.887		chang4+5
涧39	2285.125	115.197	71.657	74.263	10.167	254.938	0.01	0.1	99.9	25.174	2.62	10.231		chang4+5
涧39	2285.250	112.739	71.607	70.245	8.991	262.939	0.01	0.1	99.9	26.197	2.609	9.015		chang4+5
涧39	2285.375	111.012	71.385	68.559	8.573	263.485	0.01	0.1	99.9	27.08	2.595	8.56		chang4+5
涧39	2285.500	111.759	70.999	71.099	8.823	259.344	0.01	0.1	99.9	27.765	2.568	8.801		chang4+5
涧39	2285.625	115.955	70.453	79.351	9.228	257.068	0.01	0.1	99.9	28.567	2.517	9.216		chang4+5
涧39	2285.750	123.877	69.741	94.715	9.428	263.663	0.01	0.1	99.9	30.233	2.436	9.447		chang4+5
涧39	2285.875	131.517	68.916	99.9	9.023	279.072	0.01	0.1	99.9	33.469	2.334	9.081		chang4+5
涧39	2286.000	133.098	68.024	99.9	7.923	299.737	0.01	0.1	99.9	37.768	2.241	7.98		chang4+5
涧39	2286.125	127.431	67.117	99.9	6.869	318.133	0.01	0.1	99.9	41.028	2.184	6.894		chang4+5
涧39	2286.250	120.084	66.265	99.9	6.426	323.294	0.01	0.1	99.9	41.909	2.172	6.429		chang4+5
涧39	2286.375	117.625	65.517	99.9	6.389	314.212	0.01	0.1	99.9	40.841	2.2	6.38		chang4+5
涧39	2286.500	118.736	64.906	99.9	6.579	296.612	0.01	0.1	99.9	38.82	2.255	6.562		chang4+5
涧39	2286.625	115.341	64.449	96.167	6.892	278.786	0.01	0.1	99.9	35.564	2.311	6.877		chang4+5
涧39	2286.750	106.621	64.156	76.495	7.155	266.184	0.01	0.1	99.9	32.969	2.358	7.152		chang4+5
涧39	2286.875	98.102	63.973	63.572	7.21	257.185	0.01	0.1	99.9	30.343	2.394	7.206		chang4+5
涧39	2287.000	93.639	63.861	59.322	7.294	249.763	0.01	0.1	99.9	27.186	2.428	7.267		chang4+5
涧39	2287.125	93.657	63.79	61.604	7.857	243.492	0.01	0.1	99.9	24.669	2.449	7.792		chang4+5
涧39	2287.250	96.624	63.733	67.598	9.107	239.813	0.01	0.1	99.9	23.615	2.474	9.015		chang4+5
涧39	2287.375	99.247	63.668	70.978	10.845	238.72	0.01	0.1	99.9	23.701	2.521	10.745		chang4+5
涧39	2287.500	97.429	63.585	64.61	12.748	238.578	0.01	0.1	99.9	23.686	2.567	12.639		chang4+5
涧39	2287.625	91.919	63.483	54.919	14.843	237.136	0.01	0.1	99.9	22.877	2.603	14.694		chang4+5
涧39	2287.750	85.968	63.365	47.061	17.689	233.331	0.01	0.1	99.9	21.722	2.624	17.515		chang4+5
涧39	2287.875	80.958	63.249	41.21	20.927	228.91	0.01	0.1	99.9	20.869	2.63	20.822		chang4+5
涧39	2288.000	77.209	63.15	37.329	22.807	224.895	0.01	0.1	99.9	20.349	2.628	22.817		chang4+5
涧39	2288.125	75.322	63.089	36.021	22.583	221.01	0.01	0.1	99.9	20.095	2.624	22.625		chang4+5
涧39	2288.250	78.026	63.089	41.615	21.768	218.52	0.01	0.1	99.9	20.529	2.619	21.825		chang4+5
涧39	2288.375	89.005	63.142	61.293	20.571	222.124	0.01	0.1	99.9	22.082	2.607	20.755		chang4+5
涧39	2288.500	104.36	63.239	89.349	17.043	235.517	0.01	0.1	99.9	24.5	2.586	17.25		chang4+5
涧39	2288.625	114.738	63.369	99.9	13.226	255.351	0.01	0.1	99.9	26.712	2.556	13.33		chang4+5
涧39	2288.750	117.743	63.524	99.9	11.35	269.035	0.01	0.1	99.9	27.609	2.53	11.357		chang4+5
涧39	2288.875	116.743	63.693	99.9	11.279	268.448	0.01	0.1	99.9	26.913	2.521	11.236		chang4+5
涧39	2289.000	114.596	63.872	97.416	12.091	256.257	0.01	0.1	99.9	25.298	2.534	12.056		chang4+5
涧39	2289.125	112.992	64.058	94.8	12.728	241.77	0.01	0.1	99.9	23.943	2.572	12.722		chang4+5
涧39	2289.250	111.898	64.252	92.695	12.829	234.744	0.01	0.1	99.9	23.692	2.643	12.84		chang4+5
涧39	2289.375	111.215	64.451	91.66	12.615	237.774	0.01	0.1	99.9	24.87	2.656	12.644		chang4+5
涧39	2289.500	110.323	64.647	89.441	12.055	250.435	0.01	0.1	99.9	27.254	2.633	12.094		chang4+5
涧39	2289.625	108.417	64.828	84.851	11.337	267.143	0.01	0.1	99.9	29.55	2.58	11.356		chang4+5
涧39	2289.750	102.372	64.988	70.357	11.03	273.832	0.01	0.1	99.9	29.834	2.573	10.996		chang4+5
涧39	2289.875	91.945	65.141	52.333	11.794	262.758	0.01	0.1	99.9	27.031	2.587	11.657		chang4+5
涧39	2290.000	82.851	65.309	42.221	14.487	239.216	0.01	0.1	99.9	22.444	2.612	14.256		chang4+5
涧39	2290.125	78.776	65.519	39.627	18.844	217.036	0.01	0.1	99.9	18.831	2.639	18.636		chang4+5
涧39	2290.250	78.927	65.803	41.279	22.595	208.094	0.01	0.1	99.9	17.43	2.656	22.563		chang4+5
涧39	2290.375	81.595	66.158	45.479	23.095	208.841	0.01	0.1	99.9	17.72	2.659	23.18		chang4+5
涧39	2290.500	85.747	66.576	51.585	21.499	213.577	0.01	0.1	99.9	18.869	2.655	21.569		chang4+5
涧39	2290.625	91.175	67.035	60.136	20.2	218.958	0.01	0.1	99.9	20.258	2.65	20.231		chang4+5
涧39	2290.750	95.657	67.562	66.009	19.586	223.381	0.01	0.1	99.9	21.334	2.649	19.646		chang4+5
涧39	2290.875	98.105	68.12	68.904	18.372	225.913	0.01	0.1	99.9	21.824	2.65	18.51		chang4+5
涧39	2291.000	101.607	68.685	76.563	15.723	227.582	0.01	0.1	99.9	22.224	2.649	15.891		chang4+5
涧39	2291.125	106.53	69.242	86.261	12.6	231.686	0.01	0.1	99.9	23.133	2.645	12.722		chang4+5
涧39	2291.250	109.115	69.772	88.624	10.348	240.567	0.01	0.1	99.9	24.396	2.64	10.405		chang4+5
涧39	2291.375	108.764	70.264	86.306	9.332	249.702	0.01	0.1	99.9	25.341	2.641	9.326		chang4+5
涧39	2291.500	107.588	70.695	84.033	9.49	253.65	0.01	0.1	99.9	25.556	2.651	9.446		chang4+5
涧39	2291.625	107.677	71.04	85.504	10.344	250.18	0.01	0.1	99.9	25.182	2.668	10.281		chang4+5
涧39	2291.750	107.117	71.258	83.076	11.521	241.845	0.01	0.1	99.9	24.345	2.685	11.463		chang4+5
涧39	2291.875	105.122	71.372	78.638	12.602	234.765	0.01	0.1	99.9	23.159	2.693	12.577		chang4+5
涧39	2292.000	103.56	71.418	76.602	13.015	231.93	0.01	0.1	99.9	22.26	2.695	13.048		chang4+5
涧39	2292.125	104.79	71.397	81.148	12.343	233.339	0.01	0.1	99.9	22.267	2.692	12.414		chang4+5
涧39	2292.250	107.227	71.311	85.743	11.016	236.659	0.01	0.1	99.9	23.152	2.681	11.069		chang4+5
涧39	2292.375	107.798	71.177	84.949	10.044	239.133	0.01	0.1	99.9	24.27	2.656	10.059		chang4+5
涧39	2292.500	106.889	71.003	82.703	9.785	240.721	0.01	0.1	99.9	24.953	2.614	9.771		chang4+5
涧39	2292.625	106.233	70.754	81.988	10.045	243.424	0.01	0.1	99.9	25.553	2.559	10.034		chang4+5
涧39	2292.750	106.99	70.412	84.579	10.203	249.519	0.01	0.1	99.9	26.927	2.506	10.234		chang4+5
涧39	2292.875	107.865	70.01	85.767	9.595	256.578	0.01	0.1	99.9	28.887	2.476	9.658		chang4+5
涧39	2293.000	108.997	69.568	88.532	8.414	260.25	0.01	0.1	99.9	29.911	2.477	8.461		chang4+5
涧39	2293.125	109.024	69.061	87.134	7.56	258.353	0.01	0.1	99.9	29.704	2.503	7.569		chang4+5
涧39	2293.250	109.239	68.475	88.531	7.424	254.145	0.01	0.1	99.9	29.261	2.54	7.392		chang4+5
涧39	2293.375	109.247	67.838	87.807	8.08	253.067	0.01	0.1	99.9	29.042	2.571	7.998		chang4+5
涧39	2293.500	105.953	67.165	78.586	9.676	254.891	0.01	0.1	99.9	28.372	2.585	9.547		chang4+5
涧39	2293.625	99.275	66.467	65.459	12.132	255.371	0.01	0.1	99.9	26.922	2.583	11.993		chang4+5
涧39	2293.750	93.793	65.748	58.726	14.688	250.88	0.01	0.1	99.9	25.26	2.572	14.627		chang4+5
涧39	2293.875	90.678	64.984	55.093	15.739	244.39	0.01	0.1	99.9	24.074	2.566	15.788		chang4+5
涧39	2294.000	86.738	64.212	48.538	14.764	239.53	0.01	0.1	99.9	23.418	2.568	14.853		chang4+5
涧39	2294.125	80.892	63.483	40.368	13.097	237.408	0.01	0.1	99.9	22.753	2.571	13.16		chang4+5
涧39	2294.250	77.067	62.865	37.506	11.958	236.03	0.01	0.1	99.9	21.751	2.573	11.974		chang4+5
涧39	2294.375	78.904	62.349	42.417	11.698	233.095	0.01	0.1	99.9	20.648	2.573	11.666		chang4+5
涧39	2294.500	85.656	61.963	53.202	12.323	228.986	0.01	0.1	99.9	20.118	2.578	12.269		chang4+5
涧39	2294.625	92.545	61.712	62.426	13.334	225.795	0.01	0.1	99.9	20.517	2.589	13.296		chang4+5
涧39	2294.750	95.792	61.595	65.065	14.012	225.513	0.01	0.1	99.9	21.657	2.607	14.011		chang4+5
涧39	2294.875	94.595	61.551	60.791	14.024	226.754	0.01	0.1	99.9	22.815	2.624	14.028		chang4+5
涧39	2295.000	89.555	61.535	51.635	13.985	227.343	0.01	0.1	99.9	23.012	2.633	13.955		chang4+5
涧39	2295.125	82.801	61.509	42.457	14.591	226.221	0.01	0.1	99.9	22.271	2.63	14.524		chang4+5
涧39	2295.250	78.053	61.452	38.201	15.853	224.214	0.01	0.1	99.9	21.409	2.618	15.8		chang4+5
涧39	2295.375	77.683	61.383	39.759	16.799	222.513	0.01	0.1	99.9	21.148	2.6	16.809		chang4+5
涧39	2295.500	82.333	61.331	47.833	16.535	221.748	0.01	0.1	99.9	21.85	2.578	16.62		chang4+5
涧39	2295.625	92.948	61.311	66.755	14.878	223.902	0.01	0.1	99.9	23.501	2.554	15.025		chang4+5
涧39	2295.750	105.39	61.298	88.84	12.093	231.57	0.01	0.1	99.9	25.966	2.536	12.243		chang4+5
涧39	2295.875	114.076	61.218	99.9	9.317	240.216	0.01	0.1	99.9	28.618	2.534	9.399		chang4+5
涧39	2296.000	115.606	60.986	99.9	7.847	242.762	0.01	0.1	99.9	29.701	2.543	7.854		chang4+5
涧39	2296.125	110.41	60.527	85.376	7.787	236.805	0.01	0.1	99.9	28.501	2.559	7.721		chang4+5
涧39	2296.250	102.987	59.758	71.715	9.095	228.552	0.01	0.1	99.9	26.053	2.574	8.97		chang4+5
涧39	2296.375	96.902	58.729	62.964	11.525	225.286	0.01	0.1	99.9	23.835	2.577	11.344		chang4+5
涧39	2296.500	93.076	57.505	58.333	15.026	226.669	0.01	0.1	99.9	22.524	2.564	14.781		chang4+5
涧39	2296.625	86.946	56.199	11.763	19.762	228.665	0.098	8.758	70.945	21.564	2.543	19.427	干层	chang4+5
涧39	2296.750	77.361	54.97	9.486	26.18	227.773	0.145	9.569	56.357	20.204	2.526	25.788	干层	chang4+5
涧39	2296.875	68.963	53.931	7.819	33.543	224.229	0.16	9.787	48.542	18.318	2.523	33.226	干层	chang4+5
涧39	2297.000	66.584	53.141	7.493	39.311	219.44	0.14	9.502	46.011	16.582	2.531	39.238	干层	chang4+5
涧39	2297.125	68.934	52.607	7.833	40.43	215.277	0.105	8.888	48.347	15.812	2.545	40.614	干层	chang4+5
涧39	2297.250	73.784	52.317	8.777	36.795	213.458	0.072	8.167	55.038	16.264	2.561	37.12	干层	chang4+5
涧39	2297.375	79.653	52.159	10.029	30.64	213.861	0.052	7.573	65.005	17.509	2.574	30.948	干层	chang4+5
涧39	2297.500	84.496	52.042	11.116	24.937	215.981	0.041	7.163	76.306	18.467	2.583	25.103	干层	chang4+5
涧39	2297.625	86.59	51.862	11.645	21.956	218.913	0.033	6.852	85.303	18.376	2.59	21.954	干层	chang4+5
涧39	2297.750	84.981	51.493	11.271	22.127	220.669	0.027	6.514	89.67	17.262	2.598	21.985	干层	chang4+5
涧39	2297.875	80.698	50.902	10.216	24.959	219.162	0.02	6.109	90.235	15.684	2.607	24.682	干层	chang4+5
涧39	2298.000	74.567	50.088	8.53	30.3	213.93	0.015	5.746	87.119	14.305	2.615	29.934	干层	chang4+5
涧39	2298.125	69.244	49.085	7.175	37.176	207.34	0.013	5.53	81.547	13.524	2.619	36.877	干层	chang4+5
涧39	2298.250	66.872	47.939	6.686	42.683	204.164	0.013	5.564	75.465	13.546	2.617	42.547	干层	chang4+5
涧39	2298.375	66.805	46.744	6.848	45.188	205.929	0.019	6.027	67.643	14.311	2.605	45.126	干层	chang4+5
涧39	2298.500	66.765	45.564	7.079	46.349	210.882	0.034	6.877	58.516	15.375	2.585	46.311	干层	chang4+5
涧39	2298.625	66.486	44.471	7.355	46.94	216.408	0.064	7.961	50.162	16.373	2.56	47.034	油层	chang4+5
涧39	2298.750	67.055	43.554	7.797	45.013	221.263	0.114	9.055	44.962	17.403	2.536	45.251	油层	chang4+5
涧39	2298.875	68.295	42.829	8.284	40.529	225.442	0.172	9.956	43.092	18.671	2.516	40.743	油层	chang4+5
涧39	2299.000	69.493	42.309	8.653	36.581	228.313	0.229	10.624	42.568	19.819	2.502	36.671	油层	chang4+5
涧39	2299.125	70.107	41.994	8.749	34.952	229.235	0.273	11.048	41.924	20.291	2.493	34.958	油层	chang4+5
涧39	2299.250	70.192	41.897	8.653	34.767	228.534	0.294	11.238	41.292	20.168	2.489	34.827	油层	chang4+5
涧39	2299.375	70.73	41.942	8.737	33.505	227.551	0.284	11.152	42.305	20.142	2.492	33.695	油层	chang4+5
涧39	2299.500	74.086	42.049	9.579	29.866	226.587	0.249	10.823	46.133	20.813	2.5	30.085	油层	chang4+5
涧39	2299.625	79.373	42.108	10.638	25.833	225.45	0.203	10.327	52.077	21.954	2.511	25.932	油层	chang4+5
涧39	2299.750	84.747	41.995	11.645	24.106	224.156	0.164	9.85	56.689	22.909	2.521	24.056	油层	chang4+5
涧39	2299.875	88.05	41.683	12.037	25.199	223.152	0.153	9.693	56.499	23.176	2.522	25.005	油层	chang4+5
涧39	2300.000	86.349	41.182	11.079	28.943	222.691	0.223	10.559	48.439	22.591	2.502	28.671	油层	chang4+5
涧39	2300.125	82.435	40.544	10.172	34.083	222.667	0.308	11.361	41.441	21.535	2.484	33.835	油层	chang4+5
涧39	2300.250	79.606	39.857	9.657	38.626	222.851	0.404	12.083	36.514	20.412	2.469	38.531	油层	chang4+5
涧39	2300.375	77.778	39.242	9.32	40.164	223.186	0.47	12.503	34.489	19.495	2.46	40.332	油层	chang4+5
涧39	2300.500	80.841	38.787	10.436	36.885	223.763	0.48	12.563	35.761	19.458	2.459	37.156	油层	chang4+5
涧39	2300.625	89.146	38.556	12.528	31.782	224.428	0.448	12.367	39.146	20.762	2.464	32.002	油层	chang4+5
涧39	2300.750	92.68	38.595	12.643	27.739	224.719	0.409	12.116	42.841	22.867	2.469	27.837	油层	chang4+5
涧39	2300.875	87.625	38.834	11.021	26.073	224.55	0.389	11.975	44.864	24.393	2.472	25.984	油层	chang4+5
涧39	2301.000	79.906	39.224	9.495	28.053	224.304	0.394	12.011	43.336	24.105	2.471	27.683	油层	chang4+5
涧39	2301.125	73.329	39.708	8.374	35.608	224.73	0.428	12.24	37.983	22.452	2.465	34.697	油层	chang4+5
涧39	2301.250	69.718	40.231	8.07	53.272	226.768	0.488	12.612	30.12	20.78	2.457	51.971	油层	chang4+5
涧39	2301.375	68.302	40.74	8.132	77.37	230.009	0.551	12.963	24.131	20.141	2.449	76.651	油层	chang4+5
涧39	2301.500	65.642	41.208	7.73	90.096	233.091	0.591	13.17	21.883	20.491	2.445	90.296	油层	chang4+5
涧39	2301.625	62.298	41.633	7.281	86.093	234.286	0.583	13.131	22.422	20.612	2.447	86.514	油层	chang4+5
涧39	2301.750	60.482	42.022	7.018	78.263	232.518	0.496	12.659	24.413	19.75	2.46	78.531	油层	chang4+5
涧39	2301.875	59.329	42.402	6.657	73.49	229.101	0.354	11.721	27.266	18.223	2.48	73.434	油层	chang4+5
涧39	2302.000	58.175	42.791	6.234	75.051	225.07	0.271	11.03	28.768	16.622	2.496	74.488	油层	chang4+5
涧39	2302.125	55.974	43.204	5.519	86.403	220.583	0.204	10.339	28.704	15.169	2.515	85.151	油层	chang4+5
涧39	2302.250	53.731	43.643	4.983	110.029	214.939	0.092	8.637	30.384	13.886	2.554	108.903	油层	chang4+5
涧39	2302.375	53.06	44.073	6.898	129.957	208.313	0.01	0.1	99.9	12.854	2.593	130.259		chang4+5
涧39	2302.500	55.56	44.443	8.172	123.648	201.884	0.01	0.1	99.9	12.505	2.625	124.53		chang4+5
涧39	2302.625	59.788	44.695	9.704	106.667	197.563	0.01	0.1	99.9	13.272	2.641	107.819		chang4+5
涧39	2302.750	64.191	44.753	11.269	84.598	197.688	0.01	0.1	99.9	15.169	2.635	85.973		chang4+5
涧39	2302.875	68.033	44.626	12.581	58.986	201.963	0.01	0.1	99.9	17.539	2.589	59.904		chang4+5
涧39	2303.000	73.409	44.331	15.02	42.083	209.018	0.01	0.1	99.9	19.389	2.557	42.5		chang4+5
涧39	2303.125	80.864	43.909	10.379	34.492	216.534	0.131	9.348	49.806	20.507	2.53	34.603	差油层	chang4+5
涧39	2303.250	88.526	43.42	12.32	32.54	221.969	0.183	10.089	47.603	21.443	2.514	32.514	差油层	chang4+5
涧39	2303.375	97.581	42.952	14.737	33.013	224.824	0.213	10.447	45.625	22.596	2.507	33.012	差油层	chang4+5
涧39	2303.500	111.044	42.563	18.529	32.888	225.703	0.221	10.536	45.216	23.804	2.505	33.047	差油层	chang4+5
涧39	2303.625	126.823	42.296	22.848	29.799	225.581	0.215	10.463	47.761	24.636	2.507	30.032	差油层	chang4+5
涧39	2303.750	138.545	42.197	25.613	25.513	225.248	0.205	10.355	52.244	24.902	2.509	25.628	差油层	chang4+5
涧39	2303.875	139.104	42.249	24.343	23.525	225.057	0.2	10.292	54.95	24.77	2.511	23.448	差油层	chang4+5
涧39	2304.000	126.236	42.451	19.459	25.094	224.923	0.197	10.265	53.46	24.534	2.511	24.904	差油层	chang4+5
涧39	2304.125	110.382	42.807	15.71	28.651	224.598	0.198	10.275	49.909	23.79	2.511	28.521	差油层	chang4+5
涧39	2304.250	99.512	43.36	13.645	31.093	223.856	0.206	10.363	47.483	22.496	2.509	30.977	差油层	chang4+5
涧39	2304.375	92.409	44.112	12.18	33.373	222.862	0.218	10.498	45.29	21.001	2.506	33.18	差油层	chang4+5
涧39	2304.500	86.338	45.079	10.847	36.949	221.899	0.228	10.612	42.52	19.681	2.503	36.837	差油层	chang4+5
涧39	2304.625	82.915	46.25	10.364	38.941	221.202	0.233	10.661	41.153	18.805	2.502	38.963	差油层	chang4+5
涧39	2304.750	80.563	47.598	9.84	38.59	220.791	0.232	10.651	41.415	18.357	2.503	38.548	差油层	chang4+5
涧39	2304.875	77.366	49.043	9.137	39.478	220.48	0.229	10.615	41.135	18.277	2.503	39.336	差油层	chang4+5
涧39	2305.000	76.897	50.54	9.358	42.146	220.375	0.222	10.55	40.039	18.535	2.505	42.037	差油层	chang4+5
涧39	2305.125	78.415	52.053	9.725	44.126	220.715	0.213	10.44	39.494	18.983	2.508	44.114	差油层	chang4+5
涧39	2305.250	78.978	53.547	9.809	44.284	221.535	0.201	10.307	39.903	19.337	2.511	44.336	差油层	chang4+5
涧39	2305.375	78.259	54.999	9.705	43.308	222.568	0.193	10.217	40.715	19.47	2.512	43.343	差油层	chang4+5
涧39	2305.500	75.776	56.403	9.203	42.601	223.857	0.195	10.234	40.965	19.57	2.511	42.674	差油层	chang4+5
涧39	2305.625	72.144	57.771	8.605	41.053	225.493	0.21	10.415	40.921	19.879	2.507	41.287	差油层	chang4+5
涧39	2305.750	69.895	59.12	8.454	36.651	227.283	0.245	10.787	41.825	20.14	2.498	36.849	差油层	chang4+5
涧39	2305.875	70.313	60.462	8.8	33.076	229.008	0.292	11.218	42.439	20.008	2.488	33.089	差油层	chang4+5
涧39	2306.000	71.079	61.805	8.987	32.964	230.742	0.333	11.561	41.333	19.62	2.481	32.847	差油层	chang4+5
涧39	2306.125	72.7	63.16	9.55	35.124	232.4	0.343	11.643	39.727	19.458	2.481	35.057	差油层	chang4+5
涧39	2306.250	76.623	64.544	10.644	36.214	233.449	0.294	11.24	40.421	19.733	2.491	36.333	差油层	chang4+5
涧39	2306.375	82.582	65.952	12.126	33.795	233.727	0.215	10.468	44.825	20.316	2.509	34.065	差油层	chang4+5
涧39	2306.500	86.575	67.358	12.79	28.714	233.422	0.145	9.572	53.191	21.037	2.529	28.932	差油层	chang4+5
涧39	2306.625	85.336	68.72	12.145	24.77	232.784	0.101	8.821	62.346	21.736	2.546	24.8	差油层	chang4+5
涧39	2306.750	81.122	69.974	11.178	24.454	232.126	0.081	8.389	66.307	21.986	2.555	24.238	差油层	chang4+5
涧39	2306.875	76.672	71.092	10.291	28.8	231.499	0.074	8.215	62.619	21.227	2.558	28.341	差油层	chang4+5
涧39	2307.000	71.338	72.042	9.011	37.408	229.635	0.075	8.238	54.62	19.306	2.557	37.046	差油层	chang4+5
涧39	2307.125	67.018	72.805	7.934	43.725	224.368	0.076	8.26	50.032	16.821	2.556	43.913		chang4+5
涧39	2307.250	68.246	73.347	30.198	39.896	215.692	0.01	0.1	99.9	15.075	2.551	40.337		chang4+5
涧39	2307.375	75.209	73.713	39.86	31.481	210.279	0.01	0.1	99.9	15.246	2.545	31.965		chang4+5
涧39	2307.500	85.103	73.922	53.588	22.399	214.882	0.01	0.1	99.9	17.619	2.541	22.782		chang4+5
涧39	2307.625	94.336	73.993	66.573	15.299	230.619	0.01	0.1	99.9	21.416	2.543	15.517		chang4+5
涧39	2307.750	99.363	73.937	71.851	11.303	250.435	0.01	0.1	99.9	25.121	2.551	11.398		chang4+5
涧39	2307.875	98.903	73.81	67.836	9.58	264.435	0.01	0.1	99.9	27.423	2.567	9.598		chang4+5
涧39	2308.000	94.702	73.656	59.657	9.287	269.419	0.01	0.1	99.9	27.596	2.586	9.273		chang4+5
涧39	2308.125	88.8	73.511	50.587	9.584	265.977	0.01	0.1	99.9	25.447	2.601	9.549		chang4+5
涧39	2308.250	84.019	73.402	45.319	10.282	254.56	0.01	0.1	99.9	22.222	2.607	10.219		chang4+5
涧39	2308.375	83.802	73.331	47.642	11.503	239.323	0.01	0.1	99.9	19.777	2.603	11.422		chang4+5
涧39	2308.500	87.888	73.293	54.973	12.983	226.467	0.01	0.1	99.9	19.265	2.592	12.958		chang4+5
涧39	2308.625	93.341	73.28	63.302	13.339	222.532	0.01	0.1	99.9	20.689	2.577	13.427		chang4+5
涧39	2308.750	99.071	73.273	72.957	11.666	229.36	0.01	0.1	99.9	22.884	2.559	11.763		chang4+5
涧39	2308.875	104.813	73.248	83.294	9.863	238.427	0.01	0.1	99.9	24.615	2.543	9.914		chang4+5
涧39	2309.000	106.314	73.194	81.909	8.919	243.523	0.01	0.1	99.9	25.243	2.531	8.935		chang4+5
涧39	2309.125	103.786	73.117	75.542	8.635	243.786	0.01	0.1	99.9	25.053	2.521	8.644		chang4+5
涧39	2309.250	101.829	73.023	73.532	8.444	243.372	0.01	0.1	99.9	24.974	2.51	8.467		chang4+5
涧39	2309.375	103.309	72.916	78.665	7.993	245.726	0.01	0.1	99.9	25.314	2.497	8.024		chang4+5
涧39	2309.500	107.069	72.791	86.666	7.41	250.252	0.01	0.1	99.9	25.871	2.483	7.438		chang4+5
涧39	2309.625	111.707	72.645	96.555	6.872	255.441	0.01	0.1	99.9	26.894	2.469	6.899		chang4+5
涧39	2309.750	115.013	72.477	99.9	6.367	260.776	0.01	0.1	99.9	28.948	2.464	6.389		chang4+5
涧39	2309.875	115.357	72.268	99.9	5.979	264.759	0.01	0.1	99.9	31.526	2.474	5.98		chang4+5
涧39	2310.000	110.053	71.966	84.407	5.989	264.227	0.01	0.1	99.9	32.968	2.497	5.956		chang4+5
涧39	2310.125	102.69	71.566	71.396	6.667	257.438	0.01	0.1	99.9	31.836	2.528	6.584		chang4+5
涧39	2310.250	99.458	71.054	69.487	8.271	247.025	0.01	0.1	99.9	28.985	2.563	8.164		chang4+5
涧39	2310.375	100.01	70.454	71.941	10.269	238.612	0.01	0.1	99.9	26.049	2.594	10.185		chang4+5
涧39	2310.500	99.942	69.781	70.45	11.851	233.648	0.01	0.1	99.9	24.0	2.615	11.779		chang4+5
涧39	2310.625	98.649	69.061	67.916	13.259	230.243	0.01	0.1	99.9	22.873	2.626	13.151		chang4+5
涧39	2310.750	97.905	68.334	67.368	15.321	225.989	0.01	0.1	99.9	21.991	2.628	15.198		chang4+5
涧39	2310.875	98.147	67.658	68.273	17.568	221.535	0.01	0.1	99.9	21.064	2.627	17.52		chang4+5
涧39	2311.000	97.968	67.082	67.338	18.418	218.869	0.01	0.1	99.9	20.258	2.626	18.429		chang4+5
涧39	2311.125	99.305	66.603	71.273	18.215	219.02	0.01	0.1	99.9	19.541	2.624	18.219		chang4+5
涧39	2311.250	101.65	66.228	75.347	18.182	221.309	0.01	0.1	99.9	18.807	2.619	18.145		chang4+5
涧39	2311.375	103.647	65.932	78.606	18.925	223.591	0.01	0.1	99.9	18.426	2.609	18.863		chang4+5
涧39	2311.500	103.268	65.678	75.819	20.072	224.94	0.01	0.1	99.9	18.771	2.605	20.044		chang4+5
涧39	2311.625	100.796	65.419	70.667	20.541	225.408	0.01	0.1	99.9	19.515	2.603	20.585		chang4+5
涧39	2311.750	96.463	65.105	62.423	19.692	225.304	0.01	0.1	99.9	19.891	2.603	19.75		chang4+5
涧39	2311.875	92.157	64.731	56.52	18.632	224.664	0.01	0.1	99.9	19.63	2.605	18.654		chang4+5
涧39	2312.000	89.349	64.316	53.318	18.261	223.483	0.01	0.1	99.9	19.005	2.607	18.235		chang4+5
涧39	2312.125	87.994	63.898	52.067	18.787	222.381	0.01	0.1	99.9	18.529	2.609	18.721		chang4+5
涧39	2312.250	89.592	63.52	56.238	20.026	222.52	0.01	0.1	99.9	18.589	2.612	19.96		chang4+5
涧39	2312.375	95.444	63.183	67.75	21.214	224.086	0.01	0.1	99.9	19.321	2.612	21.219		chang4+5
涧39	2312.500	103.738	62.857	83.28	21.058	226.452	0.01	0.1	99.9	20.585	2.605	21.13		chang4+5
涧39	2312.625	109.795	62.495	92.397	19.699	228.5	0.01	0.1	99.9	21.881	2.592	19.777		chang4+5
涧39	2312.750	107.229	62.034	79.946	18.261	229.166	0.01	0.1	99.9	22.665	2.574	18.297		chang4+5
涧39	2312.875	96.566	61.465	25.823	17.64	228.676	0.075	8.246	79.151	22.707	2.556	17.605		chang4+5
涧39	2313.000	89.757	60.793	23.918	18.391	227.637	0.101	8.809	72.742	22.086	2.544	18.267	干层	chang4+5
涧39	2313.125	92.391	60.048	27.14	20.819	226.789	0.108	8.944	67.428	21.058	2.542	20.623	干层	chang4+5
涧39	2313.250	97.866	59.283	30.139	24.451	226.889	0.094	8.681	63.939	20.214	2.549	24.343	干层	chang4+5
涧39	2313.375	96.877	58.564	27.661	26.34	227.715	0.078	8.313	64.126	20.058	2.557	26.393	干层	chang4+5
涧39	2313.500	89.522	57.939	22.805	25.307	228.319	0.065	7.967	68.214	20.391	2.565	25.39	干层	chang4+5
涧39	2313.625	83.711	57.431	20.706	23.761	227.844	0.053	7.628	73.583	20.399	2.573	23.806	干层	chang4+5
涧39	2313.750	82.351	57.047	20.762	22.904	226.413	0.042	7.207	79.341	19.821	2.582	22.939	干层	chang4+5
涧39	2313.875	82.633	56.743	20.949	22.266	224.717	0.032	6.773	85.653	19.058	2.592	22.284	干层	chang4+5
涧39	2314.000	80.856	56.493	19.502	22.002	222.2	0.027	6.522	89.635	18.365	2.596	21.945	干层	chang4+5
涧39	2314.125	77.104	56.287	17.493	23.195	218.114	0.03	6.679	85.461	17.617	2.587	23.022	干层	chang4+5
涧39	2314.250	73.595	56.126	16.037	26.523	213.787	0.09	8.596	62.129	16.909	2.546	26.298	干层	chang4+5
涧39	2314.375	71.834	55.997	15.572	30.623	212.488	0.155	9.714	51.006	16.594	2.522	30.549	干层	chang4+5
涧39	2314.500	72.116	55.901	16.017	31.803	215.513	0.211	10.422	46.486	16.87	2.507	31.953	含油水层	chang4+5
涧39	2314.625	72.34	55.852	15.935	28.887	221.017	0.22	10.527	48.223	17.611	2.506	29.103	含油水层	chang4+5
涧39	2314.750	72.288	55.884	15.943	24.849	225.154	0.201	10.309	53.119	18.446	2.511	25.013	含油水层	chang4+5
涧39	2314.875	72.568	56.011	16.134	21.81	226.396	0.17	9.924	58.964	19.087	2.521	21.905	含油水层	chang4+5
涧39	2315.000	72.718	56.244	16.137	20.079	225.686	0.134	9.398	64.99	19.363	2.533	20.105	含油水层	chang4+5
涧39	2315.125	71.148	56.584	15.047	19.67	224.342	0.096	8.708	71.007	19.047	2.549	19.614	含油水层	chang4+5
涧39	2315.250	67.559	57.034	13.198	20.814	222.268	0.064	7.949	75.769	18.125	2.566	20.677	含油水层	chang4+5
涧39	2315.375	64.006	57.558	11.842	23.496	218.736	0.042	7.226	78.569	16.915	2.582	23.271	含油水层	chang4+5
涧39	2315.500	65.317	58.127	13.42	27.811	214.519	0.03	6.684	78.087	15.991	2.594	27.533	含油水层	chang4+5
涧39	2315.625	71.404	58.708	16.707	33.018	212.38	0.027	6.506	73.48	16.159	2.597	32.814		chang4+5
涧39	2315.750	78.885	59.266	20.324	36.636	215.415	0.01	0.1	99.9	17.573	2.596	36.681		chang4+5
涧39	2315.875	85.631	59.782	23.549	35.596	221.615	0.01	0.1	99.9	19.515	2.596	35.831		chang4+5
涧39	2316.000	91.839	60.24	26.877	31.149	227.609	0.01	0.1	99.9	21.002	2.6	31.375		chang4+5
涧39	2316.125	98.426	60.621	30.793	26.923	231.394	0.01	0.1	99.9	21.656	2.601	27.098		chang4+5
涧39	2316.250	103.96	60.879	33.733	23.605	233.494	0.01	0.1	99.9	22.194	2.591	23.788		chang4+5
涧39	2316.375	103.806	61.003	32.006	20.134	235.11	0.01	0.1	99.9	23.297	2.568	20.314		chang4+5
涧39	2316.500	96.55	60.98	26.449	16.775	235.425	0.01	0.1	99.9	24.668	2.537	16.9		chang4+5
涧39	2316.625	87.34	60.819	21.681	14.487	233.491	0.21	10.411	69.02	25.122	2.504	14.525	干层	chang4+5
涧39	2316.750	79.084	60.54	17.825	13.856	230.339	0.336	11.582	63.654	24.385	2.479	13.799	干层	chang4+5
涧39	2316.875	73.986	60.223	16.14	15.076	228.681	0.432	12.266	57.873	23.023	2.465	14.885	干层	chang4+5
涧39	2317.000	73.59	59.948	16.749	18.772	229.347	0.467	12.487	50.977	21.59	2.461	18.51	干层	chang4+5
涧39	2317.125	77.204	59.803	19.037	23.624	231.29	0.44	12.321	45.882	20.412	2.469	23.468	干层	chang4+5
涧39	2317.250	82.212	59.907	21.566	26.522	232.604	0.233	10.661	49.973	19.673	2.505	26.425	干层	chang4+5
涧39	2317.375	84.345	60.279	21.846	28.604	231.798	0.163	9.834	52.377	19.284	2.524	28.268	干层	chang4+5
涧39	2317.500	82.642	60.92	20.384	35.289	227.745	0.106	8.905	52.253	18.851	2.547	34.637	干层	chang4+5
涧39	2317.625	82.589	61.805	45.913	47.182	220.382	0.01	0.1	99.9	18.001	2.577	47.0		chang4+5
涧39	2317.750	86.769	62.901	53.53	49.913	211.985	0.01	0.1	99.9	16.899	2.594	50.456		chang4+5
涧39	2317.875	91.907	64.107	60.722	39.669	206.653	0.01	0.1	99.9	16.193	2.595	40.162		chang4+5
涧39	2318.000	97.029	65.356	69.134	30.561	207.239	0.01	0.1	99.9	16.003	2.577	30.812		chang4+5
涧39	2318.125	104.524	66.578	84.735	25.85	214.866	0.01	0.1	99.9	16.995	2.54	26.046		chang4+5
涧39	2318.250	112.646	67.74	99.9	22.055	228.5	0.01	0.1	99.9	19.451	2.532	22.336		chang4+5
涧39	2318.375	117.842	68.795	99.9	16.735	243.342	0.01	0.1	99.9	22.76	2.524	17.005		chang4+5
涧39	2318.500	118.328	69.736	99.9	11.704	257.068	0.01	0.1	99.9	26.976	2.512	11.879		chang4+5
涧39	2318.625	116.893	70.572	99.9	8.484	269.566	0.01	0.1	99.9	29.415	2.501	8.569		chang4+5
涧39	2318.750	117.291	71.27	99.9	6.939	279.275	0.01	0.1	99.9	30.882	2.496	6.959		chang4+5
涧39	2318.875	120.438	71.837	99.9	6.621	282.436	0.01	0.1	99.9	32.233	2.497	6.586		chang4+5
涧39	2319.000	122.072	72.262	99.9	7.326	278.219	0.01	0.1	99.9	32.522	2.503	7.264		chang6
涧39	2229.625--2319.000(平均)	88.107	57.348	41.296	18.204	234.648	0.056	3.749	85.812	22.592	2.553	18.204		
涧39	2229.625--2319.000(最大)	159.125	76.318	99.9	129.957	348.303	0.591	13.17	99.9	54.071	2.695	130.259		
涧39	2229.625--2319.000(最小)	47.101	31.337	4.983	5.979	194.192	0.01	0.1	21.883	12.175	2.172	5.956		
