井名	深度	GR	SP	SH	AT90	AC	PERM	POR	SW	CNL	DEN	RT	解释结论	层位
罗160	2359.625	105.338	69.404	58.232	13.437	236.726	0.01	0.1	99.9	21.564	2.542	13.905		chang3
罗160	2359.750	117.734	69.842	73.851	13.971	242.268	0.01	0.1	99.9	24.076	2.518	14.032		chang3
罗160	2359.875	130.132	70.229	93.639	13.324	255.196	0.01	0.1	99.9	29.369	2.486	12.67		chang3
罗160	2360.000	143.252	70.454	99.9	11.927	276.046	0.01	0.1	99.9	37.201	2.445	11.239		chang3
罗160	2360.125	153.894	70.538	99.9	11.227	299.244	0.01	0.1	99.9	44.526	2.401	11.215		chang4+5
罗160	2360.250	156.503	70.545	99.9	12.154	315.905	0.01	0.1	99.9	47.193	2.366	13.021		chang4+5
罗160	2360.375	149.544	70.474	99.9	14.489	319.398	0.01	0.1	99.9	44.084	2.354	15.847		chang4+5
罗160	2360.500	137.773	70.346	86.357	16.639	307.256	0.01	0.1	99.9	37.891	2.369	17.373		chang4+5
罗160	2360.625	125.782	70.177	69.319	16.996	284.796	0.01	0.1	99.9	31.892	2.41	16.647		chang4+5
罗160	2360.750	113.934	69.984	54.223	16.179	260.948	0.01	0.1	99.9	27.141	2.471	15.747		chang4+5
罗160	2360.875	102.373	69.751	42.276	15.983	241.501	0.01	0.1	99.9	23.743	2.534	16.203		chang4+5
罗160	2361.000	96.977	69.501	42.166	17.049	229.535	0.01	0.1	99.9	21.926	2.581	17.833		chang4+5
罗160	2361.125	101.532	69.257	51.546	18.569	224.96	0.01	0.1	99.9	21.396	2.606	19.25		chang4+5
罗160	2361.250	110.539	69.055	62.425	19.35	225.615	0.01	0.1	99.9	21.477	2.619	19.443		chang4+5
罗160	2361.375	117.336	68.947	68.468	19.183	228.605	0.01	0.1	99.9	21.717	2.629	18.943		chang4+5
罗160	2361.500	119.413	68.943	68.08	18.668	230.539	0.01	0.1	99.9	21.87	2.64	18.413		chang4+5
罗160	2361.625	118.68	68.997	66.562	18.128	230.132	0.01	0.1	99.9	21.88	2.646	17.863		chang4+5
罗160	2361.750	118.468	69.113	67.42	17.517	228.667	0.01	0.1	99.9	21.994	2.643	17.197		chang4+5
罗160	2361.875	121.116	69.358	73.586	16.593	228.573	0.01	0.1	99.9	22.709	2.63	16.035		chang4+5
罗160	2362.000	123.929	69.703	75.369	14.806	233.52	0.01	0.1	99.9	24.56	2.609	13.67		chang4+5
罗160	2362.125	124.995	70.169	76.661	12.195	245.245	0.01	0.1	99.9	27.55	2.589	10.83		chang4+5
罗160	2362.250	126.395	70.749	79.404	9.991	260.456	0.01	0.1	99.9	30.363	2.58	9.214		chang4+5
罗160	2362.375	127.437	71.376	79.823	9.197	272.148	0.01	0.1	99.9	31.698	2.585	9.18		chang4+5
罗160	2362.500	127.307	71.941	79.062	10.029	273.621	0.01	0.1	99.9	31.624	2.599	10.813		chang4+5
罗160	2362.625	130.125	72.462	88.162	12.339	266.889	0.01	0.1	99.9	31.099	2.609	13.751		chang4+5
罗160	2362.750	138.013	72.92	99.9	15.36	260.832	0.01	0.1	99.9	31.048	2.603	16.849		chang4+5
罗160	2362.875	147.531	73.237	99.9	17.557	261.479	0.01	0.1	99.9	31.797	2.576	18.213		chang4+5
罗160	2363.000	152.373	73.381	99.9	17.16	268.47	0.01	0.1	99.9	32.884	2.533	16.186		chang4+5
罗160	2363.125	150.646	73.342	99.9	14.303	276.209	0.01	0.1	99.9	33.304	2.491	12.561		chang4+5
罗160	2363.250	145.046	73.132	99.9	11.03	279.426	0.01	0.1	99.9	32.8	2.469	9.614		chang4+5
罗160	2363.375	136.576	72.732	86.479	8.829	276.476	0.01	0.1	99.9	31.949	2.471	8.102		chang4+5
罗160	2363.500	127.129	72.182	72.795	7.941	268.567	0.01	0.1	99.9	31.449	2.494	7.792		chang4+5
罗160	2363.625	120.679	71.478	67.443	7.984	259.053	0.01	0.1	99.9	31.524	2.53	8.162		chang4+5
罗160	2363.750	118.513	70.699	66.72	8.447	251.426	0.01	0.1	99.9	31.829	2.567	8.711		chang4+5
罗160	2363.875	119.104	69.872	68.912	8.807	248.175	0.01	0.1	99.9	31.96	2.591	8.896		chang4+5
罗160	2364.000	121.39	68.953	72.879	8.744	251.146	0.01	0.1	99.9	31.609	2.598	8.604		chang4+5
罗160	2364.125	122.328	67.914	71.679	8.464	258.392	0.01	0.1	99.9	30.384	2.598	8.335		chang4+5
罗160	2364.250	119.763	66.747	66.092	8.517	264.164	0.01	0.1	99.9	28.242	2.6	8.686		chang4+5
罗160	2364.375	114.395	65.511	57.91	9.353	263.39	0.01	0.1	99.9	25.49	2.612	9.97		chang4+5
罗160	2364.500	108.132	64.271	50.918	11.283	254.713	0.01	0.1	99.9	22.78	2.632	12.497		chang4+5
罗160	2364.625	102.637	63.049	45.543	14.185	242.275	0.01	0.1	99.9	20.992	2.656	15.746		chang4+5
罗160	2364.750	99.795	61.794	25.201	17.233	231.602	0.01	3.15	99.9	20.203	2.676	18.608		chang4+5
罗160	2364.875	99.805	60.53	25.166	19.44	225.384	0.01	2.672	99.9	19.783	2.685	20.209	干层	chang4+5
罗160	2365.000	99.769	59.376	24.838	20.562	223.83	0.01	2.672	99.9	19.211	2.683	20.888	干层	chang4+5
罗160	2365.125	97.753	58.35	23.464	21.257	224.728	0.01	2.942	99.9	18.485	2.677	21.6	干层	chang4+5
罗160	2365.250	93.802	57.474	21.291	22.217	225.467	0.01	3.199	99.9	17.945	2.672	22.787	干层	chang4+5
罗160	2365.375	90.651	56.771	20.39	23.401	225.055	0.01	3.302	99.9	17.775	2.67	23.97	干层	chang4+5
罗160	2365.500	91.221	56.221	21.391	24.216	223.858	0.01	3.315	99.9	17.809	2.67	24.445	干层	chang4+5
罗160	2365.625	93.802	55.814	22.388	24.207	222.716	0.01	3.342	99.9	17.758	2.669	23.988	干层	chang4+5
罗160	2365.750	95.251	55.539	22.464	23.511	221.783	0.01	3.449	99.9	17.471	2.666	23.07	干层	chang4+5
罗160	2365.875	95.705	55.381	22.386	22.792	220.41	0.01	3.618	99.9	16.968	2.662	22.535	干层	chang4+5
罗160	2366.000	95.895	55.298	21.94	22.749	218.04	0.01	3.861	99.9	16.416	2.656	22.946	干层	chang4+5
罗160	2366.125	96.017	55.258	21.69	23.193	215.388	0.01	4.118	99.9	16.199	2.651	23.422	干层	chang4+5
罗160	2366.250	96.517	55.232	21.956	22.94	214.139	0.01	4.3	99.9	16.561	2.647	22.494	干层	chang4+5
罗160	2366.375	97.625	55.183	22.987	21.252	215.51	0.01	4.359	99.9	17.409	2.646	20.104	干层	chang4+5
罗160	2366.500	98.918	55.085	24.211	18.751	219.44	0.01	4.314	99.9	18.377	2.648	17.499	干层	chang4+5
罗160	2366.625	99.874	54.918	25.284	16.496	224.259	0.01	4.163	99.9	18.956	2.652	15.568	干层	chang4+5
罗160	2366.750	100.698	54.662	26.121	15.104	227.802	0.01	3.915	99.9	18.918	2.657	14.674	干层	chang4+5
罗160	2366.875	100.089	54.302	25.084	14.682	228.531	0.01	3.638	99.9	18.397	2.664	14.689	干层	chang4+5
罗160	2367.000	95.725	53.851	21.448	15.125	225.746	0.01	3.389	99.9	17.71	2.669	15.529	干层	chang4+5
罗160	2367.125	89.042	53.32	17.968	16.218	220.924	0.01	3.206	99.9	17.467	2.672	16.854	干层	chang4+5
罗160	2367.250	84.662	52.727	16.828	17.514	217.231	0.01	3.197	99.9	18.107	2.672	18.124	干层	chang4+5
罗160	2367.375	86.665	52.098	19.443	18.426	217.176	0.01	3.317	99.9	19.402	2.669	18.706	干层	chang4+5
罗160	2367.500	91.89	51.47	22.02	18.582	220.564	0.01	3.504	99.9	20.481	2.665	18.467	干层	chang4+5
罗160	2367.625	93.421	50.878	21.625	18.419	223.77	0.01	3.71	99.9	20.311	2.66	18.375	干层	chang4+5
罗160	2367.750	89.374	50.357	18.471	18.799	223.42	0.01	3.882	99.9	18.853	2.657	19.191	干层	chang4+5
罗160	2367.875	82.004	49.95	14.719	20.138	219.635	0.01	3.968	99.9	16.85	2.655	21.013	干层	chang4+5
罗160	2368.000	74.043	49.671	11.543	22.28	214.986	0.01	4.027	99.9	15.015	2.653	23.451	干层	chang4+5
罗160	2368.125	68.277	49.531	10.034	24.538	211.602	0.01	4.149	99.9	13.875	2.65	25.544	干层	chang4+5
罗160	2368.250	67.11	49.54	10.361	25.61	209.961	0.01	4.311	99.9	13.496	2.647	25.672	干层	chang4+5
罗160	2368.375	70.254	49.706	11.979	24.637	209.896	0.01	4.418	99.9	13.675	2.645	23.679	干层	chang4+5
罗160	2368.500	74.621	49.991	13.534	22.144	211.15	0.01	4.402	99.9	14.198	2.646	20.725	干层	chang4+5
罗160	2368.625	79.035	50.373	15.578	19.389	213.226	0.01	4.235	99.9	14.99	2.65	18.154	干层	chang4+5
罗160	2368.750	84.818	50.824	18.548	17.249	215.632	0.01	3.956	99.9	16.093	2.656	16.412	干层	chang4+5
罗160	2368.875	91.977	51.312	22.205	15.849	218.092	0.01	3.708	99.9	17.531	2.662	15.328	干层	chang4+5
罗160	2369.000	97.965	51.799	24.68	14.967	220.555	0.01	3.552	99.9	19.204	2.664	14.633	干层	chang4+5
罗160	2369.125	101.101	52.257	26.009	14.379	223.214	0.01	3.561	99.9	20.687	2.663	14.144	干层	chang4+5
罗160	2369.250	102.754	52.657	27.059	14.107	225.927	0.01	3.809	99.9	21.446	2.657	14.073	干层	chang4+5
罗160	2369.375	101.83	52.97	25.569	14.375	227.764	0.01	4.228	99.9	21.137	2.647	14.654	干层	chang4+5
罗160	2369.500	95.506	53.188	20.913	15.291	227.514	0.01	4.757	99.9	19.925	2.635	15.879	干层	chang4+5
罗160	2369.625	86.6	53.298	16.912	16.609	225.334	0.014	5.323	99.9	18.454	2.622	17.283	干层	chang4+5
罗160	2369.750	82.002	53.288	16.17	17.761	222.611	0.02	5.722	99.9	17.334	2.615	18.204	干层	chang4+5
罗160	2369.875	82.119	53.135	16.412	18.352	220.484	0.02	5.741	99.9	16.854	2.616	18.489	干层	chang4+5
罗160	2370.000	82.753	52.851	16.495	18.414	219.513	0.016	5.468	99.9	17.119	2.622	18.344	干层	chang4+5
罗160	2370.125	84.268	52.429	17.705	18.241	219.616	0.012	5.099	99.9	17.951	2.63	18.146	干层	chang4+5
罗160	2370.250	88.557	51.866	20.319	18.103	220.594	0.01	4.82	99.9	18.8	2.636	18.063	干层	chang4+5
罗160	2370.375	93.616	51.147	22.613	18.011	222.383	0.01	4.659	99.9	19.309	2.639	17.963	干层	chang4+5
罗160	2370.500	95.169	50.297	22.382	17.772	224.492	0.01	4.63	99.9	19.596	2.64	17.596	干层	chang4+5
罗160	2370.625	91.453	49.328	19.753	17.27	225.846	0.01	4.709	99.9	19.769	2.637	16.968	干层	chang4+5
罗160	2370.750	86.043	48.254	17.62	16.579	225.625	0.01	4.896	99.9	19.724	2.633	16.219	干层	chang4+5
罗160	2370.875	83.898	47.091	17.454	15.907	224.064	0.012	5.11	99.9	19.367	2.628	15.619	干层	chang4+5
罗160	2371.000	85.206	45.882	18.152	15.564	222.266	0.014	5.292	99.9	18.74	2.624	15.513	干层	chang4+5
罗160	2371.125	85.51	44.658	17.384	15.825	220.884	0.015	5.382	99.9	17.815	2.623	16.113	干层	chang4+5
罗160	2371.250	82.046	43.455	15.135	16.981	219.268	0.014	5.324	99.9	16.41	2.625	17.783	干层	chang4+5
罗160	2371.375	76.293	42.316	12.526	19.427	216.215	0.012	5.146	99.9	14.499	2.629	20.947	干层	chang4+5
罗160	2371.500	70.882	41.272	10.437	23.939	211.153	0.01	4.883	99.9	12.402	2.635	26.706	干层	chang4+5
罗160	2371.625	65.77	40.35	8.251	31.371	205.103	0.01	4.577	99.9	10.652	2.642	35.686		chang4+5
罗160	2371.750	60.262	39.582	11.6	40.93	199.665	0.01	0.1	99.9	9.515	2.649	45.78		chang4+5
罗160	2371.875	56.263	39.006	10.079	48.488	195.653	0.01	0.1	99.9	8.98	2.654	50.993		chang4+5
罗160	2372.000	55.886	38.612	11.057	50.002	193.465	0.01	0.1	99.9	8.997	2.658	49.085		chang4+5
罗160	2372.125	57.37	38.405	11.822	47.628	193.171	0.01	0.1	99.9	9.494	2.659	46.28		chang4+5
罗160	2372.250	57.691	38.389	11.478	45.615	194.51	0.01	0.1	99.9	10.209	2.657	45.001		chang4+5
罗160	2372.375	57.245	38.572	11.287	44.764	197.111	0.01	0.1	99.9	10.868	2.651	44.546		chang4+5
罗160	2372.500	57.571	38.913	6.821	43.856	200.547	0.01	4.476	96.117	11.422	2.641	43.218	干层	chang4+5
罗160	2372.625	58.243	39.392	7.155	41.474	204.09	0.01	4.947	90.556	11.945	2.631	39.861	干层	chang4+5
罗160	2372.750	58.576	39.988	7.352	37.258	206.883	0.015	5.392	88.859	12.423	2.621	34.85	干层	chang4+5
罗160	2372.875	59.116	40.677	7.645	32.334	208.656	0.02	5.768	89.527	12.797	2.613	30.006	干层	chang4+5
罗160	2373.000	60.235	41.415	8.098	27.913	209.778	0.024	6.01	92.334	13.161	2.608	25.977	干层	chang4+5
罗160	2373.125	62.951	42.175	9.35	24.206	210.75	0.026	6.103	97.55	13.759	2.607	22.569	干层	chang4+5
罗160	2373.250	69.659	42.929	12.476	21.064	211.822	0.025	6.015	99.9	14.714	2.609	19.672	干层	chang4+5
罗160	2373.375	79.275	43.645	16.249	18.467	213.025	0.022	5.861	99.9	15.942	2.612	17.353	干层	chang4+5
罗160	2373.500	85.828	44.308	17.752	16.587	214.188	0.02	5.71	99.9	17.118	2.616	15.878	干层	chang4+5
罗160	2373.625	86.721	44.905	17.279	15.5	215.121	0.018	5.631	99.9	17.635	2.617	15.15	干层	chang4+5
罗160	2373.750	83.985	45.427	15.8	15.098	215.822	0.02	5.73	99.9	17.317	2.614	15.05	干层	chang4+5
罗160	2373.875	79.304	45.864	13.82	15.23	216.371	0.025	6.016	99.9	16.657	2.607	15.397	干层	chang4+5
罗160	2374.000	75.312	46.234	12.839	15.775	216.798	0.032	6.408	99.9	16.226	2.598	16.125	干层	chang4+5
罗160	2374.125	73.546	46.546	12.499	16.617	217.093	0.041	6.77	99.9	16.225	2.59	17.072	干层	chang4+5
罗160	2374.250	72.861	46.816	12.292	17.59	217.192	0.048	6.996	95.115	16.382	2.586	18.069	干层	chang4+5
罗160	2374.375	74.805	47.058	13.709	18.63	216.992	0.05	7.068	91.445	16.416	2.584	19.149	干层	chang4+5
罗160	2374.500	78.365	47.296	14.709	19.871	216.387	0.048	7.0	89.154	16.318	2.587	20.539	干层	chang4+5
罗160	2374.625	79.031	47.547	14.059	21.496	215.264	0.042	6.808	87.818	16.082	2.591	22.381	干层	chang4+5
罗160	2374.750	77.843	47.826	13.555	23.522	213.582	0.037	6.606	86.369	15.655	2.595	24.578	干层	chang4+5
罗160	2374.875	78.549	48.148	14.138	25.683	211.487	0.034	6.491	84.325	15.097	2.597	26.705	干层	chang4+5
罗160	2375.000	80.94	48.515	14.844	27.475	209.318	0.034	6.497	81.996	14.588	2.597	28.187	干层	chang4+5
罗160	2375.125	83.299	48.926	15.501	28.507	207.594	0.036	6.566	80.262	14.365	2.595	28.803	干层	chang4+5
罗160	2375.250	84.105	49.375	15.326	28.493	206.997	0.038	6.632	80.307	14.465	2.594	28.207	干层	chang4+5
罗160	2375.375	82.904	49.854	14.838	27.169	208.133	0.04	6.717	82.255	14.754	2.591	26.209	干层	chang4+5
罗160	2375.500	81.561	50.342	14.923	24.641	211.218	0.045	6.904	85.075	15.158	2.587	23.192	干层	chang4+5
罗160	2375.625	80.488	50.821	14.937	21.654	215.78	0.056	7.244	86.804	15.857	2.578	20.232	干层	chang4+5
罗160	2375.750	79.068	51.271	14.88	19.152	221.119	0.075	7.75	85.655	16.936	2.566	18.153	干层	chang4+5
罗160	2375.875	78.358	51.666	15.38	17.521	226.563	0.104	8.348	82.326	18.149	2.553	16.937	干层	chang4+5
罗160	2376.000	81.268	51.995	17.898	16.725	231.167	0.136	8.876	78.38	19.263	2.542	16.529	干层	chang4+5
罗160	2376.125	91.738	52.252	24.935	16.618	234.723	0.156	9.162	75.538	20.523	2.537	16.701	差油层	chang4+5
罗160	2376.250	102.55	52.453	29.042	16.895	238.248	0.151	9.097	75.242	22.156	2.539	17.074	差油层	chang4+5
罗160	2376.375	105.317	52.608	29.345	17.172	242.799	0.133	8.832	77.076	23.889	2.545	17.262	差油层	chang4+5
罗160	2376.500	101.662	52.714	26.954	17.362	247.715	0.114	8.535	79.316	25.25	2.551	17.455	差油层	chang4+5
罗160	2376.625	94.913	52.793	23.489	17.906	250.39	0.105	8.379	78.857	25.68	2.554	18.322	差油层	chang4+5
罗160	2376.750	88.907	52.869	20.804	19.435	248.734	0.11	8.465	73.864	24.982	2.552	20.465	差油层	chang4+5
罗160	2376.875	87.666	52.956	20.781	22.345	243.325	0.12	8.627	66.806	23.417	2.548	24.084	差油层	chang4+5
罗160	2377.000	90.51	53.091	21.701	26.494	237.321	0.124	8.686	60.761	21.503	2.548	28.724	差油层	chang4+5
罗160	2377.125	92.732	53.289	21.833	30.554	233.536	0.114	8.524	58.434	19.701	2.553	32.247	差油层	chang4+5
罗160	2377.250	92.272	53.526	21.021	32.241	231.88	0.091	8.094	61.546	18.281	2.563	32.234	差油层	chang4+5
罗160	2377.375	89.036	53.806	18.837	31.646	230.143	0.067	7.564	67.052	17.464	2.575	31.101	差油层	chang4+5
罗160	2377.500	85.778	54.143	17.455	31.077	226.145	0.052	7.15	70.983	17.347	2.583	31.054	差油层	chang4+5
罗160	2377.625	84.439	54.545	16.506	31.337	220.476	0.05	7.069	71.175	17.851	2.582	31.598	差油层	chang4+5
罗160	2377.750	83.295	54.992	15.527	31.01	216.159	0.065	7.503	68.299	18.596	2.571	30.467	差油层	chang4+5
罗160	2377.875	82.232	55.453	15.347	28.722	215.667	0.099	8.255	65.81	19.145	2.554	27.109	差油层	chang4+5
罗160	2378.000	83.643	55.865	17.046	25.192	219.164	0.153	9.123	64.067	19.41	2.534	23.419	差油层	chang4+5
罗160	2378.125	87.026	56.221	18.851	22.099	224.044	0.22	9.904	62.503	19.658	2.517	20.879	差油层	chang4+5
罗160	2378.250	88.476	56.528	18.881	20.258	227.534	0.275	10.417	61.2	20.039	2.507	19.684	差油层	chang4+5
罗160	2378.375	85.546	56.772	16.754	19.583	228.905	0.305	10.662	60.09	20.368	2.502	19.49	差油层	chang4+5
罗160	2378.500	80.506	56.958	14.851	19.835	228.875	0.316	10.755	58.583	20.496	2.5	20.154	差油层	chang4+5
罗160	2378.625	77.584	57.068	14.372	20.883	228.489	0.329	10.855	56.121	20.494	2.497	21.557	差油层	chang4+5
罗160	2378.750	76.563	57.097	13.983	22.637	228.149	0.355	11.041	52.692	20.531	2.493	23.635	差油层	chang4+5
罗160	2378.875	75.376	57.024	13.386	25.004	227.725	0.378	11.197	49.285	20.723	2.489	26.27	差油层	chang4+5
罗160	2379.000	75.561	56.899	13.94	27.991	227.217	0.378	11.197	46.443	21.083	2.486	29.583	差油层	chang4+5
罗160	2379.125	78.496	56.731	15.403	31.074	226.798	0.378	11.197	44.342	21.387	2.486	32.453	差油层	chang4+5
罗160	2379.250	82.374	56.495	16.806	32.387	226.549	0.378	11.197	44.428	21.411	2.489	32.327	差油层	chang4+5
罗160	2379.375	84.741	56.199	17.281	31.015	226.537	0.369	11.136	46.525	21.264	2.492	29.802	差油层	chang4+5
罗160	2379.500	83.107	55.845	15.752	28.985	226.998	0.355	11.038	48.228	21.162	2.494	28.229	差油层	chang4+5
罗160	2379.625	79.795	55.439	14.938	28.416	227.948	0.353	11.025	47.979	21.105	2.494	28.589	差油层	chang4+5
罗160	2379.750	79.025	54.997	15.361	29.248	229.014	0.35	11.004	47.04	21.136	2.495	29.857	差油层	chang4+5
罗160	2379.875	79.069	54.559	15.197	29.915	229.861	0.337	10.911	47.352	21.383	2.497	29.968	差油层	chang4+5
罗160	2380.000	76.479	54.136	13.675	28.751	230.41	0.317	10.758	50.02	21.829	2.501	27.625	差油层	chang4+5
罗160	2380.125	75.643	53.717	14.615	25.66	230.801	0.297	10.604	54.624	22.305	2.504	23.842	差油层	chang4+5
罗160	2380.250	79.94	53.349	16.962	22.009	231.186	0.293	10.569	59.376	22.619	2.504	20.314	差油层	chang4+5
罗160	2380.375	84.654	53.012	18.411	18.931	231.636	0.303	10.653	63.193	22.555	2.502	17.652	差油层	chang4+5
罗160	2380.500	86.257	52.717	18.38	16.685	232.148	0.327	10.84	65.664	22.169	2.497	15.79	差油层	chang4+5
罗160	2380.625	86.13	52.474	18.338	15.103	232.615	0.361	11.084	67.089	21.968	2.492	14.466	差油层	chang4+5
罗160	2380.750	85.297	52.279	17.729	14.039	232.905	0.378	11.197	68.385	22.19	2.487	13.644	差油层	chang4+5
罗160	2380.875	82.561	52.141	16.208	13.486	233.033	0.378	11.197	69.162	22.466	2.485	13.34	差油层	chang4+5
罗160	2381.000	79.149	52.042	15.096	13.536	233.155	0.378	11.197	68.2	22.274	2.485	13.718	差油层	chang4+5
罗160	2381.125	76.279	52.007	14.033	14.299	233.004	0.378	11.197	65.58	21.572	2.488	14.837	差油层	chang4+5
罗160	2381.250	73.647	52.06	13.033	15.925	232.148	0.363	11.094	61.96	20.848	2.494	16.931	差油层	chang4+5
罗160	2381.375	74.111	52.256	14.081	18.64	230.845	0.321	10.79	58.295	20.33	2.5	20.221	差油层	chang4+5
罗160	2381.500	80.055	52.574	17.218	22.869	229.629	0.288	10.526	53.405	19.615	2.506	25.318	差油层	chang4+5
罗160	2381.625	86.175	53.003	33.837	29.221	227.943	0.01	0.1	99.9	18.175	2.511	32.831		chang4+5
罗160	2381.750	86.636	53.533	31.433	38.223	224.374	0.01	0.1	99.9	16.377	2.514	43.209		chang4+5
罗160	2381.875	83.38	54.176	28.333	48.419	218.714	0.01	0.1	99.9	15.158	2.513	53.237		chang4+5
罗160	2382.000	83.985	54.944	32.195	54.302	214.528	0.01	0.1	99.9	15.209	2.505	55.286		chang4+5
罗160	2382.125	90.525	55.832	39.816	47.361	217.885	0.01	0.1	99.9	17.192	2.492	40.032		chang4+5
罗160	2382.250	101.577	56.808	54.164	29.49	231.991	0.01	0.1	99.9	21.165	2.475	19.74		chang4+5
罗160	2382.375	115.398	57.856	72.01	14.514	253.31	0.01	0.1	99.9	26.038	2.459	9.681		chang4+5
罗160	2382.500	126.368	58.955	83.918	8.028	270.794	0.01	0.1	99.9	30.053	2.453	6.5		chang4+5
罗160	2382.625	129.805	60.043	82.555	6.039	275.056	0.01	0.1	99.9	31.712	2.461	5.613		chang4+5
罗160	2382.750	125.466	61.104	71.584	5.818	266.133	0.01	0.1	99.9	31.315	2.485	6.008		chang4+5
罗160	2382.875	116.729	62.145	58.79	6.607	250.645	0.01	0.1	99.9	29.943	2.516	7.161		chang4+5
罗160	2383.000	110.483	63.105	55.313	7.892	237.453	0.01	0.1	99.9	28.225	2.549	8.567		chang4+5
罗160	2383.125	110.242	63.969	57.965	9.071	231.978	0.01	0.1	99.9	26.762	2.575	9.538		chang4+5
罗160	2383.250	113.378	64.721	62.879	9.672	234.106	0.01	0.1	99.9	26.215	2.589	9.797		chang4+5
罗160	2383.375	115.843	65.331	64.252	9.824	240.34	0.01	0.1	99.9	26.725	2.596	9.849		chang4+5
罗160	2383.500	116.094	65.815	63.596	9.876	246.185	0.01	0.1	99.9	27.719	2.597	9.902		chang4+5
罗160	2383.625	114.653	66.224	60.696	9.881	249.506	0.01	0.1	99.9	28.289	2.592	9.862		chang4+5
罗160	2383.750	112.715	66.567	58.728	9.759	250.611	0.01	0.1	99.9	28.369	2.577	9.664		chang4+5
罗160	2383.875	111.093	66.814	56.754	9.524	250.414	0.01	0.1	99.9	28.652	2.551	9.394		chang4+5
罗160	2384.000	111.533	66.996	59.612	9.154	250.711	0.01	0.1	99.9	29.563	2.52	8.932		chang4+5
罗160	2384.125	114.162	67.104	63.204	8.521	253.512	0.01	0.1	99.9	31.041	2.489	8.14		chang4+5
罗160	2384.250	116.745	67.133	66.203	7.682	259.066	0.01	0.1	99.9	32.935	2.465	7.259		chang4+5
罗160	2384.375	118.296	67.08	67.314	6.985	265.203	0.01	0.1	99.9	34.913	2.453	6.733		chang4+5
罗160	2384.500	120.556	66.969	72.176	6.844	267.751	0.01	0.1	99.9	35.874	2.456	6.947		chang4+5
罗160	2384.625	124.212	66.819	77.505	7.585	263.876	0.01	0.1	99.9	34.458	2.475	8.176		chang4+5
罗160	2384.750	125.845	66.66	77.057	9.669	254.338	0.01	0.1	99.9	31.177	2.506	11.05		chang4+5
罗160	2384.875	124.069	66.529	72.581	13.253	242.624	0.01	0.1	99.9	27.793	2.54	15.29		chang4+5
罗160	2385.000	121.686	66.459	70.247	17.276	233.542	0.01	0.1	99.9	25.586	2.574	19.113		chang4+5
罗160	2385.125	118.671	66.48	64.604	19.968	228.896	0.01	0.1	99.9	24.422	2.602	20.759		chang4+5
罗160	2385.250	113.391	66.619	56.862	21.146	226.206	0.01	0.1	99.9	22.914	2.619	21.503		chang4+5
罗160	2385.375	105.962	66.906	47.253	22.739	222.186	0.01	0.1	99.9	20.351	2.625	23.881		chang4+5
罗160	2385.500	100.656	67.328	44.819	27.103	215.944	0.01	0.1	99.9	17.606	2.625	30.083		chang4+5
罗160	2385.625	102.222	67.876	50.333	34.601	210.086	0.01	0.1	99.9	16.26	2.622	38.78		chang4+5
罗160	2385.750	108.545	68.534	58.915	41.721	207.769	0.01	0.1	99.9	16.652	2.62	44.441		chang4+5
罗160	2385.875	114.064	69.279	63.639	44.15	209.708	0.01	0.1	99.9	17.966	2.621	43.88		chang4+5
罗160	2386.000	117.414	70.06	67.488	42.207	214.411	0.01	0.1	99.9	19.495	2.626	40.659		chang4+5
罗160	2386.125	120.105	70.838	70.808	38.793	219.794	0.01	0.1	99.9	21.34	2.632	37.068		chang4+5
罗160	2386.250	122.506	71.572	74.093	34.298	224.553	0.01	0.1	99.9	24.104	2.631	31.736		chang4+5
罗160	2386.375	125.398	72.214	79.012	28.441	228.266	0.01	0.1	99.9	27.898	2.613	25.394		chang4+5
罗160	2386.500	129.165	72.761	85.285	22.162	232.165	0.01	0.1	99.9	31.853	2.569	19.173		chang4+5
罗160	2386.625	132.617	73.225	89.813	16.028	239.448	0.01	0.1	99.9	34.675	2.503	13.12		chang4+5
罗160	2386.750	134.387	73.586	91.094	10.653	251.855	0.01	0.1	99.9	36.081	2.436	8.372		chang4+5
罗160	2386.875	133.737	73.838	87.889	6.993	266.282	0.01	0.1	99.9	36.42	2.39	5.718		chang4+5
罗160	2387.000	132.052	74.009	85.646	5.231	275.604	0.01	0.1	99.9	35.761	2.376	4.78		chang4+5
罗160	2387.125	130.284	74.114	82.398	4.733	275.992	0.01	0.1	99.9	34.152	2.396	4.689		chang4+5
罗160	2387.250	128.081	74.146	78.936	4.938	269.893	0.01	0.1	99.9	32.044	2.443	5.168		chang4+5
罗160	2387.375	124.937	74.065	73.266	5.62	261.686	0.01	0.1	99.9	30.09	2.502	6.039		chang4+5
罗160	2387.500	120.331	73.9	66.147	6.597	254.715	0.01	0.1	99.9	28.889	2.561	7.114		chang4+5
罗160	2387.625	116.245	73.785	62.253	7.613	250.025	0.01	0.1	99.9	28.614	2.608	8.075		chang4+5
罗160	2387.750	114.707	73.626	62.049	8.499	248.313	0.01	0.1	99.9	28.788	2.636	8.891		chang4+5
罗160	2387.875	117.966	73.422	70.489	9.332	251.615	0.01	0.1	99.9	29.287	2.645	9.74		chang4+5
罗160	2388.000	124.094	73.189	78.835	10.101	260.027	0.01	0.1	99.9	30.478	2.639	10.435		chang4+5
罗160	2388.125	124.951	72.939	73.394	10.763	267.138	0.01	0.1	99.9	31.517	2.626	11.066		chang4+5
罗160	2388.250	116.803	72.679	57.514	11.785	264.86	0.01	0.1	99.9	30.661	2.614	12.45		chang4+5
罗160	2388.375	104.784	72.404	44.357	13.904	252.408	0.01	0.1	99.9	27.757	2.605	15.248		chang4+5
罗160	2388.500	96.594	72.113	39.581	17.254	238.045	0.01	0.1	99.9	24.59	2.603	19.109		chang4+5
罗160	2388.625	96.256	71.808	43.327	20.196	230.58	0.01	0.1	99.9	22.871	2.605	21.201		chang4+5
罗160	2388.750	102.397	71.49	52.217	20.272	231.447	0.01	0.1	99.9	22.558	2.61	19.413		chang4+5
罗160	2388.875	111.073	71.158	63.03	17.37	236.857	0.01	0.1	99.9	23.122	2.612	15.48		chang4+5
罗160	2389.000	116.965	70.809	66.926	13.502	243.058	0.01	0.1	99.9	24.561	2.61	11.673		chang4+5
罗160	2389.125	119.48	70.445	69.697	10.194	249.314	0.01	0.1	99.9	26.932	2.602	8.827		chang4+5
罗160	2389.250	123.2	70.066	77.095	7.975	256.467	0.01	0.1	99.9	29.766	2.587	7.188		chang4+5
罗160	2389.375	130.102	69.608	90.09	6.844	264.151	0.01	0.1	99.9	32.409	2.568	6.527		chang4+5
罗160	2389.500	138.453	69.084	99.9	6.609	270.728	0.01	0.1	99.9	34.617	2.55	6.685		chang4+5
罗160	2389.625	145.16	68.524	99.9	7.0	275.205	0.01	0.1	99.9	35.834	2.539	7.292		chang4+5
罗160	2389.750	146.442	67.974	99.9	7.708	276.902	0.01	0.1	99.9	35.063	2.539	8.092		chang4+5
罗160	2389.875	140.302	67.441	92.615	8.654	273.914	0.01	0.1	99.9	32.171	2.546	9.174		chang4+5
罗160	2390.000	127.623	66.921	69.285	10.129	264.51	0.01	0.1	99.9	28.574	2.556	11.011		chang4+5
罗160	2390.125	112.24	66.433	50.559	12.337	251.613	0.01	0.1	99.9	25.955	2.557	13.563		chang4+5
罗160	2390.250	99.02	65.994	38.901	14.879	241.308	0.01	0.1	99.9	24.486	2.547	16.096		chang4+5
罗160	2390.375	89.895	65.687	19.452	16.898	237.119	0.116	8.567	78.603	23.569	2.525	17.64		chang4+5
罗160	2390.500	84.27	65.531	18.009	18.002	238.112	0.116	8.567	77.095	22.903	2.498	18.337	差油层	chang4+5
罗160	2390.625	81.681	65.528	17.791	18.819	240.311	0.116	8.567	75.215	22.362	2.471	19.265	差油层	chang4+5
罗160	2390.750	80.455	65.657	17.144	20.238	240.747	0.116	8.567	71.805	21.888	2.454	21.138	差油层	chang4+5
罗160	2390.875	78.238	65.9	15.689	22.166	239.0	0.116	8.567	68.665	21.587	2.447	23.116	差油层	chang4+5
罗160	2391.000	75.959	66.233	14.71	23.39	235.962	0.116	8.567	67.896	21.6	2.446	23.642	差油层	chang4+5
罗160	2391.125	75.905	66.631	14.92	22.964	232.835	0.116	8.567	69.851	21.935	2.451	22.337	差油层	chang4+5
罗160	2391.250	79.701	67.088	16.975	21.247	230.312	0.116	8.567	73.384	22.544	2.462	20.239	差油层	chang4+5
罗160	2391.375	87.771	67.575	21.086	19.154	229.009	0.116	8.567	77.488	23.49	2.483	18.152	差油层	chang4+5
罗160	2391.500	98.082	68.018	48.668	16.985	230.908	0.01	0.1	99.9	24.853	2.512	15.906		chang4+5
罗160	2391.625	108.091	68.385	59.567	14.764	236.948	0.01	0.1	99.9	26.256	2.548	13.708		chang4+5
罗160	2391.750	116.375	68.631	68.836	12.991	244.361	0.01	0.1	99.9	27.008	2.587	12.327		chang4+5
罗160	2391.875	121.713	68.74	73.827	12.209	248.395	0.01	0.1	99.9	26.953	2.622	12.099		chang4+5
罗160	2392.000	122.699	68.722	71.805	12.477	246.224	0.01	0.1	99.9	26.591	2.65	12.827		chang4+5
罗160	2392.125	122.761	68.583	73.843	13.359	240.684	0.01	0.1	99.9	26.265	2.667	13.852		chang4+5
罗160	2392.250	125.481	68.347	79.493	14.228	236.5	0.01	0.1	99.9	25.87	2.673	14.576		chang4+5
罗160	2392.375	128.83	68.04	83.813	14.847	235.061	0.01	0.1	99.9	25.372	2.674	15.098		chang4+5
罗160	2392.500	129.227	67.722	80.962	15.467	234.927	0.01	0.1	99.9	24.885	2.672	15.808		chang4+5
罗160	2392.625	124.679	67.374	70.832	16.302	234.479	0.01	0.1	99.9	24.311	2.668	16.759		chang4+5
罗160	2392.750	118.951	67.023	64.791	17.146	233.62	0.01	0.1	99.9	23.547	2.663	17.504		chang4+5
罗160	2392.875	115.781	66.729	62.339	17.643	232.903	0.01	0.1	99.9	22.855	2.657	17.771		chang4+5
罗160	2393.000	111.25	66.513	53.954	17.853	232.168	0.01	0.1	99.9	22.49	2.652	17.928		chang4+5
罗160	2393.125	103.798	66.367	45.289	18.304	230.383	0.01	0.1	99.9	22.027	2.649	18.651		chang4+5
罗160	2393.250	96.198	66.284	38.06	19.522	226.66	0.01	0.1	99.9	20.745	2.646	20.328		chang4+5
罗160	2393.375	88.023	66.314	30.078	21.388	221.256	0.01	0.1	99.9	18.606	2.645	22.368		chang4+5
罗160	2393.500	80.636	66.433	25.315	22.695	215.853	0.01	0.1	99.9	16.38	2.643	22.997		chang4+5
罗160	2393.625	78.051	66.678	25.699	22.304	212.339	0.01	0.1	99.9	14.915	2.639	21.663		chang4+5
罗160	2393.750	77.952	67.078	25.197	20.997	211.163	0.01	0.1	99.9	14.168	2.632	20.38		chang4+5
罗160	2393.875	75.339	67.597	21.871	20.58	211.127	0.01	0.1	99.9	13.689	2.626	20.765		chang4+5
罗160	2394.000	72.98	68.217	21.549	21.82	210.813	0.01	0.1	99.9	13.394	2.624	22.795		chang4+5
罗160	2394.125	77.147	68.92	28.01	23.773	210.84	0.01	0.1	99.9	13.585	2.629	24.677		chang4+5
罗160	2394.250	87.808	69.615	39.232	24.398	213.197	0.01	0.1	99.9	14.562	2.64	24.139		chang4+5
罗160	2394.375	100.089	70.226	51.546	22.972	218.255	0.01	0.1	99.9	16.293	2.652	21.893		chang4+5
罗160	2394.500	110.123	70.738	61.418	21.206	223.429	0.01	0.1	99.9	18.175	2.663	20.57		chang4+5
罗160	2394.625	114.744	71.036	62.915	20.737	225.966	0.01	0.1	99.9	19.285	2.667	20.892		chang4+5
罗160	2394.750	113.452	71.02	58.466	21.269	226.021	0.01	0.1	99.9	19.782	2.663	21.617		chang4+5
罗160	2394.875	111.762	70.824	58.542	20.909	225.859	0.01	0.1	99.9	20.673	2.652	20.253		chang4+5
罗160	2395.000	113.067	70.489	61.567	18.418	227.753	0.01	0.1	99.9	22.37	2.638	16.721		chang4+5
罗160	2395.125	115.078	70.009	63.596	15.141	231.821	0.01	0.1	99.9	24.162	2.624	13.679		chang4+5
罗160	2395.250	117.982	69.476	68.997	13.102	236.276	0.01	0.1	99.9	25.176	2.615	12.568		chang4+5
罗160	2395.375	122.584	68.901	76.068	12.709	239.255	0.01	0.1	99.9	25.213	2.61	12.84		chang4+5
罗160	2395.500	124.357	68.281	74.25	13.261	239.742	0.01	0.1	99.9	24.571	2.609	13.651		chang4+5
罗160	2395.625	123.857	67.68	74.553	13.685	238.738	0.01	0.1	99.9	23.911	2.611	13.717		chang4+5
罗160	2395.750	128.4	67.158	87.439	13.118	238.274	0.01	0.1	99.9	23.884	2.615	12.563		chang4+5
罗160	2395.875	138.602	66.622	99.9	11.852	239.392	0.01	0.1	99.9	24.416	2.621	11.193		chang4+5
罗160	2396.000	145.297	66.083	99.9	10.916	241.463	0.01	0.1	99.9	24.853	2.629	10.66		chang4+5
罗160	2396.125	142.287	65.574	97.555	10.859	242.585	0.01	0.1	99.9	24.716	2.637	11.044		chang4+5
罗160	2396.250	133.786	65.08	82.489	11.65	241.29	0.01	0.1	99.9	24.113	2.643	12.21		chang4+5
罗160	2396.375	124.825	64.627	69.945	13.063	237.579	0.01	0.1	99.9	23.322	2.645	13.852		chang4+5
罗160	2396.500	115.651	64.237	57.616	14.93	232.736	0.01	0.1	99.9	22.488	2.642	15.927		chang4+5
罗160	2396.625	107.139	63.952	49.062	17.32	228.372	0.01	0.1	99.9	21.761	2.635	18.609		chang4+5
罗160	2396.750	100.233	63.792	42.412	20.322	225.279	0.01	0.1	99.9	21.249	2.625	21.906		chang4+5
罗160	2396.875	93.452	63.769	35.582	23.307	223.449	0.01	0.1	99.9	20.932	2.617	24.604		chang4+5
罗160	2397.000	88.433	63.879	32.87	24.882	222.676	0.01	0.1	99.9	20.746	2.611	25.14		chang4+5
罗160	2397.125	87.569	64.138	33.883	24.227	222.417	0.01	0.1	99.9	20.564	2.608	23.383		chang4+5
罗160	2397.250	89.839	64.53	36.882	21.87	221.876	0.01	0.1	99.9	20.229	2.602	20.472		chang4+5
罗160	2397.375	92.304	64.975	38.463	19.027	220.853	0.01	0.1	99.9	19.91	2.589	17.691		chang4+5
罗160	2397.500	95.536	65.468	43.02	16.467	221.336	0.01	0.1	99.9	20.33	2.561	15.335		chang4+5
罗160	2397.625	104.042	66.029	56.202	14.048	227.362	0.01	0.1	99.9	22.719	2.516	12.858		chang4+5
罗160	2397.750	120.682	66.648	84.611	11.553	241.796	0.01	0.1	99.9	27.237	2.465	10.347		chang4+5
罗160	2397.875	139.97	67.285	99.9	9.386	262.262	0.01	0.1	99.9	32.387	2.422	8.498		chang4+5
罗160	2398.000	150.844	67.926	99.9	8.144	278.674	0.01	0.1	99.9	35.823	2.399	7.818		chang4+5
罗160	2398.125	150.494	68.541	99.9	8.111	281.677	0.01	0.1	99.9	35.695	2.404	8.381		chang4+5
罗160	2398.250	144.43	69.064	99.9	9.535	271.955	0.01	0.1	99.9	32.825	2.435	10.602		chang4+5
罗160	2398.375	137.134	69.537	89.205	12.557	257.997	0.01	0.1	99.9	29.419	2.483	14.364		chang4+5
罗160	2398.500	131.441	69.962	82.646	16.382	248.442	0.01	0.1	99.9	26.821	2.535	18.248		chang4+5
罗160	2398.625	127.625	70.334	77.422	18.796	244.204	0.01	0.1	99.9	25.006	2.582	19.304		chang4+5
罗160	2398.750	126.197	70.672	78.126	18.121	241.42	0.01	0.1	99.9	23.566	2.615	17.028		chang4+5
罗160	2398.875	128.598	70.977	84.447	15.447	238.789	0.01	0.1	99.9	22.799	2.636	13.986		chang4+5
罗160	2399.000	132.346	71.228	89.771	12.855	237.949	0.01	0.1	99.9	23.194	2.647	11.809		chang4+5
罗160	2399.125	135.128	71.42	93.497	11.188	239.732	0.01	0.1	99.9	24.493	2.654	10.614		chang4+5
罗160	2399.250	135.234	71.612	90.382	10.533	242.887	0.01	0.1	99.9	25.75	2.657	10.458		chang4+5
罗160	2399.375	132.466	71.816	84.659	10.96	245.909	0.01	0.1	99.9	26.04	2.66	11.423		chang4+5
罗160	2399.500	128.352	72.013	77.705	12.875	247.108	0.01	0.1	99.9	24.584	2.662	14.217		chang4+5
罗160	2399.625	121.13	72.176	64.428	17.395	244.294	0.01	0.1	99.9	20.9	2.664	20.334		chang4+5
罗160	2399.750	108.111	72.332	45.667	28.423	235.35	0.01	0.1	99.9	16.221	2.667	35.904		chang4+5
罗160	2399.875	91.672	72.588	30.021	55.274	220.42	0.01	0.1	99.9	12.555	2.67	73.188		chang4+5
罗160	2400.000	80.271	72.476	24.822	111.217	204.523	0.01	0.1	99.9	10.961	2.674	146.386		chang4+5
罗160	2400.125	79.656	72.255	28.639	161.523	194.999	0.01	0.1	99.9	11.794	2.674	175.523		chang4+5
罗160	2400.250	89.039	71.917	40.836	134.399	196.551	0.01	0.1	99.9	14.899	2.668	96.367		chang4+5
罗160	2400.375	103.045	71.472	56.336	69.482	210.085	0.01	0.1	99.9	19.795	2.653	44.619		chang4+5
罗160	2400.500	115.804	70.928	70.715	35.19	233.274	0.01	0.1	99.9	25.531	2.629	26.47		chang4+5
罗160	2400.625	126.254	70.26	84.925	21.845	258.919	0.01	0.1	99.9	30.792	2.602	17.568		chang4+5
罗160	2400.750	133.458	69.462	92.828	15.179	278.485	0.01	0.1	99.9	34.75	2.58	12.969		chang4+5
罗160	2400.875	136.879	68.562	96.295	11.812	288.806	0.01	0.1	99.9	37.205	2.56	10.743		chang4+5
罗160	2401.000	138.246	67.599	97.555	10.384	294.091	0.01	0.1	99.9	38.412	2.537	10.053		chang4+5
罗160	2401.125	138.932	66.486	98.669	10.093	300.843	0.01	0.1	99.9	39.083	2.508	10.13		chang4+5
罗160	2401.250	140.379	65.204	99.9	10.389	309.466	0.01	0.1	99.9	39.474	2.479	10.629		chang4+5
罗160	2401.375	141.97	63.801	99.9	11.001	313.781	0.01	0.1	99.9	38.781	2.464	11.344		chang4+5
罗160	2401.500	141.22	62.324	99.9	11.807	306.653	0.01	0.1	99.9	36.048	2.469	12.236		chang4+5
罗160	2401.625	136.515	60.81	88.6	12.903	288.425	0.01	0.1	99.9	31.722	2.494	13.519		chang4+5
罗160	2401.750	128.058	59.272	73.582	14.618	266.111	0.01	0.1	99.9	27.557	2.534	15.633		chang4+5
罗160	2401.875	115.007	57.649	53.321	17.155	246.549	0.01	0.1	99.9	24.629	2.57	18.562		chang4+5
罗160	2402.000	99.626	55.935	21.637	20.216	234.419	0.043	6.835	88.739	22.744	2.59	21.746	干层	chang4+5
罗160	2402.125	89.111	54.248	18.63	23.103	229.587	0.037	6.619	86.589	21.365	2.593	24.357	干层	chang4+5
罗160	2402.250	86.138	52.656	18.739	25.227	228.861	0.047	6.961	79.639	20.174	2.585	26.031	干层	chang4+5
罗160	2402.375	85.998	51.177	18.54	26.636	229.532	0.061	7.406	73.234	19.064	2.575	27.196	干层	chang4+5
罗160	2402.500	83.253	49.838	16.472	27.726	229.598	0.077	7.793	68.331	18.108	2.566	28.215	干层	chang4+5
罗160	2402.625	77.397	48.687	13.685	28.321	228.389	0.092	8.123	65.314	17.528	2.559	28.419	干层	chang4+5
罗160	2402.750	72.23	47.769	12.195	27.163	226.618	0.108	8.422	65.862	17.374	2.552	26.002	干层	chang4+5
罗160	2402.875	70.165	47.199	11.869	23.867	225.344	0.123	8.675	69.681	17.488	2.547	21.892	干层	chang4+5
罗160	2403.000	70.862	47.022	12.504	20.027	225.062	0.137	8.892	74.354	17.713	2.542	18.302	干层	chang4+5
罗160	2403.125	71.726	47.265	12.516	17.282	225.566	0.151	9.091	76.967	18.003	2.537	16.34	干层	chang4+5
罗160	2403.250	70.614	47.888	11.938	16.193	226.674	0.162	9.238	76.406	18.301	2.534	16.057	干层	chang4+5
罗160	2403.375	70.641	48.75	12.759	16.567	228.235	0.167	9.305	73.644	18.542	2.533	17.038	干层	chang4+5
罗160	2403.500	76.311	49.773	16.171	18.052	229.421	0.164	9.264	70.063	18.747	2.535	18.989	干层	chang4+5
罗160	2403.625	84.684	50.917	19.17	20.303	229.128	0.144	8.989	67.835	18.923	2.543	21.518	干层	chang4+5
罗160	2403.750	90.21	52.156	20.349	23.339	226.594	0.1	8.27	68.373	18.899	2.561	25.022	干层	chang4+5
罗160	2403.875	91.223	53.444	19.276	27.854	221.803	0.055	7.221	70.958	18.579	2.586	30.472	干层	chang4+5
罗160	2404.000	88.45	54.782	17.212	34.729	216.429	0.025	6.029	75.448	18.24	2.613	38.666	干层	chang4+5
罗160	2404.125	85.577	56.057	16.551	42.959	213.174	0.01	4.902	84.225	18.266	2.637	46.93	干层	chang4+5
罗160	2404.250	86.146	57.205	17.94	46.444	213.219	0.01	4.121	99.9	18.56	2.652	45.994	干层	chang4+5
罗160	2404.375	90.562	58.303	38.787	41.057	215.281	0.01	0.1	99.9	18.818	2.653	36.491		chang4+5
罗160	2404.500	97.413	59.334	46.417	31.557	217.242	0.01	0.1	99.9	19.017	2.632	26.993		chang4+5
罗160	2404.625	107.976	60.308	61.71	23.561	219.152	0.01	0.1	99.9	19.609	2.587	20.387		chang4+5
罗160	2404.750	125.742	61.207	93.592	17.146	224.731	0.01	0.1	99.9	21.362	2.526	14.148		chang4+5
罗160	2404.875	147.564	62.024	99.9	11.172	239.153	0.01	0.1	99.9	25.157	2.491	8.419		chang4+5
罗160	2405.000	160.854	62.719	99.9	6.913	263.803	0.01	0.1	99.9	31.326	2.451	5.52		chang4+5
罗160	2405.125	159.524	63.343	99.9	5.01	289.9	0.01	0.1	99.9	38.223	2.393	4.539		chang4+5
罗160	2405.250	148.953	63.947	99.9	4.74	305.015	0.01	0.1	99.9	42.712	2.36	4.927		chang4+5
罗160	2405.375	133.907	64.554	77.356	5.786	305.029	0.01	0.1	99.9	42.826	2.362	6.58		chang4+5
罗160	2405.500	121.85	65.168	66.525	8.253	295.253	0.01	0.1	99.9	39.235	2.388	9.8		chang4+5
罗160	2405.625	119.434	65.746	69.96	12.016	283.198	0.01	0.1	99.9	34.07	2.427	14.066		chang4+5
罗160	2405.750	121.868	66.28	73.166	16.18	270.869	0.01	0.1	99.9	29.181	2.468	18.136		chang4+5
罗160	2405.875	119.7	66.807	64.648	20.239	256.507	0.01	0.1	99.9	25.544	2.494	22.185		chang4+5
罗160	2406.000	113.638	67.291	57.391	24.813	241.431	0.01	0.1	99.9	23.71	2.499	27.243		chang4+5
罗160	2406.125	110.9	67.687	57.534	29.34	232.238	0.01	0.1	99.9	24.176	2.494	31.28		chang4+5
罗160	2406.250	115.021	68.001	67.42	29.67	236.454	0.01	0.1	99.9	26.951	2.448	28.181		chang4+5
罗160	2406.375	125.348	68.22	85.726	24.367	256.031	0.01	0.1	99.9	31.848	2.411	20.839		chang4+5
罗160	2406.500	136.833	68.336	99.9	18.53	284.031	0.01	0.1	99.9	38.094	2.381	16.394		chang4+5
罗160	2406.625	146.148	68.36	99.9	15.664	309.017	0.01	0.1	99.9	43.733	2.361	14.988		chang4+5
罗160	2406.750	151.663	68.291	99.9	15.181	324.509	0.01	0.1	99.9	47.039	2.348	15.358		chang4+5
罗160	2406.875	152.327	68.044	99.9	15.154	331.293	0.01	0.1	99.9	47.63	2.337	14.965		chang4+5
罗160	2407.000	149.475	67.665	99.9	13.328	332.297	0.01	0.1	99.9	46.213	2.327	11.814		chang4+5
罗160	2407.125	144.104	67.195	99.9	9.923	328.858	0.01	0.1	99.9	43.449	2.324	8.174		chang4+5
罗160	2407.250	137.398	66.621	89.979	7.204	320.029	0.01	0.1	99.9	40.031	2.337	6.307		chang4+5
罗160	2407.375	129.266	65.921	75.773	6.01	305.286	0.01	0.1	99.9	36.854	2.372	5.735		chang4+5
罗160	2407.500	120.217	65.172	63.748	5.855	288.987	0.01	0.1	99.9	34.789	2.419	5.965		chang4+5
罗160	2407.625	115.259	64.418	62.017	6.259	279.228	0.01	0.1	99.9	34.695	2.466	6.531		chang4+5
罗160	2407.750	117.508	63.647	69.319	6.971	280.695	0.01	0.1	99.9	36.26	2.5	7.378		chang4+5
罗160	2407.875	125.143	62.921	83.077	8.147	289.831	0.01	0.1	99.9	37.732	2.512	8.858		chang4+5
罗160	2408.000	128.073	62.248	78.306	10.522	295.273	0.01	0.1	99.9	36.854	2.511	12.061		chang4+5
罗160	2408.125	119.485	61.628	59.958	15.423	287.954	0.01	0.1	99.9	32.661	2.517	18.532		chang4+5
罗160	2408.250	106.098	61.089	45.048	24.614	268.997	0.01	0.1	99.9	27.237	2.535	30.24		chang4+5
罗160	2408.375	95.706	60.609	37.373	36.919	246.49	0.01	0.1	99.9	22.982	2.558	43.096		chang4+5
罗160	2408.500	88.016	60.15	30.637	45.129	229.431	0.01	0.1	99.9	20.29	2.581	47.01		chang4+5
罗160	2408.625	79.467	59.722	23.14	45.748	220.107	0.01	0.1	99.9	18.523	2.597	44.58		chang4+5
罗160	2408.750	72.39	59.321	19.608	44.496	215.24	0.01	0.1	99.9	17.168	2.604	44.418		chang4+5
罗160	2408.875	70.383	58.943	20.071	45.88	212.558	0.01	0.1	99.9	16.256	2.609	47.233		chang4+5
罗160	2409.000	74.682	58.597	25.759	47.372	212.505	0.01	0.1	99.9	16.171	2.612	47.5		chang4+5
罗160	2409.125	83.708	58.291	34.353	44.176	215.61	0.01	0.1	99.9	17.251	2.611	41.101		chang4+5
罗160	2409.250	92.377	58.024	41.078	36.624	220.682	0.01	0.1	99.9	19.19	2.602	32.483		chang4+5
罗160	2409.375	97.982	57.881	45.271	29.06	226.591	0.01	0.1	99.9	21.693	2.586	25.895		chang4+5
罗160	2409.500	105.354	57.882	56.781	23.82	234.272	0.01	0.1	99.9	24.876	2.564	21.901		chang4+5
罗160	2409.625	116.993	58.019	73.418	20.734	245.614	0.01	0.1	99.9	28.05	2.539	19.655		chang4+5
罗160	2409.750	128.675	58.321	89.481	19.049	260.042	0.01	0.1	99.9	29.621	2.518	18.488		chang4+5
罗160	2409.875	134.112	58.781	90.535	17.851	273.044	0.01	0.1	99.9	29.0	2.504	17.263		chang4+5
罗160	2410.000	128.456	59.332	73.106	16.265	277.695	0.01	0.1	99.9	27.427	2.499	15.342		chang4+5
罗160	2410.125	117.678	59.956	59.79	14.153	272.451	0.01	0.1	99.9	26.927	2.506	13.054		chang4+5
罗160	2410.250	112.279	60.639	58.531	12.018	263.316	0.01	0.1	99.9	28.613	2.525	11.06		chang4+5
罗160	2410.375	115.772	61.352	68.331	10.264	258.567	0.01	0.1	99.9	32.739	2.546	9.528		chang4+5
罗160	2410.500	124.764	62.069	82.999	8.81	265.48	0.01	0.1	99.9	38.834	2.555	8.146		chang4+5
罗160	2410.625	131.18	62.782	87.553	7.42	282.503	0.01	0.1	99.9	44.475	2.545	6.749		chang4+5
罗160	2410.750	129.44	63.424	78.289	6.261	298.572	0.01	0.1	99.9	46.526	2.523	5.811		chang4+5
罗160	2410.875	121.781	63.965	65.578	5.761	301.704	0.01	0.1	99.9	43.591	2.512	5.716		chang4+5
罗160	2411.000	114.008	64.451	57.453	6.288	287.068	0.01	0.1	99.9	36.946	2.519	6.817		chang4+5
罗160	2411.125	109.965	64.873	55.346	8.026	263.978	0.01	0.1	99.9	30.294	2.546	9.143		chang4+5
罗160	2411.250	109.834	65.217	56.991	10.709	246.162	0.01	0.1	99.9	26.647	2.587	12.156		chang4+5
罗160	2411.375	112.022	65.457	60.548	13.056	239.355	0.01	0.1	99.9	26.212	2.626	13.889		chang4+5
罗160	2411.500	114.358	65.55	62.792	13.713	241.859	0.01	0.1	99.9	27.337	2.649	13.55		chang4+5
罗160	2411.625	115.563	65.473	63.639	13.287	247.435	0.01	0.1	99.9	28.097	2.657	13.044		chang4+5
罗160	2411.750	115.2	65.282	61.974	13.555	250.154	0.01	0.1	99.9	27.894	2.657	14.028		chang4+5
罗160	2411.875	113.121	65.034	58.528	15.372	247.423	0.01	0.1	99.9	27.034	2.658	16.614		chang4+5
罗160	2412.000	110.543	64.653	55.683	18.66	240.377	0.01	0.1	99.9	25.88	2.661	20.552		chang4+5
罗160	2412.125	109.987	64.105	57.025	22.822	233.112	0.01	0.1	99.9	25.013	2.664	24.921		chang4+5
罗160	2412.250	110.801	63.408	57.647	26.842	228.529	0.01	0.1	99.9	24.609	2.667	28.619		chang4+5
罗160	2412.375	108.668	62.578	52.3	30.072	225.976	0.01	0.1	99.9	23.942	2.668	31.415		chang4+5
罗160	2412.500	101.352	61.677	41.869	32.716	223.062	0.01	0.1	99.9	22.167	2.662	33.92		chang4+5
罗160	2412.625	92.004	60.719	18.47	34.662	219.191	0.01	4.008	99.9	19.581	2.652	35.349	干层	chang4+5
罗160	2412.750	85.706	59.701	16.594	34.241	216.309	0.01	4.584	99.9	17.596	2.639	33.216	干层	chang4+5
罗160	2412.875	85.876	58.597	18.252	30.431	216.257	0.012	5.11	99.9	17.143	2.627	27.855	干层	chang4+5
罗160	2413.000	92.323	57.498	22.422	25.051	218.861	0.017	5.502	99.9	18.008	2.619	22.457	干层	chang4+5
罗160	2413.125	98.948	56.47	24.967	20.574	222.115	0.02	5.743	99.9	19.187	2.614	18.832	干层	chang4+5
罗160	2413.250	99.227	55.53	23.357	17.805	224.339	0.022	5.891	99.9	19.69	2.61	16.855	干层	chang4+5
罗160	2413.375	92.636	54.713	19.2	16.211	224.982	0.026	6.101	99.9	19.417	2.605	15.616	干层	chang4+5
罗160	2413.500	86.082	54.031	17.185	15.349	223.675	0.033	6.453	99.9	18.839	2.596	15.102	干层	chang4+5
罗160	2413.625	83.479	53.512	16.245	15.396	220.792	0.045	6.89	99.9	18.236	2.586	15.668	干层	chang4+5
罗160	2413.750	80.694	53.192	14.29	16.69	217.749	0.058	7.322	91.984	17.645	2.577	17.634	干层	chang4+5
罗160	2413.875	75.547	53.122	12.052	19.215	216.014	0.071	7.665	81.152	17.126	2.57	20.677	干层	chang4+5
罗160	2414.000	69.885	53.298	10.331	22.783	215.98	0.081	7.882	72.164	16.664	2.566	24.73	干层	chang4+5
罗160	2414.125	65.348	53.718	9.124	28.188	216.111	0.08	7.861	64.224	15.832	2.568	31.386	干层	chang4+5
罗160	2414.250	62.964	54.308	8.541	38.75	214.118	0.065	7.498	55.885	14.309	2.577	45.56	干层	chang4+5
罗160	2414.375	62.83	55.002	8.247	61.533	208.799	0.044	6.852	47.252	12.393	2.593	76.305	干层	chang4+5
罗160	2414.500	63.934	55.851	15.953	112.774	200.941	0.01	0.1	99.9	10.774	2.612	146.501		chang4+5
罗160	2414.625	66.702	56.849	18.629	192.482	193.496	0.01	0.1	99.9	10.251	2.63	235.006		chang4+5
罗160	2414.750	74.452	57.921	26.92	175.428	189.971	0.01	0.1	99.9	11.338	2.642	120.33		chang4+5
罗160	2414.875	89.552	58.999	43.788	79.672	192.585	0.01	0.1	99.9	14.249	2.646	42.071		chang4+5
罗160	2415.000	108.516	60.039	66.058	30.53	201.746	0.01	0.1	99.9	18.599	2.645	19.856		chang4+5
罗160	2415.125	125.26	61.019	86.965	15.694	215.62	0.01	0.1	99.9	23.007	2.643	11.845		chang4+5
罗160	2415.250	136.272	61.997	99.9	10.069	231.937	0.01	0.1	99.9	26.155	2.642	8.427		chang4+5
罗160	2415.375	139.454	63.008	98.116	7.582	248.545	0.01	0.1	99.9	27.543	2.64	6.8		chang4+5
罗160	2415.500	134.017	63.954	82.711	6.579	261.095	0.01	0.1	99.9	27.345	2.638	6.375		chang4+5
罗160	2415.625	125.01	64.78	70.247	6.518	266.005	0.01	0.1	99.9	26.221	2.635	6.65		chang4+5
罗160	2415.750	118.742	65.522	64.78	7.033	263.598	0.01	0.1	99.9	25.017	2.633	7.388		chang4+5
罗160	2415.875	116.52	66.223	64.164	7.979	256.785	0.01	0.1	99.9	24.117	2.636	8.526		chang4+5
罗160	2416.000	116.574	66.852	64.869	9.424	249.024	0.01	0.1	99.9	23.509	2.643	10.255		chang4+5
罗160	2416.125	116.27	67.412	63.465	11.395	242.754	0.01	0.1	99.9	23.31	2.651	12.449		chang4+5
罗160	2416.250	114.962	67.919	61.556	13.6	239.256	0.01	0.1	99.9	23.646	2.654	14.665		chang4+5
罗160	2416.375	114.773	68.362	62.857	15.613	239.076	0.01	0.1	99.9	24.524	2.648	16.489		chang4+5
罗160	2416.500	115.583	68.73	63.628	16.997	242.345	0.01	0.1	99.9	25.835	2.629	17.467		chang4+5
罗160	2416.625	115.4	69.069	62.468	17.51	248.803	0.01	0.1	99.9	27.385	2.59	17.55		chang4+5
罗160	2416.750	116.507	69.41	66.304	17.223	258.941	0.01	0.1	99.9	29.324	2.519	16.921		chang4+5
罗160	2416.875	123.361	69.736	81.035	16.077	274.188	0.01	0.1	99.9	32.446	2.422	15.296		chang4+5
罗160	2417.000	133.737	70.109	97.717	13.562	293.951	0.01	0.1	99.9	37.185	2.316	11.958		chang4+5
罗160	2417.125	139.75	70.49	99.9	10.085	312.484	0.01	0.1	99.9	41.832	2.233	8.353		chang4+5
罗160	2417.250	139.237	70.791	96.28	7.088	322.73	0.01	0.1	99.9	44.095	2.197	5.918		chang4+5
罗160	2417.375	137.271	71.012	94.365	5.329	322.691	0.01	0.1	99.9	44.168	2.206	4.785		chang4+5
罗160	2417.500	135.456	71.182	90.299	4.808	315.891	0.01	0.1	99.9	43.315	2.254	4.828		chang4+5
罗160	2417.625	131.857	71.268	82.92	5.495	306.864	0.01	0.1	99.9	40.986	2.326	6.111		chang4+5
罗160	2417.750	126.213	71.225	73.286	8.005	296.514	0.01	0.1	99.9	36.714	2.405	9.756		chang4+5
罗160	2417.875	119.192	71.036	63.291	13.211	283.75	0.01	0.1	99.9	31.989	2.474	16.407		chang4+5
罗160	2418.000	113.707	70.712	58.731	19.709	270.294	0.01	0.1	99.9	28.712	2.526	22.763		chang4+5
罗160	2418.125	113.588	70.286	62.648	22.598	260.806	0.01	0.1	99.9	27.57	2.564	22.445		chang4+5
罗160	2418.250	119.222	69.798	73.238	20.156	258.245	0.01	0.1	99.9	27.66	2.591	18.04		chang4+5
罗160	2418.375	127.993	69.265	87.562	16.406	260.663	0.01	0.1	99.9	27.853	2.619	14.895		chang4+5
罗160	2418.500	135.404	68.676	96.548	14.484	262.247	0.01	0.1	99.9	27.551	2.646	14.104		chang4+5
罗160	2418.625	136.116	68.052	90.433	14.485	259.277	0.01	0.1	99.9	26.689	2.664	14.838		chang4+5
罗160	2418.750	129.789	67.394	76.859	15.836	253.052	0.01	0.1	99.9	25.635	2.675	16.76		chang4+5
罗160	2418.875	121.135	66.692	65.134	18.195	246.26	0.01	0.1	99.9	24.286	2.679	19.523		chang4+5
罗160	2419.000	113.048	65.978	55.633	21.397	239.216	0.01	0.1	99.9	22.131	2.679	23.13		chang4+5
罗160	2419.125	104.92	65.287	46.149	25.581	230.353	0.01	0.1	99.9	19.407	2.675	27.847		chang4+5
罗160	2419.250	97.046	64.665	38.884	30.785	220.027	0.01	0.1	99.9	17.47	2.672	33.502		chang4+5
罗160	2419.375	93.292	64.136	38.398	34.185	212.39	0.01	0.1	99.9	17.424	2.666	34.816		chang4+5
罗160	2419.500	98.615	63.723	49.304	30.723	215.116	0.01	0.1	99.9	19.295	2.655	26.938		chang4+5
罗160	2419.625	108.458	63.437	59.769	22.293	231.089	0.01	0.1	99.9	22.075	2.639	17.997		chang4+5
罗160	2419.750	114.25	63.301	63.269	15.709	252.928	0.01	0.1	99.9	24.111	2.621	13.593		chang4+5
罗160	2419.875	115.052	63.353	61.952	13.165	267.906	0.01	0.1	99.9	24.381	2.61	12.77		chang4+5
罗160	2420.000	112.831	63.536	57.872	13.631	265.995	0.01	0.1	99.9	23.463	2.61	14.427		chang4+5
罗160	2420.125	110.192	63.832	55.479	15.428	251.886	0.01	0.1	99.9	22.743	2.621	16.353		chang4+5
罗160	2420.250	110.007	64.218	57.262	16.217	239.168	0.01	0.1	99.9	22.656	2.637	16.091		chang4+5
罗160	2420.375	113.088	64.669	62.857	14.981	235.118	0.01	0.1	99.9	22.601	2.653	13.953		chang4+5
罗160	2420.500	116.384	65.145	65.623	12.981	237.315	0.01	0.1	99.9	22.009	2.661	12.082		chang4+5
罗160	2420.625	115.462	65.614	60.83	11.678	239.125	0.01	0.1	99.9	21.206	2.66	11.304		chang4+5
罗160	2420.750	111.79	66.039	56.471	11.159	238.956	0.01	0.1	99.9	20.992	2.652	11.026		chang4+5
罗160	2420.875	111.635	66.378	60.126	10.621	240.793	0.01	0.1	99.9	21.657	2.643	10.247		chang4+5
罗160	2421.000	114.566	66.627	63.705	9.696	247.314	0.01	0.1	99.9	22.813	2.635	9.187		chang4+5
罗160	2421.125	116.414	66.808	64.898	8.885	254.99	0.01	0.1	99.9	23.737	2.628	8.607		chang4+5
罗160	2421.250	118.385	66.937	68.782	8.687	258.517	0.01	0.1	99.9	24.215	2.627	8.76		chang4+5
罗160	2421.375	122.296	67.066	75.479	9.079	257.006	0.01	0.1	99.9	24.633	2.631	9.374		chang4+5
罗160	2421.500	123.819	67.165	73.322	9.708	253.351	0.01	0.1	99.9	25.339	2.64	10.016		chang4+5
罗160	2421.625	121.411	67.16	68.866	10.223	250.434	0.01	0.1	99.9	26.028	2.652	10.413		chang4+5
罗160	2421.750	119.144	67.049	67.028	10.566	248.977	0.01	0.1	99.9	26.116	2.663	10.707		chang4+5
罗160	2421.875	118.407	66.872	66.833	11.041	248.358	0.01	0.1	99.9	25.302	2.671	11.35		chang4+5
罗160	2422.000	116.149	66.665	61.418	12.171	246.966	0.01	0.1	99.9	23.595	2.675	12.93		chang4+5
罗160	2422.125	109.727	66.418	51.393	14.457	242.984	0.01	0.1	99.9	21.503	2.673	15.868		chang4+5
罗160	2422.250	100.301	66.1	40.611	18.293	235.84	0.01	0.1	99.9	19.811	2.667	20.535		chang4+5
罗160	2422.375	91.921	65.65	34.445	23.203	226.761	0.01	0.1	99.9	18.775	2.66	25.671		chang4+5
罗160	2422.500	87.61	65.144	32.506	27.468	218.581	0.01	0.1	99.9	18.103	2.655	29.13		chang4+5
罗160	2422.625	84.562	64.69	29.256	29.574	213.422	0.01	0.1	99.9	17.65	2.651	29.984		chang4+5
罗160	2422.750	82.879	64.325	29.509	29.41	211.301	0.01	0.1	99.9	17.414	2.645	28.88		chang4+5
罗160	2422.875	86.355	64.051	35.057	27.712	211.474	0.01	0.1	99.9	17.308	2.638	26.632		chang4+5
罗160	2423.000	93.409	63.846	42.327	24.795	214.082	0.01	0.1	99.9	17.388	2.631	23.096		chang4+5
罗160	2423.125	100.883	63.705	49.994	21.119	219.344	0.01	0.1	99.9	18.122	2.623	19.291		chang4+5
罗160	2423.250	106.627	63.652	54.855	17.896	225.912	0.01	0.1	99.9	19.684	2.614	16.606		chang4+5
罗160	2423.375	106.229	63.708	49.508	15.925	231.086	0.01	0.1	99.9	21.544	2.606	15.295		chang4+5
罗160	2423.500	99.703	63.852	41.028	15.024	232.144	0.01	0.1	99.9	22.799	2.602	14.774		chang4+5
罗160	2423.625	93.613	64.077	37.056	14.548	229.342	0.01	0.1	99.9	22.86	2.603	14.34		chang4+5
罗160	2423.750	91.473	64.379	36.803	14.135	225.343	0.01	0.1	99.9	22.188	2.611	13.946		chang4+5
罗160	2423.875	92.405	64.761	38.722	13.923	222.122	0.01	0.1	99.9	21.491	2.618	13.902		chang4+5
罗160	2424.000	93.414	65.212	38.771	14.075	220.149	0.01	0.1	99.9	20.966	2.619	14.235		chang4+5
罗160	2424.125	91.411	65.73	35.15	14.414	218.876	0.01	0.1	99.9	20.518	2.615	14.58		chang4+5
罗160	2424.250	87.203	66.31	31.208	14.601	218.158	0.01	0.1	99.9	20.117	2.606	14.62		chang4+5
罗160	2424.375	85.147	66.945	31.375	14.548	218.786	0.01	0.1	99.9	19.845	2.595	14.482		chang4+5
罗160	2424.500	87.889	67.608	35.878	14.49	221.769	0.01	0.1	99.9	19.779	2.586	14.498		chang4+5
罗160	2424.625	94.587	68.272	43.771	14.605	226.571	0.01	0.1	99.9	20.058	2.578	14.703		chang4+5
罗160	2424.750	102.204	68.901	51.346	14.822	231.088	0.01	0.1	99.9	20.715	2.575	14.931		chang4+5
罗160	2424.875	108.346	69.438	57.432	14.959	233.406	0.01	0.1	99.9	21.519	2.576	14.984		chang4+5
罗160	2425.000	111.554	69.86	59.018	14.86	232.853	0.01	0.1	99.9	22.104	2.582	14.745		chang4+5
罗160	2425.125	110.661	70.226	55.513	14.53	230.578	0.01	0.1	99.9	22.231	2.593	14.332		chang4+5
罗160	2425.250	108.213	70.556	53.195	14.083	228.431	0.01	0.1	99.9	22.091	2.606	13.852		chang4+5
罗160	2425.375	108.388	70.796	55.733	13.368	228.272	0.01	0.1	99.9	22.012	2.613	12.92		chang4+5
罗160	2425.500	112.415	70.954	62.727	11.996	232.448	0.01	0.1	99.9	22.256	2.614	11.142		chang4+5
罗160	2425.625	118.911	71.003	72.319	10.154	240.517	0.01	0.1	99.9	22.968	2.612	9.241		chang4+5
罗160	2425.750	124.615	70.882	78.507	8.701	248.054	0.01	0.1	99.9	23.791	2.608	8.202		chang4+5
罗160	2425.875	127.094	70.578	79.671	8.206	250.449	0.01	0.1	99.9	24.158	2.608	8.209		chang4+5
罗160	2426.000	125.39	70.137	73.851	8.687	246.385	0.01	0.1	99.9	23.913	2.611	9.128		chang4+5
罗160	2426.125	118.118	69.493	60.231	9.828	239.202	0.01	0.1	99.9	23.237	2.614	10.475		chang4+5
罗160	2426.250	105.488	68.62	43.632	11.35	232.428	0.01	0.1	99.9	22.262	2.611	12.159		chang4+5
罗160	2426.375	91.873	67.558	18.024	13.569	226.149	0.025	6.031	99.9	20.849	2.608	14.873		chang4+5
罗160	2426.500	83.026	66.332	14.861	18.167	218.318	0.026	6.114	99.9	18.763	2.607	21.213	干层	chang4+5
罗160	2426.625	79.326	64.994	12.971	29.251	208.068	0.023	5.924	92.432	15.937	2.613	36.685	干层	chang4+5
罗160	2426.750	79.057	63.65	12.493	61.121	197.229	0.015	5.381	67.359	12.857	2.626	83.72	干层	chang4+5
罗160	2426.875	80.454	62.34	12.396	141.516	188.629	0.01	4.652	51.062	10.272	2.642	194.967	干层	chang4+5
罗160	2427.000	80.976	61.053	12.272	237.781	184.63	0.01	3.982	50.013	8.683	2.656	277.376	干层	chang4+5
罗160	2427.125	80.986	59.762	12.662	226.677	185.271	0.01	3.664	67.517	8.249	2.66	179.79	干层	chang4+5
罗160	2427.250	82.862	58.455	14.373	131.303	189.416	0.01	4.06	87.845	8.76	2.649	86.461	干层	chang4+5
罗160	2427.375	87.122	57.138	17.121	65.594	196.789	0.012	5.087	95.829	10.093	2.623	46.296	干层	chang4+5
罗160	2427.500	92.545	55.858	20.601	38.289	206.997	0.036	6.566	90.9	12.31	2.589	30.884	干层	chang4+5
罗160	2427.625	97.447	54.71	23.461	27.256	217.655	0.095	8.175	82.986	15.194	2.553	23.902	油层	chang4+5
罗160	2427.750	102.173	53.709	26.532	22.535	225.44	0.189	9.572	75.128	17.932	2.52	21.271	油层	chang4+5
罗160	2427.875	108.333	52.743	29.983	20.893	228.793	0.381	11.216	65.24	19.726	2.489	20.544	油层	chang4+5
罗160	2428.000	114.527	51.802	32.719	20.377	228.447	0.408	11.396	64.718	20.453	2.486	20.223	油层	chang4+5
罗160	2428.125	118.165	50.944	33.587	19.874	226.617	0.373	11.167	67.168	20.568	2.493	19.551	油层	chang4+5
罗160	2428.250	118.837	50.198	33.211	19.447	225.096	0.313	10.725	70.296	20.705	2.503	19.352	油层	chang4+5
罗160	2428.375	117.308	49.568	31.961	20.243	224.734	0.262	10.3	70.15	21.245	2.511	21.068	油层	chang4+5
罗160	2428.500	112.255	49.012	28.364	23.922	226.303	0.242	10.12	63.593	22.084	2.514	26.561	油层	chang4+5
罗160	2428.625	103.202	48.446	23.614	32.53	229.556	0.263	10.311	52.144	22.399	2.508	38.05	油层	chang4+5
罗160	2428.750	91.99	47.823	18.637	48.286	232.711	0.312	10.72	40.71	21.57	2.499	57.752	油层	chang4+5
罗160	2428.875	82.654	47.262	15.715	68.822	233.704	0.372	11.16	33.422	19.912	2.49	79.06	油层	chang4+5
罗160	2429.000	80.962	46.763	15.474	79.566	231.908	0.417	11.45	32.38	18.374	2.484	80.034	油层	chang4+5
罗160	2429.125	88.146	46.319	19.816	70.124	229.491	0.424	11.498	36.944	17.836	2.483	60.96	油层	chang4+5
罗160	2429.250	100.159	45.947	26.407	49.824	229.331	0.419	11.464	46.017	18.303	2.484	39.526	油层	chang4+5
罗160	2429.375	112.062	45.647	33.227	32.23	232.264	0.419	11.467	57.298	19.434	2.483	25.483	油层	chang4+5
罗160	2429.500	115.129	45.407	31.557	21.847	236.868	0.437	11.575	66.645	21.009	2.48	18.485	油层	chang4+5
罗160	2429.625	104.894	45.207	23.376	17.142	240.857	0.477	11.805	70.461	22.64	2.475	15.9	油层	chang4+5
罗160	2429.750	89.443	45.063	16.691	16.379	242.911	0.529	12.088	66.894	23.631	2.469	16.822	油层	chang4+5
罗160	2429.875	79.405	45.012	14.391	18.452	242.92	0.576	12.325	60.236	23.534	2.464	19.958	油层	chang4+5
罗160	2430.000	82.986	45.093	19.021	21.249	241.366	0.601	12.444	56.26	22.565	2.462	22.443	油层	chang4+5
罗160	2430.125	97.722	45.256	27.197	21.962	239.281	0.594	12.409	57.62	21.522	2.463	21.516	油层	chang4+5
罗160	2430.250	110.051	45.43	31.356	20.803	237.56	0.554	12.217	60.487	21.194	2.468	20.144	油层	chang4+5
罗160	2430.375	110.396	45.598	27.504	21.207	235.896	0.484	11.849	59.423	21.735	2.481	22.19	油层	chang4+5
罗160	2430.500	98.059	45.736	18.533	27.389	232.562	0.28	10.457	55.898	22.388	2.511	32.196	油层	chang4+5
罗160	2430.625	81.71	45.832	11.97	45.643	226.338	0.185	9.521	45.71	21.67	2.532	58.079	油层	chang4+5
罗160	2430.750	70.159	45.885	8.505	90.353	217.926	0.114	8.529	35.469	19.15	2.555	120.199	油层	chang4+5
罗160	2430.875	64.296	45.846	12.25	180.691	209.013	0.01	0.1	99.9	15.76	2.578	236.635		chang4+5
罗160	2431.000	61.598	45.659	11.075	314.928	201.334	0.01	0.1	99.9	12.591	2.598	387.334		chang4+5
罗160	2431.125	59.131	45.348	9.261	424.826	196.062	0.01	0.1	99.9	10.334	2.611	459.499		chang4+5
罗160	2431.250	58.566	44.998	10.274	406.966	194.33	0.01	0.1	99.9	9.156	2.614	358.384		chang4+5
罗160	2431.375	64.264	44.628	16.343	300.745	197.378	0.01	0.1	99.9	9.125	2.605	247.441		chang4+5
罗160	2431.500	77.239	44.249	15.067	181.58	205.399	0.042	6.814	44.307	10.368	2.585	120.671	油层	chang4+5
罗160	2431.625	91.318	43.883	21.273	79.775	215.87	0.082	7.919	64.658	12.94	2.56	41.953	油层	chang4+5
罗160	2431.750	98.762	43.53	23.617	31.449	225.053	0.147	9.041	78.686	16.387	2.536	21.735	油层	chang4+5
罗160	2431.875	100.036	43.231	23.68	19.989	230.686	0.22	9.899	78.166	19.785	2.518	18.374	油层	chang4+5
罗160	2432.000	99.016	43.022	22.823	19.722	232.331	0.269	10.366	69.875	22.093	2.508	20.968	油层	chang4+5
罗160	2432.125	97.02	42.943	21.465	23.23	231.733	0.302	10.644	61.921	22.719	2.502	25.322	油层	chang4+5
罗160	2432.250	94.46	42.965	20.185	27.829	231.148	0.32	10.784	56.013	22.188	2.499	30.148	油层	chang4+5
罗160	2432.375	92.864	43.042	19.985	31.279	231.371	0.321	10.788	54.073	21.362	2.5	32.325	油层	chang4+5
罗160	2432.500	94.836	43.158	22.064	29.791	231.841	0.311	10.71	59.108	20.704	2.501	27.448	油层	chang4+5
罗160	2432.625	99.136	43.303	24.15	23.648	231.999	0.302	10.646	69.432	20.584	2.503	20.134	油层	chang4+5
罗160	2432.750	100.865	43.467	23.945	18.219	232.349	0.303	10.647	76.808	21.187	2.502	16.447	油层	chang4+5
罗160	2432.875	96.825	43.59	20.671	16.411	233.525	0.323	10.802	75.868	22.238	2.497	16.377	油层	chang4+5
罗160	2433.000	87.505	43.638	15.942	18.523	235.112	0.379	11.207	65.353	23.078	2.488	20.507	油层	chang4+5
罗160	2433.125	76.958	43.601	12.176	25.859	236.14	0.458	11.7	51.072	22.987	2.477	30.809	油层	chang4+5
罗160	2433.250	67.92	43.434	9.295	42.136	236.182	0.521	12.044	37.965	21.873	2.471	52.611	油层	chang4+5
罗160	2433.375	60.991	43.147	7.398	72.391	235.145	0.511	11.994	29.037	20.112	2.475	90.683	油层	chang4+5
罗160	2433.500	56.791	42.834	6.329	127.708	232.201	0.395	11.312	23.039	18.125	2.492	161.949	油层	chang4+5
罗160	2433.625	54.953	42.518	5.646	240.303	226.448	0.243	10.125	18.522	16.194	2.521	312.766	油层	chang4+5
罗160	2433.750	54.215	42.227	4.98	426.15	218.176	0.117	8.579	16.776	14.357	2.557	531.009	油层	chang4+5
罗160	2433.875	55.14	42.018	8.415	533.394	209.183	0.01	0.1	99.9	12.696	2.593	535.6		chang4+5
罗160	2434.000	58.016	41.912	10.445	448.923	202.526	0.01	0.1	99.9	11.527	2.618	368.764		chang4+5
罗160	2434.125	60.043	41.889	10.892	296.735	199.887	0.01	0.1	99.9	11.418	2.623	230.121		chang4+5
罗160	2434.250	59.979	41.991	10.403	188.725	200.764	0.01	0.1	99.9	12.567	2.608	150.44		chang4+5
罗160	2434.375	60.648	42.253	6.761	127.187	204.423	0.051	7.107	45.394	14.508	2.576	105.681		chang4+5
罗160	2434.500	64.384	42.601	8.759	92.342	210.569	0.132	8.817	42.057	16.34	2.538	80.005	油层	chang4+5
罗160	2434.625	69.675	43.008	10.945	68.642	218.019	0.276	10.425	41.727	17.338	2.502	58.133	油层	chang4+5
罗160	2434.750	73.63	43.449	12.252	49.66	224.527	0.45	11.651	44.015	17.606	2.476	41.825	油层	chang4+5
罗160	2434.875	75.055	43.897	12.484	38.293	228.62	0.592	12.403	45.183	17.606	2.461	35.027	油层	chang4+5
罗160	2435.000	74.414	44.326	12.005	35.858	230.35	0.66	12.714	43.105	17.636	2.455	36.627	油层	chang4+5
罗160	2435.125	72.905	44.715	11.431	39.835	230.715	0.686	12.822	39.537	17.801	2.453	42.803	油层	chang4+5
罗160	2435.250	71.251	45.043	10.772	45.321	230.329	0.688	12.834	37.438	17.995	2.453	47.651	油层	chang4+5
罗160	2435.375	69.323	45.284	9.956	45.68	229.377	0.686	12.825	39.051	18.105	2.453	43.857	油层	chang4+5
罗160	2435.500	67.727	45.436	9.537	40.626	228.501	0.689	12.836	42.119	18.148	2.453	37.637	油层	chang4+5
罗160	2435.625	67.05	45.49	9.459	37.126	228.265	0.687	12.829	42.703	18.123	2.453	36.654	油层	chang4+5
罗160	2435.750	67.188	45.441	9.645	39.051	228.347	0.666	12.738	40.53	17.977	2.456	41.269	油层	chang4+5
罗160	2435.875	68.348	45.279	10.168	43.731	227.919	0.623	12.546	38.976	17.751	2.461	46.007	油层	chang4+5
罗160	2436.000	70.242	45.03	10.737	46.54	226.617	0.555	12.218	39.581	17.594	2.468	47.032	油层	chang4+5
罗160	2436.125	71.851	44.705	11.083	46.86	225.112	0.484	11.844	40.978	17.562	2.477	46.7	油层	chang4+5
罗160	2436.250	71.018	44.324	10.179	48.394	224.298	0.425	11.504	40.788	17.56	2.484	49.96	油层	chang4+5
罗160	2436.375	68.374	43.907	9.417	55.241	224.36	0.384	11.241	38.05	17.457	2.49	60.124	油层	chang4+5
罗160	2436.500	67.613	43.486	9.759	70.067	224.608	0.34	10.936	34.064	17.05	2.498	79.262	油层	chang4+5
罗160	2436.625	67.427	43.084	9.287	90.854	223.752	0.279	10.449	31.495	16.039	2.51	101.574	油层	chang4+5
罗160	2436.750	65.012	42.725	7.891	113.432	220.65	0.207	9.771	30.432	14.469	2.526	124.399	油层	chang4+5
罗160	2436.875	62.928	42.435	7.211	140.283	215.081	0.148	9.055	29.422	12.782	2.541	154.972	油层	chang4+5
罗160	2437.000	62.147	42.221	6.502	166.55	208.472	0.116	8.565	29.084	11.551	2.55	177.257	油层	chang4+5
罗160	2437.125	61.577	42.093	6.165	153.585	203.659	0.112	8.488	34.051	11.394	2.55	131.693	油层	chang4+5
罗160	2437.250	63.874	42.058	7.65	101.877	203.068	0.133	8.83	43.577	12.437	2.541	74.302	油层	chang4+5
罗160	2437.375	69.321	42.129	10.014	60.761	207.039	0.178	9.439	50.591	14.232	2.528	48.238	油层	chang4+5
罗160	2437.500	72.849	42.294	10.927	42.548	213.367	0.235	10.048	54.057	16.025	2.514	37.285	油层	chang4+5
罗160	2437.625	73.684	42.555	11.446	33.378	218.718	0.283	10.483	57.992	17.112	2.505	29.765	油层	chang4+5
罗160	2437.750	73.58	42.916	11.277	26.888	221.295	0.309	10.697	62.989	17.543	2.501	24.229	油层	chang4+5
罗160	2437.875	72.203	43.395	10.553	22.976	221.671	0.321	10.788	65.818	17.811	2.499	21.817	油层	chang4+5
罗160	2438.000	70.411	43.986	10.082	22.841	221.935	0.331	10.867	62.576	18.167	2.497	23.788	油层	chang4+5
罗160	2438.125	69.388	44.697	10.156	27.443	223.772	0.351	11.009	54.266	18.389	2.493	30.822	油层	chang4+5
罗160	2438.250	68.929	45.542	10.313	38.157	227.017	0.387	11.262	43.929	18.233	2.487	44.94	油层	chang4+5
罗160	2438.375	68.721	46.544	10.521	55.659	230.25	0.448	11.64	35.189	17.862	2.478	65.572	油层	chang4+5
罗160	2438.500	67.964	47.688	10.038	78.335	231.913	0.512	11.999	29.114	17.605	2.471	90.139	油层	chang4+5
罗160	2438.625	66.492	48.972	9.424	103.639	231.59	0.547	12.18	25.27	17.574	2.468	116.124	油层	chang4+5
罗160	2438.750	66.072	50.391	9.411	126.68	229.813	0.526	12.074	23.516	17.609	2.472	136.442	油层	chang4+5
罗160	2438.875	67.254	51.939	9.74	142.343	226.923	0.443	11.61	23.498	17.408	2.484	147.801	油层	chang4+5
罗160	2439.000	69.895	53.574	10.625	135.525	223.107	0.315	10.744	27.703	16.725	2.505	124.172	油层	chang4+5
罗160	2439.125	76.382	55.27	13.936	89.917	220.17	0.195	9.636	45.1	15.732	2.531	58.239	油层	chang4+5
罗160	2439.250	88.167	56.996	20.621	40.14	221.968	0.105	8.372	81.888	15.251	2.56	23.403	油层	chang4+5
罗160	2439.375	103.11	58.717	70.677	17.846	231.326	0.01	0.1	99.9	16.155	2.59	12.708		chang4+5
罗160	2439.500	115.355	60.403	88.281	11.194	246.116	0.01	0.1	99.9	18.605	2.617	9.794		chang4+5
罗160	2439.625	119.678	62.028	88.227	9.39	259.739	0.01	0.1	99.9	21.756	2.636	9.016		chang4+5
罗160	2439.750	116.704	63.572	76.793	9.028	267.046	0.01	0.1	99.9	24.482	2.642	9.038		chang4+5
罗160	2439.875	109.826	65.008	62.592	9.173	266.516	0.01	0.1	99.9	26.003	2.632	9.298		chang4+5
罗160	2440.000	103.258	66.338	54.214	9.58	257.719	0.01	0.1	99.9	25.885	2.602	9.841		chang4+5
罗160	2440.125	99.816	67.555	51.603	10.206	243.408	0.01	0.1	99.9	24.053	2.558	10.543		chang4+5
罗160	2440.250	99.743	68.648	53.801	10.38	230.904	0.01	0.1	99.9	21.647	2.515	10.228		chang4+5
罗160	2440.375	102.359	69.595	59.526	9.282	228.438	0.01	0.1	99.9	20.636	2.49	8.406		chang4+5
罗160	2440.500	107.213	70.403	69.607	7.431	239.392	0.01	0.1	99.9	22.583	2.493	6.53		chang4+5
罗160	2440.625	112.842	71.059	79.576	6.14	255.751	0.01	0.1	99.9	27.104	2.512	5.78		chang4+5
罗160	2440.750	115.786	71.548	81.019	6.185	265.223	0.01	0.1	99.9	31.166	2.539	6.56		chang4+5
罗160	2440.875	114.553	71.871	75.131	8.0	262.899	0.01	0.1	99.9	32.173	2.567	9.332		chang4+5
罗160	2441.000	111.387	72.082	69.152	12.399	252.78	0.01	0.1	99.9	30.233	2.589	15.235		chang4+5
罗160	2441.125	110.016	72.198	69.84	17.877	242.994	0.01	0.1	99.9	27.453	2.602	20.321		chang4+5
罗160	2441.250	113.049	72.237	80.122	19.772	238.656	0.01	0.1	99.9	25.586	2.609	19.265		chang4+5
罗160	2441.375	119.08	72.214	93.732	17.904	238.578	0.01	0.1	99.9	24.798	2.614	16.646		chang4+5
罗160	2441.500	120.885	72.162	88.191	16.703	240.156	0.01	0.1	99.9	24.545	2.619	16.755		chang4+5
罗160	2441.625	116.594	72.09	76.42	18.41	241.798	0.01	0.1	99.9	24.415	2.626	19.941		chang4+5
罗160	2441.750	112.653	72.003	72.411	22.48	241.843	0.01	0.1	99.9	24.22	2.635	24.828		chang4+5
罗160	2441.875	112.489	71.913	75.516	26.775	239.63	0.01	0.1	99.9	24.046	2.64	28.576		chang4+5
罗160	2442.000	109.913	71.791	63.914	30.27	235.033	0.01	0.1	99.9	23.886	2.64	31.837		chang4+5
罗160	2442.125	100.339	71.633	45.094	34.749	228.293	0.01	0.1	99.9	23.309	2.633	37.442		chang4+5
罗160	2442.250	89.787	71.442	33.963	41.632	220.07	0.01	0.1	99.9	21.633	2.623	45.507		chang4+5
罗160	2442.375	86.112	71.207	35.254	46.862	213.876	0.01	0.1	99.9	19.21	2.611	48.116		chang4+5
罗160	2442.500	91.616	70.95	47.64	42.659	213.802	0.01	0.1	99.9	17.427	2.601	37.612		chang4+5
罗160	2442.625	99.169	70.675	56.011	32.07	218.483	0.01	0.1	99.9	17.161	2.596	26.946		chang4+5
罗160	2442.750	102.226	70.367	56.997	24.152	224.13	0.01	0.1	99.9	17.761	2.592	21.569		chang4+5
罗160	2442.875	101.959	69.996	55.293	20.909	228.482	0.01	0.1	99.9	18.483	2.588	20.299		chang4+5
罗160	2443.000	98.503	69.605	47.048	21.048	230.242	0.01	0.1	99.9	19.634	2.581	21.741		chang4+5
罗160	2443.125	92.189	69.189	21.283	22.998	229.477	0.064	7.48	90.204	20.794	2.573	24.161	差油层	chang4+5
罗160	2443.250	86.974	68.743	18.879	25.114	227.447	0.079	7.857	82.79	21.25	2.565	25.996	差油层	chang4+5
罗160	2443.375	84.194	68.281	17.563	26.734	225.605	0.098	8.244	76.832	20.933	2.556	27.416	差油层	chang4+5
罗160	2443.500	80.853	67.778	15.203	28.328	225.102	0.122	8.654	70.954	20.325	2.546	29.171	差油层	chang4+5
罗160	2443.625	77.131	67.239	13.88	30.055	226.033	0.149	9.067	65.834	19.937	2.537	30.872	差油层	chang4+5
罗160	2443.750	76.862	66.702	15.07	30.687	227.694	0.177	9.422	63.719	19.8	2.529	30.516	差油层	chang4+5
罗160	2443.875	79.772	66.166	16.892	29.713	228.931	0.202	9.709	63.47	19.404	2.523	28.97	差油层	chang4+5
罗160	2444.000	83.344	65.596	18.824	28.166	229.616	0.226	9.96	63.586	18.585	2.517	27.424	差油层	chang4+5
罗160	2444.125	87.053	64.997	20.975	25.602	230.128	0.253	10.218	66.37	18.033	2.511	23.917	差油层	chang4+5
罗160	2444.250	88.379	64.377	20.309	22.831	230.137	0.284	10.496	67.639	17.762	2.505	21.827	差油层	chang4+5
罗160	2444.375	87.17	63.745	19.4	21.444	229.718	0.32	10.781	66.99	17.772	2.498	21.09	差油层	chang4+5
罗160	2444.500	85.489	63.081	18.27	21.159	229.356	0.355	11.038	65.224	18.162	2.493	21.223	差油层	chang4+5
罗160	2444.625	81.842	62.388	15.616	21.723	229.623	0.379	11.209	62.822	18.617	2.49	22.185	差油层	chang4+5
罗160	2444.750	76.167	61.7	12.86	22.843	230.699	0.387	11.262	60.815	18.903	2.489	23.451	差油层	chang4+5
罗160	2444.875	72.368	61.016	12.254	23.683	232.142	0.379	11.205	60.547	18.947	2.49	23.897	差油层	chang4+5
罗160	2445.000	73.632	60.356	14.191	24.106	233.234	0.36	11.072	60.766	19.026	2.494	24.3	差油层	chang4+5
罗160	2445.125	76.398	59.757	14.951	25.685	233.237	0.32	10.783	59.231	19.488	2.502	26.965	差油层	chang4+5
罗160	2445.250	75.561	59.214	13.336	30.521	231.813	0.256	10.246	55.673	20.008	2.515	33.809	差油层	chang4+5
罗160	2445.375	72.442	58.695	11.666	39.885	228.735	0.176	9.413	52.235	19.772	2.535	45.504	差油层	chang4+5
罗160	2445.500	70.38	58.232	10.732	52.097	223.413	0.104	8.345	52.097	18.967	2.559	58.196	差油层	chang4+5
罗160	2445.625	70.055	57.827	10.188	63.168	215.477	0.057	7.294	55.236	18.087	2.582	67.766	差油层	chang4+5
罗160	2445.750	70.028	57.473	9.358	73.834	206.629	0.036	6.556	56.757	16.768	2.597	79.445	差油层	chang4+5
罗160	2445.875	70.624	57.204	9.611	82.478	200.32	0.032	6.402	56.098	15.461	2.597	85.282	差油层	chang4+5
罗160	2446.000	73.687	57.011	11.6	73.256	199.286	0.047	6.989	60.199	14.674	2.582	62.134	差油层	chang4+5
罗160	2446.125	75.566	56.878	11.959	48.158	204.202	0.085	7.97	70.11	14.557	2.559	35.234	差油层	chang4+5
罗160	2446.250	73.783	56.811	11.377	28.866	212.468	0.144	9.0	76.882	15.148	2.537	22.977	差油层	chang4+5
罗160	2446.375	72.18	56.849	11.759	21.371	220.317	0.213	9.832	75.642	16.077	2.519	19.886	差油层	chang4+5
罗160	2446.500	73.337	57.026	13.22	20.212	225.681	0.27	10.378	70.559	17.326	2.507	20.514	差油层	chang4+5
罗160	2446.625	75.211	57.31	13.894	21.538	228.356	0.314	10.734	65.161	18.161	2.5	22.485	差油层	chang4+5
罗160	2446.750	76.237	57.645	14.376	23.069	229.635	0.334	10.892	62.667	18.361	2.498	23.61	差油层	chang4+5
罗160	2446.875	78.495	58.063	16.28	23.777	230.7	0.314	10.734	63.162	18.327	2.503	23.931	差油层	chang4+5
罗160	2447.000	81.92	58.563	18.198	24.366	231.584	0.237	10.067	66.198	18.411	2.52	24.769	差油层	chang4+5
罗160	2447.125	86.027	59.128	21.019	25.513	231.519	0.143	8.981	72.143	18.739	2.546	26.202	差油层	chang4+5
罗160	2447.250	92.731	59.752	26.289	26.242	230.336	0.07	7.643	84.654	19.054	2.577	26.278	差油层	chang4+5
罗160	2447.375	103.392	60.409	68.619	24.927	229.428	0.01	0.1	99.9	19.082	2.606	23.678		chang4+5
罗160	2447.500	114.806	61.021	88.299	21.771	230.767	0.01	0.1	99.9	18.983	2.625	20.007		chang4+5
罗160	2447.625	120.573	61.614	91.895	18.641	234.783	0.01	0.1	99.9	19.358	2.634	17.378		chang4+5
罗160	2447.750	120.549	62.193	88.466	16.905	238.823	0.01	0.1	99.9	20.467	2.634	16.468		chang4+5
罗160	2447.875	119.203	62.715	86.151	16.819	239.976	0.01	0.1	99.9	21.971	2.63	17.145		chang4+5
罗160	2448.000	119.241	63.153	88.442	17.542	238.539	0.01	0.1	99.9	23.452	2.626	17.909		chang4+5
罗160	2448.125	121.956	63.494	97.663	17.563	237.449	0.01	0.1	99.9	24.764	2.618	17.244		chang4+5
罗160	2448.250	123.751	63.741	96.668	16.394	238.145	0.01	0.1	99.9	25.901	2.601	15.608		chang4+5
罗160	2448.375	119.256	63.913	79.359	15.106	238.967	0.01	0.1	99.9	26.692	2.578	14.642		chang4+5
罗160	2448.500	106.604	64.07	51.004	14.92	238.287	0.01	0.1	99.9	26.719	2.561	15.177		chang4+5
罗160	2448.625	92.329	64.193	35.159	16.358	236.629	0.01	0.1	99.9	25.968	2.543	17.45		chang4+5
罗160	2448.750	83.694	64.292	28.916	18.881	235.268	0.01	0.1	99.9	24.473	2.516	20.205		chang4+5
罗160	2448.875	80.533	64.392	27.865	20.988	234.031	0.01	0.1	99.9	22.654	2.502	21.712		chang4+5
罗160	2449.000	83.372	64.537	35.011	21.726	232.079	0.01	0.1	99.9	21.479	2.506	21.739		chang4+5
罗160	2449.125	92.803	64.757	51.186	21.435	230.265	0.01	0.1	99.9	21.452	2.525	21.154		chang4+5
罗160	2449.250	103.928	65.076	67.313	20.797	230.699	0.01	0.1	99.9	22.257	2.548	20.467		chang4+5
罗160	2449.375	109.933	65.479	71.293	20.34	233.919	0.01	0.1	99.9	23.299	2.566	20.223		chang4+5
罗160	2449.500	109.161	65.862	65.04	20.75	237.79	0.01	0.1	99.9	23.959	2.577	21.238		chang4+5
罗160	2449.625	104.138	66.297	54.745	22.895	238.662	0.01	0.1	99.9	23.584	2.582	24.427		chang4+5
罗160	2449.750	96.797	66.848	43.037	27.428	234.99	0.01	0.1	99.9	21.714	2.589	30.203		chang4+5
罗160	2449.875	90.425	67.481	37.122	33.992	228.55	0.01	0.1	99.9	18.996	2.601	37.497		chang4+5
罗160	2450.000	90.441	68.118	42.617	39.372	222.55	0.01	0.1	99.9	16.949	2.617	41.106		chang4+5
罗160	2450.125	96.257	68.721	52.689	37.456	221.14	0.01	0.1	99.9	16.573	2.63	34.08		chang4+5
罗160	2450.250	105.19	69.334	69.942	28.302	227.472	0.01	0.1	99.9	19.615	2.635	22.958		chang4+5
罗160	2450.375	117.625	69.973	98.705	18.677	241.631	0.01	0.1	99.9	23.276	2.632	14.718		chang4+5
罗160	2450.500	130.215	70.684	99.9	12.452	258.922	0.01	0.1	99.9	25.888	2.625	10.356		chang4+5
罗160	2450.625	135.748	71.405	99.9	9.426	273.406	0.01	0.1	99.9	28.377	2.621	8.565		chang6
罗160	2450.750	133.692	72.065	99.9	8.212	282.716	0.01	0.1	99.9	30.766	2.623	7.886		chang6
罗160	2450.875	129.636	72.656	99.9	7.671	286.971	0.01	0.1	99.9	32.366	2.628	7.472		chang6
罗160	2451.000	127.266	73.216	99.9	7.389	286.939	0.01	0.1	99.9	32.449	2.631	7.313		chang6
罗160	2451.125	127.301	73.753	99.9	7.631	283.795	0.01	0.1	99.9	31.299	2.626	7.925		chang6
罗160	2451.250	129.215	74.195	99.9	8.754	279.005	0.01	0.1	99.9	30.289	2.611	9.52		chang6
罗160	2359.625--2451.250(平均)	100.652	60.276	44.662	30.351	236.542	0.08	3.422	88.323	22.522	2.567	30.349		
罗160	2359.625--2451.250(最大)	160.854	74.195	99.9	533.394	332.297	0.689	12.836	99.9	47.63	2.685	535.6		
罗160	2359.625--2451.250(最小)	54.215	38.389	4.98	4.733	184.63	0.01	0.1	16.776	8.249	2.197	4.539		
