井名	深度	SH	SS	RT	AC	GR	SP	PERM	POR	SW	DEN	CNL	CAL	RT.1	解释结论	层位
耿166	2418.875	99.9	0.1	12.868	236.51	125.137	145.223	0.01	0.1	99.9	2.713	21.38	24.04	12.811		
耿166	2419.000	99.9	0.1	13.012	241.208	128.92	145.483	0.01	0.1	99.9	2.707	21.885	24.022	12.953		
耿166	2419.125	99.9	0.1	13.143	246.785	131.017	145.731	0.01	0.1	99.9	2.687	22.795	24.02	13.101		
耿166	2419.250	99.9	0.1	13.205	252.44	130.259	145.933	0.01	0.1	99.9	2.641	24.319	24.032	13.206		
耿166	2419.375	99.9	0.1	13.173	255.909	127.37	146.066	0.01	0.1	99.9	2.584	26.278	24.061	13.205		
耿166	2419.500	99.9	0.1	13.038	256.29	122.847	146.115	0.01	0.1	99.9	2.55	28.105	24.113	13.126		长4+5!1^(1_1)
耿166	2419.625	92.657	7.343	12.752	253.789	116.731	146.063	0.01	0.1	99.9	2.548	28.275	24.181	12.905		长4+5!1^(1_1)
耿166	2419.750	81.981	18.019	12.364	249.803	111.622	145.901	0.01	0.1	99.9	2.525	27.6	24.237	12.524		长4+5!1^(1_1)
耿166	2419.875	74.137	25.863	11.985	246.157	107.556	145.627	0.01	0.1	99.9	2.47	26.523	24.257	12.125		长4+5!1^(1_1)
耿166	2420.000	71.988	28.012	11.646	244.431	106.39	145.249	0.01	0.1	99.9	2.421	25.648	24.239	11.776		长4+5!1^(1_1)
耿166	2420.125	72.615	27.385	11.356	244.025	106.733	144.77	0.01	0.1	99.9	2.407	24.823	24.197	11.453		长4+5!1^(1_1)
耿166	2420.250	76.193	23.807	11.179	243.908	108.65	144.196	0.01	0.1	99.9	2.43	25.193	24.139	11.212		长4+5!1^(1_1)
耿166	2420.375	75.713	24.287	11.132	242.429	108.396	143.524	0.01	0.1	99.9	2.477	26.045	24.06	11.131		长4+5!1^(1_1)
耿166	2420.500	70.06	29.94	11.154	238.941	105.324	142.749	0.01	0.1	99.9	2.544	26.618	23.955	11.135		长4+5!1^(1_1)
耿166	2420.625	59.477	40.523	11.225	233.861	99.093	141.869	0.01	0.1	99.9	2.597	26.032	23.839	11.184		长4+5!1^(1_1)
耿166	2420.750	54.108	45.892	11.344	228.425	95.654	140.878	0.01	0.1	99.9	2.61	24.457	23.743	11.287		长4+5!1^(1_1)
耿166	2420.875	65.033	34.967	11.536	223.57	102.448	139.763	0.01	0.1	99.9	2.6	22.906	23.674	11.431		长4+5!1^(1_1)
耿166	2421.000	93.488	6.512	11.926	219.689	117.11	138.523	0.01	0.1	99.9	2.597	21.82	23.612	11.693		长4+5!1^(1_1)
耿166	2421.125	99.9	0.1	12.609	216.162	132.136	137.181	0.01	0.1	99.9	2.6	20.699	23.547	12.275		长4+5!1^(1_1)
耿166	2421.250	99.9	0.1	13.406	212.473	138.714	135.774	0.01	0.1	99.9	2.609	19.991	23.5	13.11		长4+5!1^(1_1)
耿166	2421.375	99.9	0.1	14.056	208.399	135.66	134.367	0.01	0.1	99.9	2.616	19.424	23.51	13.849		长4+5!1^(1_1)
耿166	2421.500	99.9	0.1	14.471	203.274	120.186	133.033	0.01	0.1	99.9	2.621	18.401	23.594	14.366		长4+5!1^(1_1)
耿166	2421.625	55.755	44.245	14.625	197.697	96.731	131.837	0.01	0.1	99.9	2.609	16.103	23.716	14.63		长4+5!1^(1_1)
耿166	2421.750	25.13	74.87	14.54	191.487	72.422	130.845	0.01	0.1	99.9	2.519	13.394	23.849	14.617		长4+5!1^(1_1)
耿166	2421.875	12.324	87.676	14.259	185.79	58.156	130.119	0.01	0.1	99.9	2.341	10.646	23.998	14.424		长4+5!1^(1_1)
耿166	2422.000	7.215	92.785	13.675	181.908	51.307	129.698	0.01	0.1	99.9	2.156	8.544	24.167	14.012		长4+5!1^(1_1)
耿166	2422.125	6.699	93.301	12.734	185.853	50.567	129.605	0.01	0.1	99.9	1.987	7.342	24.332	13.171		长4+5!1^(1_1)
耿166	2422.250	10.061	89.939	11.733	199.372	55.222	129.831	0.01	0.1	99.9	1.858	8.13	24.445	12.079		长4+5!1^(1_1)
耿166	2422.375	18.85	81.15	11.036	222.793	65.864	130.337	0.01	0.1	99.9	1.829	11.868	24.462	11.213		长4+5!1^(1_1)
耿166	2422.500	31.733	68.267	10.761	251.545	78.598	131.063	0.01	0.1	99.9	1.911	18.938	24.398	10.77		长4+5!1^(1_1)
耿166	2422.625	48.561	51.439	10.847	276.169	91.872	131.95	0.01	0.1	99.9	2.036	26.18	24.297	10.747		长4+5!1^(1_1)
耿166	2422.750	66.232	33.768	11.119	288.624	103.147	132.922	0.01	0.1	99.9	2.19	32.087	24.181	10.998		长4+5!1^(1_1)
耿166	2422.875	82.402	17.598	11.391	285.73	111.831	133.902	0.01	0.1	99.9	2.338	35.553	24.056	11.3		长4+5!1^(1_1)
耿166	2423.000	88.728	11.272	11.632	270.783	114.903	134.828	0.01	0.1	99.9	2.464	36.039	23.931	11.528		长4+5!1^(1_1)
耿166	2423.125	85.263	14.737	11.947	250.273	113.241	135.596	0.01	0.1	99.9	2.56	32.4	23.822	11.787		长4+5!1^(1_1)
耿166	2423.250	74.937	25.063	12.346	233.317	107.984	136.152	0.01	0.1	99.9	2.615	27.782	23.753	12.188		长4+5!1^(1_1)
耿166	2423.375	64.619	35.381	12.693	222.826	102.205	136.474	0.01	0.1	99.9	2.623	23.897	23.727	12.584		长4+5!1^(1_1)
耿166	2423.500	52.815	47.185	12.906	219.702	94.794	136.565	0.01	0.1	99.9	2.609	21.563	23.722	12.857		长4+5!1^(1_1)
耿166	2423.625	46.66	53.34	12.978	220.921	90.517	136.442	0.01	0.1	99.9	2.595	20.05	23.72	12.979		长4+5!1^(1_1)
耿166	2423.750	44.45	55.55	12.95	224.313	88.9	136.139	0.01	0.1	99.9	2.583	19.46	23.719	12.975		长4+5!1^(1_1)
耿166	2423.875	48.671	51.329	12.872	229.616	91.949	135.692	0.01	0.1	99.9	2.572	19.657	23.717	12.912		长4+5!1^(1_1)
耿166	2424.000	42.616	57.384	12.748	235.163	96.433	135.169	0.01	0.1	99.9	2.564	20.562	23.708	12.811		长4+5!1^(1_1)
耿166	2424.125	26.192	73.808	12.578	240.481	100.873	134.657	4.616	13.613	53.62	2.563	21.768	23.694	12.654		长4+5!1^(1_1)
耿166	2424.250	27.603	72.397	12.413	243.98	102.821	134.193	6.718	14.497	51.046	2.567	22.947	23.685	12.465		长4+5!1^(1_1)
耿166	2424.375	27.074	72.926	12.33	244.387	101.825	133.793	6.947	14.6	50.987	2.574	23.78	23.682	12.336		长4+5!1^(1_1)
耿166	2424.500	24.887	75.113	12.414	242.256	98.196	133.466	5.497	14.062	52.772	2.586	24.126	23.689	12.322		长4+5!1^(1_1)
耿166	2424.625	22.161	77.839	12.745	238.336	93.576	133.22	3.559	13.071	55.848	2.598	23.678	23.702	12.551		长4+5!1^(1_1)
耿166	2424.750	20.452	79.548	13.251	234.189	90.76	133.052	2.201	12.023	59.084	2.609	22.689	23.716	13.037		长4+5!1^(1_1)
耿166	2424.875	19.885	80.115	13.762	230.895	90.097	132.968	1.468	11.19	61.775	2.617	21.668	23.731	13.572		长4+5!1^(1_1)
耿166	2425.000	20.48	79.52	14.207	229.316	91.596	132.929	1.213	10.791	62.742	2.623	21.063	23.747	14.047		长4+5!1^(1_1)
耿166	2425.125	20.979	79.021	14.58	228.532	92.752	132.924	1.112	10.593	62.912	2.623	21.041	23.763	14.446		长4+5!1^(1_1)
耿166	2425.250	21.3	78.7	14.911	228.26	93.453	132.962	1.093	10.524	62.558	2.622	21.581	23.778	14.782		长4+5!1^(1_1)
耿166	2425.375	21.598	78.402	15.262	227.77	94.135	133.049	1.038	10.401	62.552	2.621	21.799	23.791	15.103		长4+5!1^(1_1)
耿166	2425.500	21.843	78.157	15.712	227.27	94.708	133.189	0.987	10.274	62.432	2.622	21.788	23.812	15.5		长4+5!1^(1_1)
耿166	2425.625	21.923	78.077	16.217	226.769	94.948	133.378	0.945	10.148	62.079	2.628	21.539	23.873	16.031		长4+5!1^(1_1)
耿166	2425.750	21.643	78.357	16.546	225.932	94.519	133.608	0.01	9.936	62.372	2.635	21.617	24.005	16.495		长4+5!1^(1_1)
耿166	2425.875	20.649	79.351	16.566	224.984	92.639	133.868	0.01	9.696	63.512	2.638	21.516	24.198	16.623		长4+5!1^(1_1)
耿166	2426.000	18.792	81.208	16.376	223.407	88.95	134.152	0.01	9.298	66.245	2.618	21.394	24.421	16.481		长4+5!1^(1_1)
耿166	2426.125	16.637	83.363	16.097	221.419	84.429	134.457	0.01	8.795	70.206	2.561	20.285	24.654	16.219		长4+5!1^(1_1)
耿166	2426.250	15.198	84.802	15.802	218.934	81.421	134.783	0.01	8.167	75.765	2.484	19.352	24.893	15.915		长4+5!1^(1_1)
耿166	2426.375	27.492	72.508	15.51	218.464	81.217	135.135	0.01	0.1	99.9	2.408	18.325	25.129	15.632		长4+5!1^(1_1)
耿166	2426.500	28.575	71.425	15.115	221.793	82.425	135.525	0.01	0.1	99.9	2.338	17.583	25.334	15.327		长4+5!1^(1_1)
耿166	2426.625	31.673	68.327	14.51	228.858	85.772	135.973	0.01	0.1	99.9	2.289	18.152	25.493	14.798		长4+5!1^(1_1)
耿166	2426.750	35.433	64.567	13.842	239.097	89.625	136.504	0.01	0.1	99.9	2.277	21.092	25.607	14.077		长4+5!1^(1_1)
耿166	2426.875	40.965	59.035	13.344	250.986	94.928	137.138	0.01	0.1	99.9	2.289	26.196	25.685	13.49		长4+5!1^(1_1)
耿166	2427.000	47.643	52.357	13.01	260.247	100.825	137.879	0.01	0.1	99.9	2.275	31.712	25.745	13.125		长4+5!1^(1_1)
耿166	2427.125	58.431	41.569	12.693	264.978	109.396	138.71	0.01	0.1	99.9	2.195	36.17	25.804	12.837		长4+5!1^(1_1)
耿166	2427.250	70.595	29.405	12.329	267.902	117.926	139.605	0.01	0.1	99.9	2.105	38.246	25.861	12.477		长4+5!1^(1_1)
耿166	2427.375	84.177	15.823	11.976	270.537	126.343	140.525	0.01	0.1	99.9	2.052	37.542	25.926	12.108		长4+5!1^(1_1)
耿166	2427.500	94.042	5.958	11.618	274.435	131.867	141.427	0.01	0.1	99.9	2.039	35.348	26.007	11.778		长4+5!1^(1_1)
耿166	2427.625	98.258	1.742	11.262	282.175	134.099	142.266	0.01	0.1	99.9	2.077	34.609	26.088	11.377		长4+5!1^(1_1)
耿166	2427.750	96.222	3.778	11.104	289.1	133.03	143.007	0.01	0.1	99.9	2.19	39.486	26.148	11.089		长4+5!1^(1_1)
耿166	2427.875	89.012	10.988	11.196	288.708	129.106	143.622	0.01	0.1	99.9	2.324	43.729	26.199	11.127		长4+5!1^(1_1)
耿166	2428.000	79.508	20.492	11.327	280.655	123.565	144.1	0.01	0.1	99.9	2.403	45.351	26.257	11.3		长4+5!1^(1_2)
耿166	2428.125	68.019	31.981	11.277	264.939	116.206	144.44	0.01	0.1	99.9	2.371	43.919	26.325	11.368		长4+5!1^(1_2)
耿166	2428.250	59.456	40.544	10.945	248.584	110.157	144.649	0.01	0.1	99.9	2.273	39.197	26.387	11.14		长4+5!1^(1_2)
耿166	2428.375	55.477	44.523	10.415	238.958	107.153	144.755	0.01	0.1	99.9	2.152	29.682	26.406	10.652		长4+5!1^(1_2)
耿166	2428.500	58.072	41.928	9.801	240.526	109.127	144.79	0.01	0.1	99.9	2.02	23.484	26.362	10.061		长4+5!1^(1_2)
耿166	2428.625	65.582	34.418	9.169	248.438	114.539	144.773	0.01	0.1	99.9	1.922	25.185	26.28	9.412		长4+5!1^(1_2)
耿166	2428.750	81.601	18.399	8.632	258.762	124.824	144.716	0.01	0.1	99.9	1.918	29.311	26.17	8.805		长4+5!1^(1_2)
耿166	2428.875	98.158	1.842	8.205	264.925	134.047	144.629	0.01	0.1	99.9	1.974	33.319	26.02	8.372		长4+5!1^(1_2)
耿166	2429.000	99.9	0.1	7.735	268.214	140.781	144.522	0.01	0.1	99.9	2.052	36.141	25.827	7.955		长4+5!1^(1_2)
耿166	2429.125	99.9	0.1	7.209	272.211	141.183	144.4	0.01	0.1	99.9	2.145	37.411	25.598	7.406		长4+5!1^(1_2)
耿166	2429.250	99.9	0.1	6.827	279.236	140.284	144.256	0.01	0.1	99.9	2.241	36.152	25.353	6.914		长4+5!1^(1_2)
耿166	2429.375	99.9	0.1	6.663	287.184	136.892	144.062	0.01	0.1	99.9	2.319	36.362	25.144	6.695		长4+5!1^(1_2)
耿166	2429.500	96.862	3.138	6.581	291.02	133.368	143.794	0.01	0.1	99.9	2.397	37.517	24.997	6.614		长4+5!1^(1_2)
耿166	2429.625	83.587	16.413	6.503	286.971	125.998	143.43	0.01	0.1	99.9	2.471	38.33	24.898	6.532		长4+5!1^(1_2)
耿166	2429.750	73.03	26.97	6.454	272.771	119.513	142.942	0.01	0.1	99.9	2.515	37.868	24.833	6.46		长4+5!1^(1_2)
耿166	2429.875	58.293	41.707	6.49	255.222	109.293	142.303	0.01	0.1	99.9	2.533	35.143	24.809	6.446		长4+5!1^(1_2)
耿166	2430.000	45.193	54.807	6.701	240.497	98.72	141.486	0.01	0.1	99.9	2.534	30.959	24.824	6.555		长4+5!1^(1_2)
耿166	2430.125	32.749	67.251	7.012	232.519	86.897	140.476	0.01	0.1	99.9	2.519	26.809	24.878	6.92		长4+5!1^(1_2)
耿166	2430.250	26.388	73.612	7.181	231.553	79.961	139.287	0.01	0.1	99.9	2.5	24.188	24.957	7.149		长4+5!1^(1_2)
耿166	2430.375	22.465	77.535	7.271	235.85	75.305	137.957	0.01	0.1	99.9	2.492	22.597	25.04	7.23		长4+5!1^(1_2)
耿166	2430.500	21.458	78.542	7.423	239.453	74.056	136.542	0.01	0.1	99.9	2.486	21.903	25.111	7.334		长4+5!1^(1_2)
耿166	2430.625	21.198	78.802	7.686	242.458	73.731	135.128	0.01	0.1	99.9	2.471	21.257	25.162	7.558		长4+5!1^(1_2)
耿166	2430.750	24.472	75.528	8.011	246.466	77.726	133.819	0.01	0.1	99.9	2.451	21.014	25.187	7.878		长4+5!1^(1_2)
耿166	2430.875	30.971	69.029	8.364	251.878	85.027	132.725	0.01	0.1	99.9	2.436	20.884	25.191	8.21		长4+5!1^(1_2)
耿166	2431.000	42.85	57.15	8.776	258.786	96.645	131.954	0.01	0.1	99.9	2.433	22.218	25.18	8.595		长4+5!1^(1_2)
耿166	2431.125	60.888	39.112	9.201	265.775	111.207	131.575	0.01	0.1	99.9	2.449	25.541	25.152	9.046		长4+5!1^(1_2)
耿166	2431.250	85.066	14.934	9.555	269.889	126.86	131.621	0.01	0.1	99.9	2.487	28.663	25.114	9.434		长4+5!1^(1_2)
耿166	2431.375	99.9	0.1	9.876	268.241	138.166	132.089	0.01	0.1	99.9	2.521	30.332	25.078	9.737		长4+5!1^(1_2)
耿166	2431.500	99.9	0.1	10.231	260.993	142.929	132.928	0.01	0.1	99.9	2.489	30.804	25.053	10.083		长4+5!1^(1_2)
耿166	2431.625	99.9	0.1	10.552	254.778	146.564	134.067	0.01	0.1	99.9	2.361	29.411	25.037	10.453		长4+5!1^(1_2)
耿166	2431.750	99.9	0.1	10.724	252.71	149.927	135.428	0.01	0.1	99.9	2.183	26.619	25.026	10.699		长4+5!1^(1_2)
耿166	2431.875	99.9	0.1	10.801	258.114	149.549	136.876	0.01	0.1	99.9	2.043	26.632	25.012	10.76		长4+5!1^(1_2)
耿166	2432.000	99.9	0.1	10.975	267.454	146.428	138.32	0.01	0.1	99.9	1.991	31.775	25.0	10.861		长4+5!1^(1_2)
耿166	2432.125	99.9	0.1	11.277	275.241	139.872	139.7	0.01	0.1	99.9	2.043	38.766	24.991	11.145		长4+5!1^(1_2)
耿166	2432.250	88.034	11.966	11.574	274.506	128.556	140.974	0.01	0.1	99.9	2.201	41.607	24.985	11.474		长4+5!1^(1_2)
耿166	2432.375	64.588	35.412	11.788	264.967	113.846	142.129	0.01	0.1	99.9	2.4	40.368	24.98	11.725		长4+5!1^(1_2)
耿166	2432.500	50.502	49.498	11.923	250.663	103.204	143.162	0.01	0.1	99.9	2.545	36.34	24.973	11.882		长4+5!1^(1_2)
耿166	2432.625	47.845	52.155	12.003	239.977	100.996	144.057	0.01	0.1	99.9	2.578	28.649	24.96	11.984		长4+5!1^(1_2)
耿166	2432.750	56.296	43.704	12.025	238.906	107.783	144.842	0.01	0.1	99.9	2.529	21.124	24.941	12.032		长4+5!1^(1_2)
耿166	2432.875	71.043	28.957	12.017	247.161	118.221	145.563	0.01	0.1	99.9	2.456	20.737	24.913	12.015		长4+5!1^(1_2)
耿166	2433.000	86.249	13.751	12.085	262.447	127.541	146.231	0.01	0.1	99.9	2.404	26.804	24.886	12.02		长4+5!1^(1_2)
耿166	2433.125	93.789	6.211	12.29	273.875	131.731	146.854	0.01	0.1	99.9	2.394	32.867	24.879	12.183		长4+5!1^(1_2)
耿166	2433.250	91.537	8.463	12.515	277.018	130.506	147.436	0.01	0.1	99.9	2.443	36.374	24.917	12.45		长4+5!1^(1_2)
耿166	2433.375	83.345	16.655	12.62	271.212	125.856	147.976	0.01	0.1	99.9	2.531	36.637	25.025	12.613		长4+5!1^(1_2)
耿166	2433.500	76.506	23.494	12.554	259.312	121.717	148.479	0.01	0.1	99.9	2.616	33.834	25.218	12.631		长4+5!1^(1_2)
耿166	2433.625	74.015	25.985	12.314	246.067	120.145	148.964	0.01	0.1	99.9	2.668	28.067	25.49	12.437		长4+5!1^(1_2)
耿166	2433.750	79.02	20.98	12.046	237.356	123.267	149.402	0.01	0.1	99.9	2.659	23.123	25.824	12.129		长4+5!1^(1_2)
耿166	2433.875	87.316	12.684	11.921	234.016	128.15	149.787	0.01	0.1	99.9	2.606	20.768	26.187	11.922		长4+5!1^(1_2)
耿166	2434.000	95.656	4.344	12.054	234.668	132.73	150.118	0.01	0.1	99.9	2.55	20.79	26.542	11.92		长4+5!1^(1_2)
耿166	2434.125	99.383	0.617	12.43	238.699	134.682	150.397	0.01	0.1	99.9	2.505	22.001	26.881	12.255		长4+5!1^(1_2)
耿166	2434.250	97.447	2.553	12.79	243.667	133.675	150.625	0.01	0.1	99.9	2.474	23.408	27.239	12.692		长4+5!1^(1_2)
耿166	2434.375	90.274	9.726	12.977	250.588	129.809	150.802	0.01	0.1	99.9	2.46	25.042	27.694	12.937		长4+5!1^(1_2)
耿166	2434.500	83.596	16.404	12.981	257.934	126.003	150.94	0.01	0.1	99.9	2.451	27.207	28.295	13.037		长4+5!1^(1_2)
耿166	2434.625	80.049	19.951	12.753	264.864	123.892	151.053	0.01	0.1	99.9	2.43	30.978	28.989	12.897		长4+5!1^(1_2)
耿166	2434.750	78.946	21.054	12.374	269.501	123.223	151.116	0.01	0.1	99.9	2.338	34.305	29.707	12.536		长4+5!1^(1_2)
耿166	2434.875	83.432	16.568	11.861	270.907	125.907	151.128	0.01	0.1	99.9	2.145	37.05	30.421	12.131		长4+5!1^(1_2)
耿166	2435.000	91.068	8.932	10.987	271.267	130.248	151.081	0.01	0.1	99.9	1.905	38.381	31.107	11.457		长4+5!1^(1_2)
耿166	2435.125	94.337	5.663	9.888	275.976	132.026	150.967	0.01	0.1	99.9	1.664	41.671	31.697	10.284		长4+5!1^(1_2)
耿166	2435.250	85.673	14.327	9.096	287.339	127.21	150.788	0.01	0.1	99.9	1.438	49.133	32.072	9.294		长4+5!1^(1_3)
耿166	2435.375	71.856	28.144	8.723	306.206	118.753	150.538	0.01	0.1	99.9	1.277	60.812	32.129	8.8		长4+5!1^(1_3)
耿166	2435.500	58.462	41.538	8.668	328.211	109.419	150.198	0.01	0.1	99.9	1.223	72.863	31.878	8.607		长4+5!1^(1_3)
耿166	2435.625	49.664	50.336	8.884	341.082	102.515	149.791	0.01	0.1	99.9	1.255	85.399	31.436	8.758		长4+5!1^(1_3)
耿166	2435.750	45.46	54.54	9.202	338.735	98.953	149.347	0.01	0.1	99.9	1.351	93.402	30.912	9.074		长4+5!1^(1_3)
耿166	2435.875	46.04	53.96	9.468	319.481	99.455	148.874	0.01	0.1	99.9	1.448	87.276	30.359	9.393		长4+5!1^(1_3)
耿166	2436.000	47.7	52.3	9.561	288.914	100.874	148.383	0.01	0.1	99.9	1.518	72.965	29.784	9.58		长4+5!1^(1_3)
耿166	2436.125	47.853	52.147	9.559	262.514	101.003	147.888	0.01	0.1	99.9	1.582	57.579	29.185	9.532		长4+5!1^(1_3)
耿166	2436.250	45.687	54.313	9.721	251.749	99.15	147.402	0.01	0.1	99.9	1.628	44.619	28.576	9.6		长4+5!1^(1_3)
耿166	2436.375	42.937	57.063	10.145	256.512	96.723	146.948	0.01	0.1	99.9	1.634	39.757	27.979	9.901		长4+5!1^(1_3)
耿166	2436.500	41.96	58.04	10.928	272.673	95.839	146.54	0.01	0.1	99.9	1.657	50.569	27.396	10.511		长4+5!1^(1_3)
耿166	2436.625	43.972	56.028	12.019	287.595	97.646	146.148	0.01	0.1	99.9	1.773	63.285	26.822	11.551		长4+5!1^(1_3)
耿166	2436.750	48.029	51.971	13.124	289.317	101.151	145.776	0.01	0.1	99.9	1.961	69.644	26.252	12.719		长4+5!1^(1_3)
耿166	2436.875	49.353	50.647	14.127	278.595	102.257	145.419	0.01	0.1	99.9	2.15	69.531	25.695	13.73		长4+5!1^(1_3)
耿166	2437.000	49.835	50.165	15.087	260.395	102.656	145.058	0.01	0.1	99.9	2.316	61.773	25.186	14.721		长4+5!1^(1_3)
耿166	2437.125	46.787	53.213	15.878	241.572	100.097	144.658	0.01	0.1	99.9	2.463	46.283	24.786	15.634		长4+5!1^(1_3)
耿166	2437.250	42.488	57.512	16.312	229.61	96.318	144.189	0.01	0.1	99.9	2.542	32.119	24.542	16.245		长4+5!1^(1_3)
耿166	2437.375	34.325	65.675	16.527	225.594	88.512	143.637	0.01	0.1	99.9	2.544	25.278	24.426	16.412		长4+5!1^(1_3)
耿166	2437.500	29.237	70.763	17.037	226.479	83.154	143.003	0.01	0.1	99.9	2.533	22.489	24.371	16.698		长4+5!1^(1_3)
耿166	2437.625	24.531	75.469	18.042	229.103	77.796	142.295	0.01	0.1	99.9	2.535	21.237	24.339	17.543		长4+5!1^(1_3)
耿166	2437.750	22.799	77.201	19.278	230.701	75.714	141.526	0.01	0.1	99.9	2.542	21.09	24.332	18.789		长4+5!1^(1_3)
耿166	2437.875	20.81	79.19	20.334	229.698	73.241	140.728	0.01	0.1	99.9	2.554	21.122	24.361	20.012		长4+5!1^(1_3)
耿166	2438.000	20.473	79.527	20.727	225.821	72.813	139.948	0.01	0.1	99.9	2.572	20.826	24.416	20.815		长4+5!1^(1_3)
耿166	2438.125	19.1	80.9	20.204	219.627	71.042	139.232	0.01	0.1	99.9	2.591	19.839	24.48	20.593		长4+5!1^(1_3)
耿166	2438.250	17.004	82.996	19.216	212.532	68.246	138.612	0.01	0.1	99.9	2.602	18.237	24.542	19.622		长4+5!1^(1_3)
耿166	2438.375	14.327	85.673	18.196	206.157	64.502	138.109	0.01	0.1	99.9	2.571	16.091	24.596	18.608		长4+5!1^(1_3)
耿166	2438.500	11.974	88.026	17.149	202.983	61.032	137.731	0.01	0.1	99.9	2.494	14.141	24.641	17.578		长4+5!1^(1_3)
耿166	2438.625	11.492	88.508	16.136	208.55	60.3	137.489	0.01	0.1	99.9	2.411	13.13	24.665	16.506		长4+5!1^(1_3)
耿166	2438.750	15.011	84.989	15.377	221.765	65.478	137.375	0.01	0.1	99.9	2.35	13.806	24.643	15.582		长4+5!1^(1_3)
耿166	2438.875	23.242	76.758	15.001	241.943	76.252	137.372	0.01	0.1	99.9	2.325	17.648	24.577	15.069		长4+5!1^(1_3)
耿166	2439.000	35.257	64.743	14.756	262.45	89.449	137.459	0.01	0.1	99.9	2.363	25.116	24.49	14.899		长4+5!1^(1_3)
耿166	2439.125	46.034	53.966	14.365	275.955	99.45	137.618	0.01	0.1	99.9	2.448	32.408	24.399	14.543		长4+5!1^(1_3)
耿166	2439.250	52.003	47.997	13.968	278.038	104.419	137.829	0.01	0.1	99.9	2.531	36.946	24.314	14.1		长4+5!1^(1_3)
耿166	2439.375	48.494	51.506	13.683	269.026	101.542	138.072	0.01	0.1	99.9	2.589	38.805	24.244	13.771		长4+5!1^(1_3)
耿166	2439.500	41.294	58.706	13.551	253.592	95.23	138.325	0.01	0.1	99.9	2.617	37.669	24.192	13.552		长4+5!1^(1_3)
耿166	2439.625	32.957	67.043	13.6	238.347	87.112	138.561	0.01	0.1	99.9	2.622	32.958	24.164	13.55		长4+5!1^(1_3)
耿166	2439.750	28.828	71.172	13.711	228.685	82.705	138.768	0.01	0.1	99.9	2.615	28.456	24.167	13.674		长4+5!1^(1_3)
耿166	2439.875	26.62	73.38	13.776	224.315	80.227	138.936	0.01	0.1	99.9	2.612	26.131	24.184	13.767		长4+5!1^(1_3)
耿166	2440.000	27.035	72.965	13.782	225.217	80.699	139.07	0.01	0.1	99.9	2.615	25.252	24.206	13.79		长4+5!1^(1_3)
耿166	2440.125	27.672	72.328	13.756	226.683	81.418	139.195	0.01	0.1	99.9	2.616	24.603	24.236	13.77		长4+5!1^(1_3)
耿166	2440.250	28.667	71.333	13.719	227.766	82.527	139.337	0.01	0.1	99.9	2.613	24.356	24.28	13.734		长4+5!1^(1_3)
耿166	2440.375	29.529	70.471	13.659	229.286	83.474	139.512	0.01	0.1	99.9	2.607	24.143	24.338	13.697		长4+5!1^(1_3)
耿166	2440.500	32.065	67.935	13.502	231.679	86.184	139.744	0.01	0.1	99.9	2.6	24.044	24.409	13.601		长4+5!1^(1_3)
耿166	2440.625	35.785	64.215	13.228	235.224	89.974	140.049	0.01	0.1	99.9	2.589	23.809	24.491	13.353		长4+5!1^(1_3)
耿166	2440.750	40.317	59.683	12.922	240.337	94.327	140.439	0.01	0.1	99.9	2.573	23.936	24.59	13.039		长4+5!1^(1_3)
耿166	2440.875	46.989	53.011	12.64	245.457	100.269	140.918	0.01	0.1	99.9	2.545	24.625	24.701	12.746		长4+5!1^(1_3)
耿166	2441.000	54.663	45.337	12.417	249.481	106.523	141.457	0.01	0.1	99.9	2.495	25.483	24.807	12.48		长4+5!1^(1_3)
耿166	2441.125	62.986	37.014	12.314	251.474	112.716	142.014	0.01	0.1	99.9	2.426	26.319	24.888	12.322		长4+5!1^(1_3)
耿166	2441.250	71.159	28.841	12.333	252.193	118.297	142.557	0.01	0.1	99.9	2.361	27.508	24.927	12.302		长4+5!1^(2_1)
耿166	2441.375	79.873	20.127	12.439	251.564	123.786	143.06	0.01	0.1	99.9	2.325	28.688	24.924	12.38		长4+5!1^(2_1)
耿166	2441.500	85.74	14.26	12.64	251.209	127.248	143.499	0.01	0.1	99.9	2.345	29.444	24.876	12.526		长4+5!1^(2_1)
耿166	2441.625	90.516	9.484	12.963	251.241	129.943	143.842	0.01	0.1	99.9	2.425	30.146	24.789	12.811		长4+5!1^(2_1)
耿166	2441.750	92.444	7.556	13.349	250.498	131.002	144.055	0.01	0.1	99.9	2.54	31.031	24.673	13.191		长4+5!1^(2_1)
耿166	2441.875	90.407	9.593	13.812	248.674	129.883	144.117	0.01	0.1	99.9	2.635	31.457	24.545	13.586		长4+5!1^(2_1)
耿166	2442.000	82.928	17.072	14.503	245.015	125.611	144.021	0.01	0.1	99.9	2.688	31.22	24.422	14.15		长4+5!1^(2_1)
耿166	2442.125	74.87	25.13	15.423	239.731	120.689	143.761	0.01	0.1	99.9	2.705	29.814	24.322	15.031		长4+5!1^(2_1)
耿166	2442.250	66.87	33.13	16.348	233.297	115.425	143.323	0.01	0.1	99.9	2.686	27.113	24.252	16.009	油层	长4+5!1^(2_1)
耿166	2442.375	29.967	70.033	17.227	227.628	109.966	142.705	1.078	11.6	78.044	2.65	23.741	24.212	16.856	油层	长4+5!1^(2_1)
耿166	2442.500	26.876	73.124	18.26	222.985	105.691	141.918	0.893	11.15	78.569	2.631	20.671	24.197	17.782	油层	长4+5!1^(2_1)
耿166	2442.625	25.124	74.876	19.453	220.456	103.078	140.991	0.833	10.904	77.496	2.623	18.138	24.202	18.977	油层	长4+5!1^(2_1)
耿166	2442.750	24.742	75.258	20.562	219.665	102.544	139.957	0.848	10.828	75.623	2.613	16.808	24.216	20.167	油层	长4+5!1^(2_1)
耿166	2442.875	24.765	75.235	21.596	220.351	102.433	138.843	0.923	10.894	73.457	2.604	16.641	24.229	21.154	油层	长4+5!1^(2_1)
耿166	2443.000	25.278	74.722	22.794	221.337	103.166	137.682	1.024	10.99	71.087	2.599	16.954	24.236	22.258	油层	长4+5!1^(2_1)
耿166	2443.125	24.93	75.07	24.084	222.172	102.334	136.511	1.135	11.071	68.612	2.587	17.262	24.237	23.598	油层	长4+5!1^(2_1)
耿166	2443.250	24.295	75.705	25.183	222.852	100.993	135.355	1.238	11.137	66.577	2.573	17.359	24.231	24.812	油层	长4+5!1^(2_1)
耿166	2443.375	22.804	77.196	26.134	223.379	98.008	134.228	1.32	11.188	65.117	2.564	17.296	24.222	25.738	油层	长4+5!1^(2_1)
耿166	2443.500	21.801	78.199	27.236	224.156	95.844	133.131	1.428	11.263	63.54	2.555	17.227	24.212	26.727	油层	长4+5!1^(2_1)
耿166	2443.625	21.387	78.613	28.515	225.184	94.779	132.062	1.579	11.363	61.621	2.544	17.24	24.203	27.998	油层	长4+5!1^(2_1)
耿166	2443.750	21.807	78.193	29.711	226.381	95.359	131.019	1.757	11.479	59.732	2.541	17.517	24.194	29.29	油层	长4+5!1^(2_1)
耿166	2443.875	22.586	77.414	30.794	227.159	96.736	130.004	1.894	11.555	58.363	2.543	17.961	24.186	30.342	油层	长4+5!1^(2_1)
耿166	2444.000	22.482	77.518	32.039	228.105	96.319	129.016	2.061	11.646	56.924	2.543	18.422	24.182	31.472	油层	长4+5!1^(2_1)
耿166	2444.125	21.991	78.009	33.421	228.611	95.231	128.052	2.21	11.695	55.489	2.54	18.877	24.182	32.887	油层	长4+5!1^(2_1)
耿166	2444.250	21.413	78.587	34.595	229.134	93.951	127.112	2.361	11.746	54.199	2.537	19.263	24.184	34.22	油层	长4+5!1^(2_1)
耿166	2444.375	22.039	77.961	35.473	229.445	95.14	126.198	2.464	11.776	53.357	2.531	19.343	24.186	35.157	油层	长4+5!1^(2_1)
耿166	2444.500	22.981	77.019	36.267	229.817	96.916	125.307	2.567	11.812	52.63	2.523	19.334	24.186	35.948	油层	长4+5!1^(2_1)
耿166	2444.625	24.602	75.398	36.997	229.979	99.98	124.438	2.645	11.828	51.999	2.513	19.197	24.187	36.744	油层	长4+5!1^(2_1)
耿166	2444.750	25.851	74.149	37.525	230.212	102.234	123.58	2.722	11.851	51.475	2.507	18.867	24.186	37.375	油层	长4+5!1^(2_1)
耿166	2444.875	27.421	72.579	37.869	230.329	105.015	122.725	2.765	11.862	51.179	2.506	18.451	24.167	37.748	油层	长4+5!1^(2_1)
耿166	2445.000	28.207	71.793	38.191	230.568	106.329	121.869	2.82	11.885	50.891	2.504	18.254	24.128	38.05	油层	长4+5!1^(2_1)
耿166	2445.125	28.228	71.772	38.507	230.718	106.333	121.013	2.868	11.9	50.605	2.503	18.24	24.081	38.401	油层	长4+5!1^(2_1)
耿166	2445.250	27.78	72.22	38.723	230.868	105.523	120.164	2.909	11.914	50.38	2.505	18.324	24.028	38.666	油层	长4+5!1^(2_1)
耿166	2445.375	27.178	72.822	38.858	231.03	104.431	119.333	2.943	11.93	50.231	2.505	18.168	23.959	38.809	油层	长4+5!1^(2_1)
耿166	2445.500	25.795	74.205	38.936	231.305	101.888	118.531	2.993	11.957	50.058	2.501	18.034	23.88	38.931	油层	长4+5!1^(2_1)
耿166	2445.625	23.843	76.157	38.937	231.737	98.15	117.768	3.058	11.999	49.902	2.498	18.092	23.796	38.944	油层	长4+5!1^(2_1)
耿166	2445.750	21.682	78.318	38.921	232.037	93.845	117.052	3.102	12.028	49.812	2.499	18.087	23.724	38.926	油层	长4+5!1^(2_1)
耿166	2445.875	20.087	79.913	38.893	232.294	90.506	116.391	3.141	12.053	49.732	2.503	17.958	23.675	38.915	油层	长4+5!1^(2_1)
耿166	2446.000	18.808	81.192	38.846	232.25	87.78	115.794	3.13	12.048	49.782	2.509	18.166	23.634	38.86	油层	长4+5!1^(2_1)
耿166	2446.125	17.965	82.035	38.829	232.205	85.936	115.259	3.12	12.044	49.82	2.517	18.311	23.588	38.824	油层	长4+5!1^(2_1)
耿166	2446.250	17.423	82.577	38.842	231.887	84.789	114.786	3.072	12.013	49.92	2.519	18.166	23.555	38.837	油层	长4+5!1^(2_1)
耿166	2446.375	17.208	82.792	38.825	231.735	84.334	114.374	3.051	11.998	49.962	2.518	17.85	23.541	38.851	油层	长4+5!1^(2_1)
耿166	2446.500	16.964	83.036	38.749	231.28	83.879	114.02	2.978	11.954	50.16	2.518	17.666	23.535	38.786	油层	长4+5!1^(2_1)
耿166	2446.625	16.78	83.22	38.642	231.143	83.485	113.721	2.951	11.941	50.267	2.516	17.555	23.532	38.693	油层	长4+5!1^(2_1)
耿166	2446.750	16.798	83.202	38.511	231.127	83.531	113.471	2.939	11.939	50.356	2.511	17.506	23.523	38.566	油层	长4+5!1^(2_1)
耿166	2446.875	16.953	83.047	38.359	231.333	83.841	113.258	2.958	11.959	50.374	2.505	17.476	23.514	38.429	油层	长4+5!1^(2_1)
耿166	2447.000	17.029	82.971	38.12	231.604	83.955	113.073	2.985	11.986	50.395	2.501	17.45	23.516	38.256	油层	长4+5!1^(2_1)
耿166	2447.125	17.123	82.877	37.766	231.991	84.084	112.906	3.015	12.023	50.486	2.495	17.252	23.522	37.917	油层	长4+5!1^(2_1)
耿166	2447.250	17.215	82.785	37.394	232.257	84.233	112.746	3.024	12.049	50.646	2.489	16.77	23.516	37.541	油层	长4+5!1^(2_1)
耿166	2447.375	17.015	82.985	36.985	232.307	83.765	112.584	3.002	12.054	50.879	2.489	16.356	23.496	37.173	油层	长4+5!1^(2_1)
耿166	2447.500	16.579	83.421	36.469	232.267	82.769	112.412	2.958	12.05	51.216	2.492	16.073	23.469	36.705	油层	长4+5!1^(2_1)
耿166	2447.625	16.878	83.122	35.887	231.666	83.595	112.225	2.826	11.992	51.844	2.495	16.042	23.432	36.116	油层	长4+5!1^(2_1)
耿166	2447.750	17.905	82.095	35.374	231.03	86.064	112.023	2.696	11.93	52.487	2.5	16.017	23.384	35.545	油层	长4+5!1^(2_1)
耿166	2447.875	19.07	80.93	34.98	230.194	88.808	111.808	2.555	11.849	53.111	2.506	16.232	23.318	35.117	油层	长4+5!1^(2_1)
耿166	2448.000	19.67	80.33	34.671	229.479	90.253	111.575	2.441	11.78	53.636	2.511	16.545	23.23	34.776	油层	长4+5!1^(2_1)
耿166	2448.125	19.993	80.007	34.456	229.086	91.025	111.32	2.375	11.741	53.986	2.513	16.996	23.125	34.514	油层	长4+5!1^(2_1)
耿166	2448.250	18.954	81.046	34.369	229.423	88.728	111.039	2.406	11.774	53.972	2.513	17.479	23.01	34.37	油层	长4+5!1^(2_1)
耿166	2448.375	17.277	82.723	34.412	230.311	84.809	110.731	2.515	11.86	53.642	2.507	17.925	22.887	34.369	油层	长4+5!1^(2_1)
耿166	2448.500	15.439	84.561	34.585	231.47	80.257	110.398	2.672	11.973	53.134	2.499	18.179	22.761	34.476	油层	长4+5!1^(2_1)
耿166	2448.625	14.532	85.468	34.941	232.913	77.727	110.042	2.891	12.113	52.409	2.494	18.272	22.631	34.748	油层	长4+5!1^(2_1)
耿166	2448.750	13.974	86.026	35.467	234.014	76.091	109.667	3.091	12.219	51.666	2.494	18.208	22.502	35.229	油层	长4+5!1^(2_1)
耿166	2448.875	14.292	85.708	36.088	235.062	76.652	109.276	3.306	12.321	50.878	2.496	18.071	22.384	35.823	油层	长4+5!1^(2_1)
耿166	2449.000	14.298	85.702	36.774	235.791	76.504	108.882	3.487	12.392	50.172	2.495	18.128	22.29	36.485	油层	长4+5!1^(2_1)
耿166	2449.125	14.137	85.863	37.376	236.3	75.989	108.503	3.643	12.441	49.515	2.488	18.311	22.226	37.209	油层	长4+5!1^(2_1)
耿166	2449.250	13.512	86.488	37.669	236.323	74.405	108.155	3.688	12.443	49.232	2.474	18.2	22.189	37.626	油层	长4+5!1^(2_1)
耿166	2449.375	12.654	87.346	37.776	236.45	72.156	107.844	3.721	12.456	49.121	2.46	17.881	22.177	37.734	油层	长4+5!1^(2_1)
耿166	2449.500	11.603	88.397	37.828	236.411	69.356	107.586	3.724	12.452	49.066	2.45	17.488	22.193	37.838	油层	长4+5!1^(2_1)
耿166	2449.625	10.597	89.403	37.739	236.184	66.621	107.397	3.682	12.43	49.155	2.45	17.16	22.24	37.813	油层	长4+5!1^(2_1)
耿166	2449.750	10.511	89.489	37.508	236.061	66.406	107.266	3.642	12.418	49.317	2.457	16.809	22.318	37.627	油层	长4+5!1^(2_1)
耿166	2449.875	10.794	89.206	37.203	235.795	67.259	107.2	3.568	12.392	49.599	2.467	16.599	22.423	37.331	油层	长4+5!1^(2_1)
耿166	2450.000	11.765	88.235	36.964	235.428	70.015	107.196	3.476	12.357	49.933	2.476	16.691	22.546	37.012	油层	长4+5!1^(2_1)
耿166	2450.125	12.376	87.624	36.952	235.034	71.739	107.25	3.4	12.318	50.145	2.48	17.414	22.687	36.892	油层	长4+5!1^(2_1)
耿166	2450.250	12.945	87.055	37.136	234.894	73.262	107.362	3.391	12.305	50.091	2.478	18.232	22.837	37.041	油层	长4+5!1^(2_1)
耿166	2450.375	12.839	87.161	37.354	234.584	73.058	107.515	3.362	12.275	50.034	2.475	18.852	22.994	37.279		长4+5!1^(2_1)
耿166	2450.500	12.307	87.693	37.528	234.5	71.676	107.681	3.366	12.267	49.937	2.472	19.266	23.163	37.466		长4+5!1^(2_1)
耿166	2450.625	11.617	88.383	37.689	234.516	69.818	107.856	3.382	12.268	49.829	2.472	19.287	23.347	37.621		长4+5!1^(2_1)
耿166	2450.750	11.431	88.569	37.868	234.534	69.306	108.043	3.401	12.27	49.71	2.474	18.574	23.529	37.792		长4+5!1^(2_2)
耿166	2450.875	11.934	88.066	38.08	234.192	70.746	108.234	3.362	12.237	49.698	2.479	17.614	23.697	37.983		长4+5!1^(2_2)
耿166	2451.000	12.403	87.597	38.327	234.117	72.016	108.421	3.371	12.229	49.566	2.483	16.975	23.849	38.225		长4+5!1^(2_2)
耿166	2451.125	12.779	87.221	38.53	233.9	73.052	108.599	3.358	12.208	49.473	2.483	16.817	23.99	38.481		长4+5!1^(2_2)
耿166	2451.250	12.506	87.494	38.576	233.582	72.406	108.773	3.318	12.178	49.498	2.48	16.985	24.127	38.605		长4+5!1^(2_2)
耿166	2451.375	11.974	88.026	38.439	233.224	71.07	108.966	3.254	12.143	49.664	2.478	17.273	24.249	38.532		长4+5!1^(2_2)
耿166	2451.500	10.999	89.001	38.173	233.057	68.444	109.207	3.208	12.127	49.872	2.478	17.526	24.334	38.299		长4+5!1^(2_2)
耿166	2451.625	10.46	89.54	37.862	232.79	66.99	109.492	3.141	12.101	50.168	2.482	17.669	24.388	37.984	油层	长4+5!1^(2_2)
耿166	2451.750	10.202	89.798	37.535	232.439	66.333	109.828	3.063	12.067	50.491	2.486	17.684	24.429	37.678	油层	长4+5!1^(2_2)
耿166	2451.875	10.112	89.888	37.116	232.002	66.174	110.221	2.969	12.024	50.884	2.493	17.528	24.464	37.32	油层	长4+5!1^(2_2)
耿166	2452.000	9.718	90.282	36.493	231.063	65.244	110.672	2.796	11.933	51.565	2.5	17.228	24.493	36.81	油层	长4+5!1^(2_2)
耿166	2452.125	9.219	90.781	35.691	229.624	64.099	111.181	2.547	11.794	52.65	2.511	16.938	24.511	36.018	油层	长4+5!1^(2_2)
耿166	2452.250	8.568	91.432	34.955	227.772	62.556	111.737	2.267	11.614	53.951	2.522	16.718	24.514	35.202	油层	长4+5!1^(2_2)
耿166	2452.375	8.167	91.833	34.349	225.831	61.761	112.324	2.016	11.426	55.186	2.532	16.391	24.517	34.585	油层	长4+5!1^(2_2)
耿166	2452.500	7.807	92.193	33.71	223.55	61.15	112.924	1.76	11.204	56.588	2.541	15.985	24.537	33.996	油层	长4+5!1^(2_2)
耿166	2452.625	7.76	92.24	32.983	221.689	61.418	113.521	1.56	11.024	57.982	2.547	15.603	24.568	33.282	油层	长4+5!1^(2_2)
耿166	2452.750	7.858	92.142	32.216	220.373	62.019	114.102	1.421	10.896	59.221	2.549	15.338	24.602	32.537	油层	长4+5!1^(2_2)
耿166	2452.875	8.219	91.781	31.338	219.782	63.269	114.658	1.342	10.839	60.232	2.548	14.94	24.641	31.735	油层	长4+5!1^(2_2)
耿166	2453.000	8.753	91.247	30.22	219.883	64.877	115.17	1.308	10.849	61.147	2.541	14.714	24.687	30.744	油层	长4+5!1^(2_2)
耿166	2453.125	9.89	90.11	28.901	220.967	67.998	115.624	1.328	10.954	61.987	2.53	14.956	24.749	29.434	油层	长4+5!1^(2_2)
耿166	2453.250	11.149	88.851	27.668	222.465	71.222	116.004	1.373	11.099	62.737	2.522	15.655	24.826	28.102	油层	长4+5!1^(2_2)
耿166	2453.375	13.021	86.979	26.627	224.167	75.855	116.305	1.444	11.264	63.193	2.513	16.509	24.915	27.017	油层	长4+5!1^(2_2)
耿166	2453.500	14.546	85.454	25.618	225.85	79.337	116.524	1.52	11.428	63.586	2.508	17.389	25.01	26.044	油层	长4+5!1^(2_2)
耿166	2453.625	15.836	84.164	24.625	227.386	82.116	116.673	1.577	11.576	64.219	2.512	18.069	25.101	24.98	油层	长4+5!1^(2_2)
耿166	2453.750	16.182	83.818	23.883	228.589	82.663	116.759	1.617	11.693	64.839	2.52	18.288	25.184	24.094	油层	长4+5!1^(2_2)
耿166	2453.875	16.364	83.636	23.421	229.543	82.878	116.798	1.66	11.786	65.122	2.52	18.318	25.258	23.569	油层	长4+5!1^(2_2)
耿166	2454.000	16.064	83.936	23.077	230.246	82.016	116.817	1.692	11.854	65.321	2.515	18.309	25.316	23.198	油层	长4+5!1^(2_2)
耿166	2454.125	15.443	84.557	22.878	230.698	80.438	116.841	1.708	11.898	65.546	2.511	18.628	25.359	22.896	油层	长4+5!1^(2_2)
耿166	2454.250	14.107	85.893	22.944	230.919	77.116	116.897	1.723	11.919	65.512	2.505	19.063	25.379	22.851	油层	长4+5!1^(2_2)
耿166	2454.375	12.938	87.062	23.265	231.0	74.115	117.011	1.748	11.927	65.145	2.498	19.674	25.374	23.083	油层	长4+5!1^(2_2)
耿166	2454.500	11.758	88.242	23.749	230.936	70.998	117.197	1.777	11.921	64.54	2.496	20.104	25.367	23.538	油层	长4+5!1^(2_2)
耿166	2454.625	10.797	89.203	24.161	230.611	68.426	117.462	1.788	11.889	63.973	2.497	20.201	25.413	24.065	油层	长4+5!1^(2_2)
耿166	2454.750	10.435	89.565	24.262	230.335	67.468	117.817	1.781	11.863	63.78	2.497	19.844	25.548	24.303	油层	长4+5!1^(2_2)
耿166	2454.875	10.821	89.179	23.996	230.21	68.583	118.271	1.762	11.851	63.97	2.497	19.476	25.786	24.201	油层	长4+5!1^(2_2)
耿166	2455.000	11.202	88.798	23.136	229.75	69.743	118.83	1.686	11.806	64.862	2.497	19.039	26.147	23.69	油层	长4+5!1^(2_2)
耿166	2455.125	11.665	88.335	21.587	228.714	71.242	119.498	1.507	11.705	67.326	2.489	18.734	26.624	22.307	油层	长4+5!1^(2_2)
耿166	2455.250	11.912	88.088	19.758	227.619	72.155	120.285	1.311	11.599	70.758	2.428	18.631	27.207	20.509	油层	长4+5!1^(2_2)
耿166	2455.375	12.575	87.425	17.754	227.887	73.858	121.202	1.207	11.625	74.095	2.309	18.644	27.89	18.633		长4+5!1^(2_2)
耿166	2455.500	13.773	86.227	15.462	234.049	75.575	122.265	1.445	12.223	75.621	2.159	18.782	28.566	16.437		长4+5!1^(2_2)
耿166	2455.625	16.849	83.151	13.275	248.983	79.662	123.478	2.434	13.671	74.542	2.003	19.952	29.095	14.002		长4+5!1^(2_2)
耿166	2455.750	21.725	78.275	11.787	271.984	86.575	124.83	4.079	15.225	72.964	1.862	23.366	29.419	12.186		长4+5!1^(2_2)
耿166	2455.875	41.761	58.239	10.976	298.53	95.657	126.298	0.01	0.1	99.9	1.79	30.519	29.51	11.188		长4+5!1^(2_2)
耿166	2456.000	50.438	49.562	10.581	320.567	103.151	127.848	0.01	0.1	99.9	1.785	40.677	29.346	10.657		长4+5!1^(2_2)
耿166	2456.125	58.323	41.677	10.549	331.814	109.316	129.428	0.01	0.1	99.9	1.82	50.053	28.952	10.466		长4+5!1^(2_2)
耿166	2456.250	64.339	35.661	10.922	330.194	113.671	130.978	0.01	0.1	99.9	1.885	56.491	28.349	10.672		长4+5!1^(2_2)
耿166	2456.375	68.189	31.811	11.703	318.836	116.321	132.427	0.01	0.1	99.9	1.974	60.93	27.588	11.297		长4+5!1^(2_2)
耿166	2456.500	65.944	34.056	12.946	301.573	114.789	133.701	0.01	0.1	99.9	2.073	61.863	26.809	12.31		长4+5!1^(2_2)
耿166	2456.625	60.354	39.646	14.602	284.445	110.817	134.733	0.01	0.1	99.9	2.188	58.095	26.121	13.898		长4+5!1^(2_2)
耿166	2456.750	52.07	47.93	16.24	269.594	104.473	135.48	0.01	0.1	99.9	2.299	52.541	25.542	15.656		长4+5!1^(2_2)
耿166	2456.875	42.801	57.199	17.693	257.122	96.6	135.914	0.01	0.1	99.9	2.384	47.04	25.096	17.115		长4+5!1^(2_2)
耿166	2457.000	33.757	66.243	19.36	247.81	87.934	136.031	0.01	0.1	99.9	2.44	40.149	24.784	18.557		长4+5!1^(2_2)
耿166	2457.125	28.143	71.857	21.186	241.8	81.945	135.844	0.01	0.1	99.9	2.471	32.591	24.58	20.561		长4+5!1^(2_2)
耿166	2457.250	25.606	74.394	22.333	238.804	79.058	135.389	0.01	0.1	99.9	2.474	26.89	24.493	22.122		长4+5!1^(2_2)
耿166	2457.375	25.009	74.991	22.585	238.521	78.36	134.722	0.01	0.1	99.9	2.473	23.618	24.487	22.649		长4+5!1^(2_2)
耿166	2457.500	25.549	74.451	22.185	240.173	78.991	133.915	0.01	0.1	99.9	2.473	22.306	24.49	22.488		长4+5!1^(2_2)
耿166	2457.625	26.744	73.256	21.382	240.683	80.368	133.043	0.01	0.1	99.9	2.471	21.925	24.495	21.732		长4+5!1^(2_2)
耿166	2457.750	28.475	71.525	20.537	240.387	82.314	132.183	0.01	0.1	99.9	2.466	21.917	24.505	20.859		长4+5!1^(2_2)
耿166	2457.875	31.144	68.856	19.725	239.684	85.212	131.398	0.01	0.1	99.9	2.437	21.933	24.515	20.055		长4+5!1^(2_2)
耿166	2458.000	36.253	63.747	18.917	240.766	90.437	130.753	0.01	0.1	99.9	2.409	21.98	24.522	19.23		长4+5!1^(2_2)
耿166	2458.125	44.24	55.76	18.305	244.115	97.883	130.301	0.01	0.1	99.9	2.399	21.98	24.518	18.45		长4+5!1^(2_2)
耿166	2458.250	54.308	45.692	18.133	249.52	106.245	130.081	0.01	0.1	99.9	2.431	22.684	24.493	18.088		长4+5!1^(2_2)
耿166	2458.375	65.055	34.945	18.464	254.414	114.172	130.103	0.01	0.1	99.9	2.486	24.359	24.453	18.201		长4+5!1^(2_2)
耿166	2458.500	74.682	25.318	19.357	256.394	120.57	130.35	0.01	0.1	99.9	2.572	26.272	24.406	18.859		长4+5!1^(2_2)
耿166	2458.625	79.606	20.394	20.574	253.213	123.624	130.785	0.01	0.1	99.9	2.657	27.431	24.35	20.103	油层	长4+5!1^(2_2)
耿166	2458.750	76.516	23.484	21.63	245.538	121.723	131.351	0.01	0.1	99.9	2.711	27.595	24.288	21.279	油层	长4+5!1^(2_2)
耿166	2458.875	66.62	33.38	22.494	236.302	115.253	131.97	0.01	0.1	99.9	2.7	26.478	24.224	22.155	油层	长4+5!1^(2_2)
耿166	2459.000	53.156	46.844	23.398	228.606	105.339	132.55	0.01	0.1	99.9	2.655	23.982	24.164	23.001	油层	长4+5!1^(2_2)
耿166	2459.125	20.961	79.039	24.293	225.069	93.935	133.004	1.345	11.352	66.623	2.604	20.955	24.117	23.991	油层	长4+5!1^(2_2)
耿166	2459.250	16.289	83.711	24.815	225.654	83.569	133.263	1.43	11.409	65.325	2.556	18.664	24.082	24.745	油层	长4+5!1^(2_2)
耿166	2459.375	13.804	86.196	24.795	229.284	76.718	133.286	1.732	11.761	63.447	2.521	17.211	24.055	24.92	油层	长4+5!1^(2_2)
耿166	2459.500	12.903	87.097	24.348	232.684	73.647	133.066	2.024	12.09	62.374	2.507	16.484	24.046	24.608	油层	长4+5!1^(2_2)
耿166	2459.625	12.919	87.081	23.691	235.315	73.101	132.624	2.238	12.346	62.109	2.506	16.319	24.054	23.959	油层	长4+5!1^(2_2)
耿166	2459.750	13.765	86.235	23.048	236.674	74.97	132.017	2.321	12.477	62.434	2.508	16.431	24.054	23.289	油层	长4+5!1^(2_2)
耿166	2459.875	14.785	85.215	22.386	236.499	77.549	131.321	2.242	12.46	63.328	2.51	16.559	24.034	22.687	油层	长4+5!1^(2_2)
耿166	2460.000	15.886	84.114	21.475	235.472	80.43	130.618	2.065	12.361	64.842	2.508	16.677	24.012	21.936	油层	长4+5!1^(2_2)
耿166	2460.125	16.726	83.274	20.292	234.497	82.612	129.99	1.867	12.266	67.046	2.505	16.744	24.001	20.785	油层	长4+5!1^(2_2)
耿166	2460.250	17.897	82.103	19.145	233.543	85.485	129.507	1.677	12.174	69.567	2.505	16.751	24.013	19.555	油层	长4+5!1^(2_2)
耿166	2460.375	18.996	81.004	18.182	233.147	87.989	129.218	1.559	12.135	71.652	2.504	16.786	24.029	18.531	油层	长4+5!1^(2_2)
耿166	2460.500	19.926	80.074	17.348	233.499	89.898	129.156	1.511	12.169	73.228	2.508	16.955	24.033	17.659	油层	长4+5!1^(2_2)
耿166	2460.625	20.479	79.521	16.632	233.846	90.978	129.347	1.47	12.203	74.717	2.523	17.174	24.03	16.883	油层	长4+5!1^(2_2)
耿166	2460.750	21.308	78.692	16.049	234.893	92.451	129.795	1.488	12.305	75.61	2.545	17.313	24.049	16.257	油层	长4+5!1^(2_2)
耿166	2460.875	23.346	76.654	15.518	237.091	96.002	130.498	1.599	12.518	75.745	2.565	17.306	24.09	15.737		长4+5!1^(2_2)
耿166	2461.000	48.259	51.741	14.95	240.73	101.345	131.448	0.01	0.1	99.9	2.571	17.785	24.128	15.192		长4+5!1^(2_2)
耿166	2461.125	57.324	42.676	14.4	245.396	108.564	132.618	0.01	0.1	99.9	2.572	19.703	24.145	14.588		长4+5!1^(2_2)
耿166	2461.250	66.481	33.519	14.035	250.663	115.158	133.971	0.01	0.1	99.9	2.575	22.878	24.143	14.12		长4+5!1^(2_2)
耿166	2461.375	74.561	25.439	13.873	254.164	120.493	135.458	0.01	0.1	99.9	2.579	26.426	24.155	13.908		长4+5!1^(2_2)
耿166	2461.500	77.165	22.835	13.715	254.406	122.127	137.012	0.01	0.1	99.9	2.584	29.586	24.211	13.82		长4+5!1^(2_2)
耿166	2461.625	73.304	26.696	13.4	250.767	119.689	138.564	0.01	0.1	99.9	2.601	31.531	24.298	13.557		长4+5!1^(2_3)
耿166	2461.750	63.91	36.09	13.017	244.155	113.37	140.043	0.01	0.1	99.9	2.613	31.171	24.411	13.165		长4+5!1^(2_3)
耿166	2461.875	55.019	44.981	12.623	237.097	106.8	141.392	0.01	0.1	99.9	2.611	28.899	24.558	12.796		长4+5!1^(2_3)
耿166	2462.000	51.795	48.205	12.088	233.01	104.252	142.578	0.01	0.1	99.9	2.591	25.87	24.724	12.364		长4+5!1^(2_3)
耿166	2462.125	55.282	44.718	11.378	233.714	107.003	143.597	0.01	0.1	99.9	2.541	23.441	24.896	11.674		长4+5!1^(2_3)
耿166	2462.250	65.776	34.224	10.676	239.27	114.673	144.457	0.01	0.1	99.9	2.45	22.734	25.046	10.935		长4+5!1^(2_3)
耿166	2462.375	81.646	18.354	10.082	248.678	124.851	145.178	0.01	0.1	99.9	2.358	24.598	25.143	10.289		长4+5!1^(2_3)
耿166	2462.500	99.9	0.1	9.623	258.714	136.714	145.805	0.01	0.1	99.9	2.322	28.446	25.177	9.771		长4+5!1^(2_3)
耿166	2462.625	99.9	0.1	9.321	267.186	146.446	146.375	0.01	0.1	99.9	2.33	32.314	25.146	9.402		长4+5!1^(2_3)
耿166	2462.750	99.9	0.1	9.187	272.993	152.445	146.926	0.01	0.1	99.9	2.379	35.488	25.048	9.201		长4+5!1^(2_3)
耿166	2462.875	99.9	0.1	9.191	275.958	155.154	147.477	0.01	0.1	99.9	2.456	37.318	24.91	9.167		长4+5!1^(2_3)
耿166	2463.000	99.9	0.1	9.294	275.342	156.376	148.028	0.01	0.1	99.9	2.55	37.799	24.764	9.227		长4+5!1^(2_3)
耿166	2463.125	99.9	0.1	9.49	271.882	155.261	148.57	0.01	0.1	99.9	2.606	36.616	24.628	9.394		长4+5!1^(2_3)
耿166	2463.250	99.9	0.1	9.713	265.512	150.665	149.095	0.01	0.1	99.9	2.629	34.501	24.515	9.634		长4+5!1^(2_3)
耿166	2463.375	99.9	0.1	9.89	256.662	143.611	149.59	0.01	0.1	99.9	2.639	31.836	24.439	9.831		长4+5!1^(2_3)
耿166	2463.500	99.9	0.1	10.048	247.206	135.495	150.039	0.01	0.1	99.9	2.664	29.057	24.39	9.978		长4+5!1^(2_3)
耿166	2463.625	87.814	12.186	10.212	240.449	128.432	150.432	0.01	0.1	99.9	2.662	25.837	24.37	10.154		长4+5!1^(2_3)
耿166	2463.750	80.799	19.201	10.342	237.655	124.344	150.761	0.01	0.1	99.9	2.627	23.203	24.365	10.3		长4+5!1^(2_3)
耿166	2463.875	82.43	17.57	10.443	239.144	125.317	151.021	0.01	0.1	99.9	2.596	22.416	24.351	10.404		长4+5!1^(2_3)
耿166	2464.000	90.042	9.958	10.562	244.399	129.681	151.214	0.01	0.1	99.9	2.583	23.691	24.312	10.501		长4+5!1^(2_3)
耿166	2464.125	98.711	1.289	10.736	249.538	134.334	151.333	0.01	0.1	99.9	2.576	25.825	24.253	10.655		长4+5!1^(2_3)
耿166	2464.250	99.9	0.1	10.926	251.115	135.138	151.368	0.01	0.1	99.9	2.585	26.594	24.174	10.856		长4+5!1^(2_3)
耿166	2464.375	93.124	6.876	11.088	248.722	131.372	151.328	0.01	0.1	99.9	2.611	26.174	24.079	11.03		长4+5!1^(2_3)
耿166	2464.500	78.379	21.621	11.265	242.749	122.875	151.215	0.01	0.1	99.9	2.63	24.784	23.973	11.176		长4+5!1^(2_3)
耿166	2464.625	63.542	36.458	11.51	234.421	113.11	151.035	0.01	0.1	99.9	2.631	22.427	23.868	11.399		长4+5!1^(2_3)
耿166	2464.750	53.143	46.857	11.779	227.218	105.329	150.797	0.01	0.1	99.9	2.623	19.524	23.778	11.677		长4+5!1^(2_3)
耿166	2464.875	50.12	49.88	12.033	222.272	102.89	150.516	0.01	0.1	99.9	2.613	17.949	23.716	11.933		长4+5!1^(2_3)
耿166	2465.000	51.563	48.437	12.283	219.371	104.065	150.22	0.01	0.1	99.9	2.606	17.515	23.687	12.182		长4+5!1^(2_3)
耿166	2465.125	55.539	44.461	12.517	218.583	107.201	149.932	0.01	0.1	99.9	2.605	17.431	23.684	12.436		长4+5!1^(2_3)
耿166	2465.250	59.018	40.982	12.69	219.206	109.833	149.669	0.01	0.1	99.9	2.609	17.174	23.7	12.639		长4+5!1^(2_3)
耿166	2465.375	60.99	39.01	12.8	219.94	111.281	149.438	0.01	0.1	99.9	2.616	17.026	23.734	12.766		长4+5!1^(2_3)
耿166	2465.500	59.174	40.826	12.871	221.241	109.949	149.247	0.01	0.1	99.9	2.619	16.976	23.781	12.852		长4+5!1^(2_3)
耿166	2465.625	56.433	43.567	12.911	222.707	107.887	149.105	0.01	0.1	99.9	2.619	16.908	23.834	12.901		长4+5!1^(2_3)
耿166	2465.750	55.486	44.514	12.938	223.887	107.161	149.018	0.01	0.1	99.9	2.618	17.146	23.89	12.926		长4+5!1^(2_3)
耿166	2465.875	56.484	43.516	12.985	224.773	107.926	148.983	0.01	0.1	99.9	2.615	17.784	23.935	12.955		长4+5!1^(2_3)
耿166	2466.000	58.006	41.994	13.101	225.301	109.078	148.992	0.01	0.1	99.9	2.611	18.335	23.968	13.03		长4+5!2^(1_1)
耿166	2466.125	59.99	40.01	13.306	225.666	110.55	149.038	0.01	0.1	99.9	2.61	18.682	23.999	13.208		长4+5!2^(1_1)
耿166	2466.250	63.66	36.34	13.558	226.183	113.194	149.122	0.01	0.1	99.9	2.615	18.945	24.027	13.454		长4+5!2^(1_1)
耿166	2466.375	67.254	32.746	13.822	226.94	115.687	149.244	0.01	0.1	99.9	2.618	19.047	24.052	13.714		长4+5!2^(1_1)
耿166	2466.500	71.596	28.404	14.1	227.59	118.583	149.397	0.01	0.1	99.9	2.618	18.846	24.07	13.985		长4+5!2^(1_1)
耿166	2466.625	74.809	25.191	14.375	228.05	120.65	149.568	0.01	0.1	99.9	2.621	18.557	24.084	14.273		长4+5!2^(1_1)
耿166	2466.750	77.658	22.342	14.598	227.962	122.432	149.74	0.01	0.1	99.9	2.625	18.277	24.094	14.529		长4+5!2^(1_1)
耿166	2466.875	77.608	22.392	14.754	227.587	122.401	149.901	0.01	0.1	99.9	2.626	17.934	24.109	14.702		长4+5!2^(1_1)
耿166	2467.000	75.713	24.287	14.896	227.111	121.22	150.037	0.01	0.1	99.9	2.627	17.745	24.126	14.832		长4+5!2^(1_1)
耿166	2467.125	72.804	27.196	15.057	226.915	119.367	150.13	0.01	0.1	99.9	2.624	18.019	24.135	14.991		长4+5!2^(1_1)
耿166	2467.250	70.677	29.323	15.211	227.085	117.98	150.165	0.01	0.1	99.9	2.618	18.451	24.138	15.156		长4+5!2^(1_1)
耿166	2467.375	69.832	30.168	15.361	227.625	117.421	150.133	0.01	0.1	99.9	2.613	18.718	24.14	15.292		长4+5!2^(1_1)
耿166	2467.500	68.94	31.06	15.585	228.496	116.826	150.029	0.01	0.1	99.9	2.613	18.805	24.143	15.464		长4+5!2^(1_1)
耿166	2467.625	71.465	28.535	15.939	229.617	118.497	149.864	0.01	0.1	99.9	2.616	18.729	24.152	15.767		长4+5!2^(1_1)
耿166	2467.750	73.603	26.397	16.397	230.789	119.881	149.654	0.01	0.1	99.9	2.618	18.552	24.157	16.195		长4+5!2^(1_1)
耿166	2467.875	74.648	25.352	16.967	232.225	120.548	149.407	0.01	0.1	99.9	2.619	18.601	24.156	16.698		长4+5!2^(1_1)
耿166	2468.000	74.938	25.062	17.769	233.459	120.731	149.135	0.01	0.1	99.9	2.621	19.168	24.154	17.369		长4+5!2^(1_1)
耿166	2468.125	73.445	26.555	18.824	233.881	119.78	148.843	0.01	0.1	99.9	2.615	20.048	24.15	18.368		长4+5!2^(1_1)
耿166	2468.250	66.0	34.0	19.868	232.748	114.827	148.531	0.01	0.1	99.9	2.606	20.897	24.145	19.506		长4+5!2^(1_1)
耿166	2468.375	55.479	44.521	20.703	229.525	107.156	148.194	0.01	0.1	99.9	2.599	20.953	24.138	20.411		长4+5!2^(1_1)
耿166	2468.500	44.823	55.177	21.454	224.23	98.397	147.821	0.01	0.1	99.9	2.592	19.962	24.125	21.142		长4+5!2^(1_1)
耿166	2468.625	35.489	64.511	22.189	218.299	89.681	147.393	0.01	0.1	99.9	2.583	18.092	24.109	21.921		长4+5!2^(1_1)
耿166	2468.750	30.2	69.8	22.768	213.11	84.201	146.902	0.01	0.1	99.9	2.576	15.842	24.092	22.591		长4+5!2^(1_1)
耿166	2468.875	28.637	71.363	23.204	210.016	82.494	146.348	0.01	0.1	99.9	2.58	13.653	24.075	23.034		长4+5!2^(1_1)
耿166	2469.000	31.636	68.364	23.696	210.126	85.733	145.74	0.01	0.1	99.9	2.589	12.404	24.06	23.458		长4+5!2^(1_1)
耿166	2469.125	38.579	61.421	24.311	212.725	92.69	145.095	0.01	0.1	99.9	2.596	12.618	24.055	24.053		长4+5!2^(1_1)
耿166	2469.250	49.519	50.481	24.857	216.865	102.395	144.437	0.01	0.1	99.9	2.594	13.855	24.064	24.698		长4+5!2^(1_1)
耿166	2469.375	58.223	41.777	25.209	221.362	109.241	143.78	0.01	0.1	99.9	2.586	15.758	24.086	25.094		长4+5!2^(1_1)
耿166	2469.500	62.035	37.965	25.523	225.088	112.036	143.14	0.01	0.1	99.9	2.565	17.916	24.114	25.381		长4+5!2^(1_1)
耿166	2469.625	61.568	38.432	25.897	227.763	111.699	142.521	0.01	0.1	99.9	2.539	19.57	24.144	25.736		长4+5!2^(1_1)
耿166	2469.750	60.185	39.815	26.228	229.719	110.694	141.915	0.01	0.1	99.9	2.523	20.282	24.177	26.137		长4+5!2^(1_1)
耿166	2469.875	57.779	42.221	26.435	231.281	108.907	141.313	0.01	0.1	99.9	2.503	20.557	24.216	26.364		长4+5!2^(1_1)
耿166	2470.000	68.285	31.715	26.662	234.467	108.345	140.705	0.01	0.1	99.9	2.474	20.597	24.246	26.542		长4+5!2^(1_1)
耿166	2470.125	70.51	29.49	27.075	239.054	109.673	140.073	0.01	0.1	99.9	2.442	20.851	24.257	26.843		长4+5!2^(1_1)
耿166	2470.250	71.634	28.366	27.764	244.95	110.333	139.405	0.01	0.1	99.9	2.418	22.026	24.248	27.423		长4+5!2^(1_1)
耿166	2470.375	68.861	31.139	28.746	250.695	108.692	138.697	0.01	0.1	99.9	2.399	24.223	24.22	28.276		长4+5!2^(1_1)
耿166	2470.500	61.749	38.251	30.295	253.19	104.269	137.952	0.01	0.1	99.9	2.411	26.632	24.178	29.449		长4+5!2^(1_1)
耿166	2470.625	51.923	48.077	32.387	250.82	97.581	137.172	0.01	0.1	99.9	2.45	28.06	24.128	31.56		长4+5!2^(1_1)
耿166	2470.750	39.635	60.365	34.158	244.452	88.038	136.361	0.01	0.1	99.9	2.498	27.693	24.069	33.626		长4+5!2^(1_1)
耿166	2470.875	16.424	83.576	35.494	235.434	77.313	135.518	3.284	12.357	51.379	2.534	25.654	24.006	34.955		长4+5!2^(1_1)
耿166	2471.000	11.218	88.782	37.002	226.692	67.263	134.645	2.212	11.509	53.536	2.558	22.703	23.937	36.3		长4+5!2^(1_1)
耿166	2471.125	7.853	92.147	38.744	221.163	59.527	133.762	1.734	10.973	54.437	2.554	19.781	23.866	38.053		长4+5!2^(1_1)
耿166	2471.250	6.021	93.979	40.155	217.854	54.862	132.879	1.513	10.652	54.595	2.535	17.653	23.789	39.779		长4+5!2^(1_1)
耿166	2471.375	5.606	94.394	40.875	216.085	53.953	131.99	1.403	10.48	54.705	2.524	16.564	23.7	40.719		长4+5!2^(1_1)
耿166	2471.500	5.892	94.108	41.256	214.183	55.206	131.113	1.271	10.296	55.268	2.529	15.99	23.601	41.108		长4+5!2^(1_1)
耿166	2471.625	6.419	93.581	41.682	211.681	57.288	130.269	1.109	10.053	56.14	2.546	15.27	23.478	41.478		长4+5!2^(1_1)
耿166	2471.750	6.863	93.137	42.154	209.281	59.073	129.483	0.01	9.82	56.913	2.576	14.309	23.326	41.987		长4+5!2^(1_1)
耿166	2471.875	7.619	92.381	42.476	208.771	61.345	128.772	0.01	9.771	56.875	2.589	13.715	23.157	42.404		长4+5!2^(1_1)
耿166	2472.000	8.598	91.402	42.572	210.95	63.623	128.139	0.01	9.982	55.738	2.581	14.276	22.996	42.584		长4+5!2^(1_1)
耿166	2472.125	9.843	90.157	42.422	215.766	65.965	127.574	1.44	10.449	53.646	2.558	15.99	22.859	42.555		长4+5!2^(1_1)
耿166	2472.250	10.857	89.143	42.027	222.478	67.209	127.092	2.065	11.1	51.179	2.525	18.088	22.756	42.222		长4+5!2^(1_1)
耿166	2472.375	11.555	88.445	41.567	229.615	67.505	126.711	2.95	11.793	48.914	2.484	20.167	22.692	41.735		长4+5!2^(1_1)
耿166	2472.500	11.782	88.218	41.139	235.858	66.81	126.421	3.961	12.398	47.126	2.458	21.754	22.673	41.316		长4+5!2^(1_1)
耿166	2472.625	11.609	88.391	40.709	240.363	65.492	126.219	4.838	12.835	46.016	2.444	22.245	22.711	40.873		长4+5!2^(1_1)
耿166	2472.750	11.54	88.46	40.145	242.912	64.814	126.106	5.38	13.083	45.509	2.437	21.702	22.802	40.464		长4+5!2^(1_1)
耿166	2472.875	12.498	87.502	39.211	243.717	66.953	126.09	5.469	13.161	45.733	2.434	21.065	22.919	39.668		长4+5!2^(1_1)
耿166	2473.000	16.121	83.879	38.197	243.698	75.028	126.193	5.307	13.159	46.412	2.448	20.818	23.031	38.526		长4+5!2^(1_1)
耿166	2473.125	37.823	62.177	37.682	243.513	86.497	126.42	0.01	0.1	99.9	2.48	21.201	23.125	37.705		长4+5!2^(1_1)
耿166	2473.250	54.491	45.509	37.995	243.228	99.4	126.746	0.01	0.1	99.9	2.522	22.235	23.188	37.647		长4+5!2^(1_2)
耿166	2473.375	68.556	31.444	39.262	242.494	108.508	127.144	0.01	0.1	99.9	2.556	23.683	23.216	38.516		长4+5!2^(1_2)
耿166	2473.500	73.395	26.605	41.414	240.519	111.354	127.58	0.01	0.1	99.9	2.576	24.535	23.206	40.38		长4+5!2^(1_2)
耿166	2473.625	62.859	37.141	44.084	237.338	104.98	128.006	0.01	0.1	99.9	2.583	24.069	23.162	42.961		长4+5!2^(1_2)
耿166	2473.750	45.84	54.16	46.735	233.823	93.042	128.367	0.01	0.1	99.9	2.572	22.417	23.093	45.765	油层	长4+5!2^(1_2)
耿166	2473.875	30.891	69.109	49.318	231.227	80.212	128.609	0.01	0.1	99.9	2.538	20.322	23.015	48.187	油层	长4+5!2^(1_2)
耿166	2474.000	13.56	86.44	52.531	230.91	71.974	128.683	3.846	11.918	43.85	2.508	18.485	22.943	51.011	油层	长4+5!2^(1_2)
耿166	2474.125	12.312	87.688	56.279	232.832	68.686	128.558	4.541	12.105	41.753	2.487	17.672	22.886	54.808	油层	长4+5!2^(1_2)
耿166	2474.250	12.764	87.236	59.32	236.009	69.116	128.228	5.647	12.413	39.571	2.475	18.075	22.853	58.482	油层	长4+5!2^(1_2)
耿166	2474.375	13.355	86.645	61.357	239.091	69.872	127.712	6.761	12.712	38.108	2.466	19.379	22.837	60.575	油层	长4+5!2^(1_2)
耿166	2474.500	13.438	86.562	63.294	240.914	69.697	127.043	7.591	12.889	37.074	2.462	20.702	22.831	62.527	油层	长4+5!2^(1_2)
耿166	2474.625	12.777	87.223	65.098	240.977	68.155	126.264	7.847	12.895	36.504	2.458	21.417	22.826	64.444	油层	长4+5!2^(1_2)
耿166	2474.750	11.943	88.057	66.376	239.591	66.453	125.421	7.548	12.76	36.37	2.457	21.588	22.823	66.077	油层	长4+5!2^(1_2)
耿166	2474.875	11.081	88.919	66.851	237.248	64.816	124.558	6.843	12.533	36.719	2.453	21.554	22.812	66.824	油层	长4+5!2^(1_2)
耿166	2475.000	10.951	89.049	67.089	234.963	64.95	123.713	6.144	12.311	37.258	2.446	21.436	22.782	66.891	油层	长4+5!2^(1_2)
耿166	2475.125	11.063	88.937	67.774	233.097	65.601	122.915	5.656	12.131	37.588	2.452	21.277	22.733	67.384	油层	长4+5!2^(1_2)
耿166	2475.250	10.984	89.016	68.802	231.659	65.691	122.181	5.348	11.991	37.685	2.466	21.184	22.664	68.359	油层	长4+5!2^(1_2)
耿166	2475.375	10.26	89.74	70.163	231.132	63.972	121.514	5.295	11.94	37.519	2.478	21.013	22.586	69.467	油层	长4+5!2^(1_2)
耿166	2475.500	9.165	90.835	72.075	230.917	61.16	120.916	5.37	11.919	37.112	2.485	20.528	22.503	71.206	油层	长4+5!2^(1_2)
耿166	2475.625	7.948	92.052	74.063	230.38	57.952	120.385	5.388	11.867	36.695	2.492	19.771	22.42	73.376	油层	长4+5!2^(1_2)
耿166	2475.750	6.67	93.33	75.247	229.871	54.398	119.919	5.376	11.818	36.401	2.492	18.946	22.341	75.091	油层	长4+5!2^(1_2)
耿166	2475.875	5.628	94.372	75.493	229.374	51.365	119.52	5.271	11.769	36.433	2.485	18.233	22.276	75.481	油层	长4+5!2^(1_2)
耿166	2476.000	5.065	94.935	75.598	228.974	49.695	119.189	5.168	11.731	36.527	2.478	17.819	22.222	75.512	油层	长4+5!2^(1_2)
耿166	2476.125	4.96	95.04	75.744	229.582	49.24	118.926	5.343	11.79	36.321	2.475	17.929	22.179	75.726	油层	长4+5!2^(1_2)
耿166	2476.250	4.837	95.163	75.621	230.976	48.573	118.733	5.731	11.925	35.962	2.475	18.396	22.14	75.772	油层	长4+5!2^(1_2)
耿166	2476.375	4.657	95.343	75.109	232.584	47.678	118.599	6.172	12.081	35.659	2.473	18.787	22.101	75.394	油层	长4+5!2^(1_2)
耿166	2476.500	4.655	95.345	74.049	234.248	47.337	118.525	6.628	12.242	35.429	2.476	18.948	22.066	74.683	油层	长4+5!2^(1_2)
耿166	2476.625	4.96	95.04	71.973	235.625	48.034	118.528	6.931	12.376	35.484	2.48	19.145	22.037	73.101	油层	长4+5!2^(1_2)
耿166	2476.750	5.429	94.571	69.472	236.438	49.341	118.608	6.926	12.455	35.995	2.477	19.494	22.009	70.284	油层	长4+5!2^(1_2)
耿166	2476.875	5.796	94.204	67.751	236.75	50.407	118.76	6.827	12.485	36.451	2.47	19.854	21.987	68.256	油层	长4+5!2^(1_2)
耿166	2477.000	6.163	93.837	66.325	236.618	51.544	118.982	6.659	12.472	36.824	2.464	20.074	21.985	66.996	油层	长4+5!2^(1_2)
耿166	2477.125	6.373	93.627	64.272	236.23	52.249	119.276	6.374	12.434	37.388	2.459	19.97	22.012	65.32	油层	长4+5!2^(1_2)
耿166	2477.250	6.335	93.665	61.72	235.874	52.206	119.654	6.016	12.4	38.251	2.459	19.537	22.074	62.702	油层	长4+5!2^(1_2)
耿166	2477.375	6.288	93.712	58.72	235.96	52.048	120.131	5.804	12.408	39.0	2.461	18.965	22.178	60.249	油层	长4+5!2^(1_2)
耿166	2477.500	6.422	93.578	54.017	236.701	52.3	120.692	5.631	12.48	40.101	2.463	18.445	22.31	56.431	油层	长4+5!2^(1_2)
耿166	2477.625	6.663	93.337	47.884	237.982	52.756	121.322	5.342	12.604	42.079	2.463	18.241	22.462	50.4	油层	长4+5!2^(1_2)
耿166	2477.750	6.629	93.371	42.482	239.538	52.345	122.028	5.027	12.755	44.527	2.457	18.57	22.633	44.116		长4+5!2^(1_2)
耿166	2477.875	6.667	93.333	38.489	240.939	52.179	122.81	4.866	12.891	46.326	2.471	19.151	22.814	40.034		长4+5!2^(1_2)
耿166	2478.000	7.388	92.612	34.468	242.437	53.966	123.666	4.708	13.036	48.274	2.508	19.459	22.988	36.176		长4+5!2^(1_2)
耿166	2478.125	9.448	90.552	30.465	244.282	59.239	124.594	4.512	13.215	50.812	2.55	19.752	23.141	31.91		长4+5!2^(1_2)
耿166	2478.250	12.759	87.241	27.878	246.628	66.984	125.573	4.44	13.443	53.183	2.598	20.654	23.265	28.301		长4+5!2^(1_2)
耿166	2478.375	17.623	82.377	26.901	249.183	77.023	126.59	4.777	13.691	53.374	2.643	22.393	23.368	27.245		长4+5!2^(1_2)
耿166	2478.500	38.178	61.822	26.104	250.903	86.802	127.641	0.01	0.1	99.9	2.655	24.583	23.465	26.384		长4+5!2^(1_2)
耿166	2478.625	45.531	54.469	25.533	250.713	92.802	128.695	0.01	0.1	99.9	2.626	26.508	23.559	25.684		长4+5!2^(1_2)
耿166	2478.750	45.271	54.729	25.089	248.565	92.6	129.723	0.01	0.1	99.9	2.589	27.449	23.644	25.306		长4+5!2^(1_2)
耿166	2478.875	38.698	61.302	24.628	244.92	87.245	130.695	0.01	0.1	99.9	2.552	27.165	23.733	24.764		长4+5!2^(1_2)
耿166	2479.000	31.116	68.884	24.323	240.693	80.426	131.587	0.01	0.1	99.9	2.522	25.728	23.847	24.423		长4+5!2^(1_2)
耿166	2479.125	25.331	74.669	23.982	237.233	74.66	132.375	0.01	0.1	99.9	2.499	23.735	24.014	24.172		长4+5!2^(1_2)
耿166	2479.250	22.401	77.599	23.38	234.788	71.518	133.045	0.01	0.1	99.9	2.498	22.125	24.266	23.699		长4+5!2^(1_2)
耿166	2479.375	21.474	78.526	22.407	232.934	70.489	133.597	0.01	0.1	99.9	2.506	21.278	24.616	22.902		长4+5!2^(1_2)
耿166	2479.500	22.644	77.356	20.943	231.164	71.785	134.044	0.01	0.1	99.9	2.519	20.781	25.071	21.664		长4+5!2^(1_2)
耿166	2479.625	23.798	76.202	18.954	228.682	73.035	134.414	0.01	0.1	99.9	2.482	20.054	25.647	19.864		长4+5!2^(1_2)
耿166	2479.750	23.351	76.649	16.944	225.23	72.554	134.733	0.01	0.1	99.9	2.402	18.841	26.319	17.592		长4+5!2^(1_2)
耿166	2479.875	21.531	78.469	15.352	222.038	70.553	135.033	0.01	0.1	99.9	2.3	17.308	27.014	15.973		长4+5!2^(1_2)
耿166	2480.000	20.873	79.127	13.697	221.182	69.813	135.348	0.01	0.1	99.9	2.2	15.831	27.649	14.422		长4+5!2^(1_2)
耿166	2480.125	22.408	77.592	11.927	224.222	71.526	135.715	0.01	0.1	99.9	2.093	15.426	28.148	12.61		长4+5!2^(1_2)
耿166	2480.250	25.873	74.127	10.581	233.396	75.223	136.16	0.01	0.1	99.9	2.036	17.055	28.457	10.904		长4+5!2^(1_2)
耿166	2480.375	31.317	68.683	9.981	247.968	80.617	136.695	0.01	0.1	99.9	2.022	20.936	28.535	10.098		长4+5!2^(1_2)
耿166	2480.500	37.945	62.055	9.794	264.928	86.601	137.317	0.01	0.1	99.9	2.03	27.176	28.355	9.804		长4+5!2^(1_3)
耿166	2480.625	44.529	55.471	9.826	279.923	92.018	138.018	0.01	0.1	99.9	2.088	36.21	27.928	9.779		长4+5!2^(1_3)
耿166	2480.750	49.177	50.823	10.049	287.819	95.573	138.778	0.01	0.1	99.9	2.202	46.532	27.342	9.895		长4+5!2^(1_3)
耿166	2480.875	51.471	48.529	10.429	286.331	97.255	139.569	0.01	0.1	99.9	2.334	54.237	26.703	10.281		长4+5!2^(1_3)
耿166	2481.000	50.909	49.091	10.808	276.202	96.847	140.353	0.01	0.1	99.9	2.468	56.866	26.094	10.653		长4+5!2^(1_3)
耿166	2481.125	48.089	51.911	11.186	260.747	94.76	141.092	0.01	0.1	99.9	2.592	53.857	25.564	11.042		长4+5!2^(1_3)
耿166	2481.250	44.914	55.086	11.416	246.404	92.321	141.762	0.01	0.1	99.9	2.64	45.95	25.142	11.402		长4+5!2^(1_3)
耿166	2481.375	44.663	55.337	11.395	239.752	92.123	142.36	0.01	0.1	99.9	2.575	35.873	24.847	11.439		长4+5!2^(1_3)
耿166	2481.500	49.298	50.702	11.268	242.195	95.663	142.89	0.01	0.1	99.9	2.486	28.359	24.687	11.329		长4+5!2^(1_3)
耿166	2481.625	58.198	41.802	11.172	252.084	101.935	143.363	0.01	0.1	99.9	2.413	26.808	24.628	11.176		长4+5!2^(1_3)
耿166	2481.750	69.001	30.999	11.184	263.779	108.776	143.791	0.01	0.1	99.9	2.367	29.709	24.608	11.165		长4+5!2^(1_3)
耿166	2481.875	78.987	21.013	11.246	271.435	114.485	144.191	0.01	0.1	99.9	2.359	33.109	24.593	11.212		长4+5!2^(1_3)
耿166	2482.000	83.585	16.415	11.327	271.578	116.945	144.578	0.01	0.1	99.9	2.407	35.004	24.574	11.296		长4+5!2^(1_3)
耿166	2482.125	80.758	19.242	11.464	264.946	115.444	144.958	0.01	0.1	99.9	2.45	34.922	24.548	11.373		长4+5!2^(1_3)
耿166	2482.250	75.602	24.398	11.68	256.198	112.608	145.319	0.01	0.1	99.9	2.493	32.605	24.509	11.601		长4+5!2^(1_3)
耿166	2482.375	72.522	27.478	12.002	249.003	110.85	145.633	0.01	0.1	99.9	2.53	30.158	24.462	11.799		长4+5!2^(1_3)
耿166	2482.500	69.382	30.618	12.49	244.498	109.004	145.87	0.01	0.1	99.9	2.566	29.587	24.42	12.305		长4+5!2^(1_3)
耿166	2482.625	62.747	37.253	13.001	242.247	104.909	145.995	0.01	0.1	99.9	2.594	29.985	24.397	12.768		长4+5!2^(1_3)
耿166	2482.750	52.952	47.048	14.017	240.065	98.317	145.99	0.01	0.1	99.9	2.623	29.858	24.391	13.351		长4+5!2^(1_3)
耿166	2482.875	42.975	57.025	15.297	235.361	90.782	145.848	0.01	0.1	99.9	2.63	28.571	24.39	15.014		长4+5!2^(1_3)
耿166	2483.000	33.969	66.031	16.007	229.654	83.082	145.571	0.01	0.1	99.9	2.619	25.968	24.388	15.721		长4+5!2^(1_3)
耿166	2483.125	28.01	71.99	16.627	224.683	77.398	145.171	0.01	0.1	99.9	2.588	22.7	24.387	16.435		长4+5!2^(1_3)
耿166	2483.250	25.844	74.156	16.862	221.5	75.193	144.669	0.01	0.1	99.9	2.569	20.066	24.388	16.914		长4+5!2^(1_3)
耿166	2483.375	26.989	73.011	16.671	220.651	76.369	144.103	0.01	0.1	99.9	2.565	18.769	24.375	16.784		长4+5!2^(1_3)
耿166	2483.500	30.191	69.809	16.316	221.646	79.539	143.519	0.01	0.1	99.9	2.568	18.524	24.342	16.502		长4+5!2^(1_3)
耿166	2483.625	34.962	65.038	15.86	223.283	83.98	142.962	0.01	0.1	99.9	2.571	18.924	24.292	16.039		长4+5!2^(1_3)
耿166	2483.750	40.644	59.356	15.559	224.634	88.88	142.465	0.01	0.1	99.9	2.578	19.558	24.231	15.592		长4+5!2^(1_3)
耿166	2483.875	46.302	53.698	15.525	225.552	93.399	142.048	0.01	0.1	99.9	2.586	20.043	24.171	15.511		长4+5!2^(1_3)
耿166	2484.000	51.714	48.286	15.613	225.685	97.431	141.729	0.01	0.1	99.9	2.59	20.328	24.114	15.547		长4+5!2^(1_3)
耿166	2484.125	54.787	45.213	15.789	225.426	99.606	141.515	0.01	0.1	99.9	2.589	20.477	24.064	15.713		长4+5!2^(1_3)
耿166	2484.250	53.547	46.453	15.933	224.479	98.738	141.401	0.01	0.1	99.9	2.588	20.216	24.031	15.901		长4+5!2^(1_3)
耿166	2484.375	48.865	51.135	15.967	222.609	95.341	141.375	0.01	0.1	99.9	2.585	19.492	24.014	15.982		长4+5!2^(1_3)
耿166	2484.500	44.4	55.6	15.946	220.567	91.916	141.427	0.01	0.1	99.9	2.587	18.588	24.008	15.945		长4+5!2^(1_3)
耿166	2484.625	41.605	58.395	15.946	219.105	89.672	141.552	0.01	0.1	99.9	2.593	17.551	24.005	15.948		长4+5!2^(2_1)
耿166	2484.750	41.907	58.093	15.964	218.865	89.918	141.753	0.01	0.1	99.9	2.594	16.606	24.0	15.943		长4+5!2^(2_1)
耿166	2484.875	46.613	53.387	15.978	220.57	93.637	142.034	0.01	0.1	99.9	2.589	16.4	23.993	15.997		长4+5!2^(2_1)
耿166	2485.000	56.37	43.63	15.898	224.625	100.699	142.393	0.01	0.1	99.9	2.58	17.261	23.987	15.949		长4+5!2^(2_1)
耿166	2485.125	68.153	31.847	15.747	230.834	108.265	142.834	0.01	0.1	99.9	2.561	18.784	23.984	15.822		长4+5!2^(2_1)
耿166	2485.250	78.906	21.094	15.58	238.419	114.44	143.36	0.01	0.1	99.9	2.534	21.058	23.979	15.633		长4+5!2^(2_1)
耿166	2485.375	86.891	13.109	15.48	245.669	118.654	143.956	0.01	0.1	99.9	2.535	24.077	23.97	15.5		长4+5!2^(2_1)
耿166	2485.500	90.442	9.558	15.517	250.707	120.439	144.589	0.01	0.1	99.9	2.553	26.74	23.959	15.451		长4+5!2^(2_1)
耿166	2485.625	88.568	11.432	15.721	251.934	119.504	145.214	0.01	0.1	99.9	2.588	28.002	23.956	15.615		长4+5!2^(2_1)
耿166	2485.750	83.5	16.5	15.93	249.527	116.9	145.787	0.01	0.1	99.9	2.622	27.915	23.958	15.881		长4+5!2^(2_1)
耿166	2485.875	77.299	22.701	16.102	246.024	113.556	146.278	0.01	0.1	99.9	2.648	26.603	23.955	16.003		长4+5!2^(2_1)
耿166	2486.000	70.068	29.932	16.463	244.491	109.411	146.662	0.01	0.1	99.9	2.616	24.503	23.938	16.25	干层	长4+5!2^(2_1)
耿166	2486.125	63.13	36.87	17.099	246.34	105.153	146.913	0.01	0.1	99.9	2.59	23.276	23.912	16.783	干层	长4+5!2^(2_1)
耿166	2486.250	56.113	43.887	17.842	249.808	100.523	147.016	0.01	0.1	99.9	2.573	23.648	23.892	17.572	干层	长4+5!2^(2_1)
耿166	2486.375	48.137	51.863	18.489	250.904	94.796	146.965	0.01	0.1	99.9	2.577	23.885	23.891	18.248	干层	长4+5!2^(2_1)
耿166	2486.500	23.053	76.947	19.031	247.201	87.579	146.763	3.033	13.499	64.938	2.583	22.837	23.907	18.85	干层	长4+5!2^(2_1)
耿166	2486.625	17.941	82.059	19.363	238.33	79.828	146.43	2.079	12.638	67.843	2.621	20.746	23.934	19.302	干层	长4+5!2^(2_1)
耿166	2486.750	13.706	86.294	19.504	227.166	73.053	145.963	1.215	11.555	72.883	2.629	17.805	23.976	19.455	干层	长4+5!2^(2_1)
耿166	2486.875	10.909	89.091	19.609	218.759	68.08	145.346	0.783	10.74	77.283	2.616	14.793	24.032	19.578	干层	长4+5!2^(2_1)
耿166	2487.000	9.547	90.453	19.637	215.705	65.208	144.584	0.769	10.443	78.974	2.587	13.663	24.102	19.655	干层	长4+5!2^(2_1)
耿166	2487.125	9.155	90.845	19.492	217.214	63.87	143.691	0.868	10.59	78.141	2.567	14.803	24.179	19.61	干层	长4+5!2^(2_1)
耿166	2487.250	9.282	90.718	19.163	221.355	63.38	142.694	1.046	10.991	76.298	2.552	16.594	24.25	19.316	干层	长4+5!2^(2_1)
耿166	2487.375	9.475	90.525	18.777	225.482	63.064	141.637	1.242	11.392	74.772	2.545	17.971	24.307	18.934	干层	长4+5!2^(2_1)
耿166	2487.500	9.455	90.545	18.358	227.844	62.54	140.564	1.389	11.621	74.297	2.539	18.713	24.35	18.543	干层	长4+5!2^(2_1)
耿166	2487.625	9.293	90.707	17.841	228.998	61.882	139.52	1.495	11.733	74.632	2.533	18.857	24.377	18.082	干层	长4+5!2^(2_1)
耿166	2487.750	9.415	90.585	17.274	229.633	62.078	138.588	1.516	11.794	75.571	2.534	18.696	24.397	17.48	干层	长4+5!2^(2_1)
耿166	2487.875	10.398	89.602	16.758	230.949	64.36	137.844	1.43	11.922	76.017	2.528	18.842	24.418	16.965	干层	长4+5!2^(2_1)
耿166	2488.000	12.492	87.508	16.214	233.785	68.921	137.341	1.427	12.197	75.73	2.514	19.471	24.434	16.448	干层	长4+5!2^(2_1)
耿166	2488.125	15.846	84.154	15.605	237.92	75.601	137.12	1.677	12.598	75.031	2.504	21.075	24.44	15.865	干层	长4+5!2^(2_1)
耿166	2488.250	20.459	79.541	15.156	242.845	83.78	137.196	2.017	13.076	74.249	2.52	23.213	24.44	15.214	干层	长4+5!2^(2_1)
耿166	2488.375	44.819	55.181	15.038	246.839	92.246	137.562	0.01	0.1	99.9	2.54	24.972	24.437	15.069		长4+5!2^(2_1)
耿166	2488.500	55.77	44.23	15.009	248.397	100.287	138.205	0.01	0.1	99.9	2.574	26.14	24.434	14.991		长4+5!2^(2_1)
耿166	2488.625	66.942	33.058	15.001	248.026	107.529	139.086	0.01	0.1	99.9	2.614	26.584	24.426	15.036		长4+5!2^(2_1)
耿166	2488.750	76.974	23.026	14.93	248.189	113.376	140.137	0.01	0.1	99.9	2.638	25.92	24.403	14.949		长4+5!2^(2_1)
耿166	2488.875	85.295	14.705	14.888	251.2	117.835	141.293	0.01	0.1	99.9	2.62	24.997	24.367	14.901		长4+5!2^(2_1)
耿166	2489.000	91.133	8.867	14.877	257.432	120.78	142.487	0.01	0.1	99.9	2.57	25.799	24.325	14.867		长4+5!2^(2_1)
耿166	2489.125	93.43	6.57	14.915	264.832	121.902	143.652	0.01	0.1	99.9	2.517	28.734	24.278	14.891		长4+5!2^(2_1)
耿166	2489.250	90.66	9.34	14.945	269.692	120.547	144.725	0.01	0.1	99.9	2.489	30.821	24.23	14.952		长4+5!2^(2_1)
耿166	2489.375	84.722	15.278	14.954	268.608	117.538	145.658	0.01	0.1	99.9	2.498	30.794	24.188	14.935		长4+5!2^(2_1)
耿166	2489.500	77.066	22.934	14.974	260.896	113.427	146.418	0.01	0.1	99.9	2.525	29.681	24.153	14.981		长4+5!2^(2_1)
耿166	2489.625	68.956	31.044	14.95	249.588	108.749	146.99	0.01	0.1	99.9	2.569	26.926	24.127	14.963		长4+5!2^(2_1)
耿166	2489.750	60.143	39.857	14.918	238.418	103.224	147.375	0.01	0.1	99.9	2.608	22.439	24.115	14.931		长4+5!2^(2_1)
耿166	2489.875	53.35	46.65	14.874	229.966	98.599	147.588	0.01	0.1	99.9	2.631	19.133	24.113	14.898		长4+5!2^(2_1)
耿166	2490.000	49.673	50.327	14.808	225.344	95.941	147.655	0.01	0.1	99.9	2.629	17.89	24.112	14.837		长4+5!2^(2_1)
耿166	2490.125	49.923	50.077	14.711	223.588	96.125	147.618	0.01	0.1	99.9	2.633	17.316	24.111	14.764		长4+5!2^(2_1)
耿166	2490.250	52.969	47.031	14.611	222.786	98.329	147.526	0.01	0.1	99.9	2.641	17.11	24.103	14.633		长4+5!2^(2_1)
耿166	2490.375	57.224	42.776	14.552	222.23	101.279	147.425	0.01	0.1	99.9	2.644	17.097	24.082	14.578		长4+5!2^(2_1)
耿166	2490.500	61.19	38.81	14.474	222.367	103.907	147.339	0.01	0.1	99.9	2.643	17.171	24.053	14.514		长4+5!2^(2_1)
耿166	2490.625	65.469	34.531	14.383	223.433	106.622	147.301	0.01	0.1	99.9	2.641	17.512	24.017	14.415		长4+5!2^(2_1)
耿166	2490.750	70.458	29.542	14.308	225.546	109.642	147.35	0.01	0.1	99.9	2.632	18.282	23.977	14.336		长4+5!2^(2_1)
耿166	2490.875	75.872	24.128	14.241	228.47	112.761	147.501	0.01	0.1	99.9	2.626	19.123	23.947	14.266		长4+5!2^(2_1)
耿166	2491.000	81.495	18.505	14.154	231.303	115.839	147.755	0.01	0.1	99.9	2.629	19.997	23.93	14.204		长4+5!2^(2_1)
耿166	2491.125	86.496	13.504	14.005	233.363	118.453	148.1	0.01	0.1	99.9	2.642	20.989	23.922	14.078		长4+5!2^(2_1)
耿166	2491.250	90.465	9.535	13.872	234.668	120.45	148.522	0.01	0.1	99.9	2.655	21.834	23.925	13.896		长4+5!2^(2_1)
耿166	2491.375	94.065	5.935	13.809	235.744	122.208	149.037	0.01	0.1	99.9	2.661	22.43	23.944	13.836		长4+5!2^(2_1)
耿166	2491.500	98.635	1.365	13.752	237.291	124.369	149.652	0.01	0.1	99.9	2.654	22.956	23.97	13.767		长4+5!2^(2_1)
耿166	2491.625	99.9	0.1	13.744	240.112	126.076	150.325	0.01	0.1	99.9	2.642	23.66	23.995	13.73		长4+5!2^(2_1)
耿166	2491.750	99.9	0.1	13.763	244.711	126.761	151.021	0.01	0.1	99.9	2.626	24.38	24.008	13.765		长4+5!2^(2_2)
耿166	2491.875	99.9	0.1	13.76	250.69	125.738	151.725	0.01	0.1	99.9	2.609	25.252	24.003	13.759		长4+5!2^(2_2)
耿166	2492.000	94.546	5.454	13.761	256.522	122.439	152.431	0.01	0.1	99.9	2.593	26.468	23.991	13.76		长4+5!2^(2_2)
耿166	2492.125	84.086	15.914	13.737	260.776	117.207	153.122	0.01	0.1	99.9	2.59	27.84	23.981	13.762		长4+5!2^(2_2)
耿166	2492.250	74.995	25.005	13.661	262.274	112.266	153.765	0.01	0.1	99.9	2.594	28.123	23.958	13.701		长4+5!2^(2_2)
耿166	2492.375	70.005	29.995	13.571	260.391	109.375	154.307	0.01	0.1	99.9	2.598	27.591	23.915	13.602		长4+5!2^(2_2)
耿166	2492.500	68.117	31.883	13.49	256.082	108.244	154.738	0.01	0.1	99.9	2.602	26.802	23.868	13.524		长4+5!2^(2_2)
耿166	2492.625	67.651	32.349	13.429	251.053	107.962	155.077	0.01	0.1	99.9	2.617	25.481	23.825	13.438		长4+5!2^(2_2)
耿166	2492.750	68.416	31.584	13.442	247.16	108.424	155.328	0.01	0.1	99.9	2.624	23.84	23.788	13.416		长4+5!2^(2_2)
耿166	2492.875	68.966	31.034	13.55	245.573	108.755	155.483	0.01	0.1	99.9	2.619	23.0	23.753	13.482		长4+5!2^(2_2)
耿166	2493.000	67.92	32.08	13.793	246.111	108.124	155.548	0.01	0.1	99.9	2.627	22.968	23.708	13.652		长4+5!2^(2_2)
耿166	2493.125	66.523	33.477	14.26	247.512	107.273	155.521	0.01	0.1	99.9	2.643	23.174	23.659	14.004		长4+5!2^(2_2)
耿166	2493.250	64.769	35.231	14.817	248.021	106.186	155.409	0.01	0.1	99.9	2.662	23.453	23.616	14.644		长4+5!2^(2_2)
耿166	2493.375	60.628	39.372	15.276	246.139	103.542	155.222	0.01	0.1	99.9	2.677	23.243	23.581	15.076		长4+5!2^(2_2)
耿166	2493.500	53.803	46.197	15.696	241.507	98.918	154.95	0.01	0.1	99.9	2.692	22.299	23.553	15.576		长4+5!2^(2_2)
耿166	2493.625	45.098	54.902	15.967	234.728	92.465	154.586	0.01	0.1	99.9	2.692	20.763	23.536	15.875		长4+5!2^(2_2)
耿166	2493.750	35.469	64.531	16.113	226.994	84.434	154.135	0.01	0.1	99.9	2.683	18.785	23.533	16.105		长4+5!2^(2_2)
耿166	2493.875	27.285	72.715	16.082	220.138	76.669	153.609	0.01	0.1	99.9	2.665	16.688	23.556	16.125		长4+5!2^(2_2)
耿166	2494.000	23.191	76.809	15.878	215.42	72.381	153.025	0.01	0.1	99.9	2.657	15.232	23.614	16.017		长4+5!2^(2_2)
耿166	2494.125	23.957	76.043	15.383	213.106	73.207	152.429	0.01	0.1	99.9	2.658	14.644	23.691	15.671		长4+5!2^(2_2)
耿166	2494.250	28.361	71.639	14.762	213.016	77.747	151.855	0.01	0.1	99.9	2.66	14.498	23.771	14.953		长4+5!2^(2_2)
耿166	2494.375	35.269	64.731	14.278	214.514	84.255	151.332	0.01	0.1	99.9	2.659	14.521	23.849	14.476		长4+5!2^(2_2)
耿166	2494.500	43.622	56.378	13.77	216.956	91.3	150.89	0.01	0.1	99.9	2.641	14.703	23.918	13.982		长4+5!2^(2_2)
耿166	2494.625	51.105	48.895	13.236	220.462	96.989	150.55	0.01	0.1	99.9	2.594	15.057	23.973	13.452		长4+5!2^(2_2)
耿166	2494.750	55.687	44.313	12.8	226.025	100.23	150.318	0.01	0.1	99.9	2.538	15.579	24.001	12.914		长4+5!2^(2_2)
耿166	2494.875	58.977	41.023	12.502	233.979	102.455	150.197	0.01	0.1	99.9	2.499	16.697	23.985	12.631		长4+5!2^(2_2)
耿166	2495.000	63.487	36.513	12.234	243.986	105.38	150.162	0.01	0.1	99.9	2.487	18.76	23.938	12.31		长4+5!2^(2_2)
耿166	2495.125	68.926	31.074	12.119	255.313	108.731	150.187	0.01	0.1	99.9	2.507	21.848	23.883	12.121		长4+5!2^(2_2)
耿166	2495.250	74.681	25.319	12.132	265.476	112.088	150.258	0.01	0.1	99.9	2.562	24.853	23.834	12.116		长4+5!2^(2_2)
耿166	2495.375	80.526	19.474	12.198	272.389	115.319	150.351	0.01	0.1	99.9	2.614	26.865	23.795	12.154		长4+5!2^(2_2)
耿166	2495.500	86.372	13.628	12.246	275.747	118.389	150.447	0.01	0.1	99.9	2.643	28.196	23.766	12.264		长4+5!2^(2_2)
耿166	2495.625	89.584	10.416	12.13	275.571	120.013	150.53	0.01	0.1	99.9	2.64	29.07	23.748	12.22		长4+5!2^(2_2)
耿166	2495.750	90.148	9.852	11.94	272.686	120.293	150.586	0.01	0.1	99.9	2.623	29.183	23.756	11.996		长4+5!2^(2_2)
耿166	2495.875	89.269	10.731	11.787	268.882	119.855	150.608	0.01	0.1	99.9	2.602	28.773	23.794	11.854		长4+5!2^(2_2)
耿166	2496.000	86.883	13.117	11.596	264.547	118.65	150.587	0.01	0.1	99.9	2.593	28.448	23.845	11.686		长4+5!2^(2_2)
耿166	2496.125	81.818	18.182	11.349	259.529	116.011	150.511	0.01	0.1	99.9	2.591	28.106	23.896	11.462		长4+5!2^(2_2)
耿166	2496.250	74.661	25.339	11.129	253.896	112.076	150.366	0.01	0.1	99.9	2.598	27.387	23.948	11.18		长4+5!2^(2_2)
耿166	2496.375	66.093	33.907	11.014	247.623	107.008	150.137	0.01	0.1	99.9	2.604	25.944	24.0	11.051		长4+5!2^(2_2)
耿166	2496.500	56.594	43.406	10.931	241.572	100.851	149.804	0.01	0.1	99.9	2.603	24.28	24.056	10.958		长4+5!2^(2_2)
耿166	2496.625	47.724	52.276	10.87	236.319	94.484	149.356	0.01	0.1	99.9	2.597	22.97	24.114	10.89		长4+5!2^(2_2)
耿166	2496.750	41.503	58.497	10.828	232.033	89.588	148.8	0.01	0.1	99.9	2.597	21.737	24.177	10.84		长4+5!2^(2_2)
耿166	2496.875	38.116	61.884	10.761	228.603	86.748	148.153	0.01	0.1	99.9	2.6	20.556	24.246	10.81		长4+5!2^(2_2)
耿166	2497.000	36.899	63.101	10.599	226.475	85.695	147.449	0.01	0.1	99.9	2.602	19.672	24.319	10.688		长4+5!2^(2_2)
耿166	2497.125	37.549	62.451	10.361	225.846	86.259	146.723	0.01	0.1	99.9	2.599	19.344	24.392	10.466		长4+5!2^(2_2)
耿166	2497.250	39.753	60.247	10.14	226.478	88.137	146.032	0.01	0.1	99.9	2.587	19.689	24.457	10.203		长4+5!2^(2_2)
耿166	2497.375	42.566	57.434	10.023	228.272	90.453	145.44	0.01	0.1	99.9	2.535	20.522	24.503	10.045		长4+5!2^(2_2)
耿166	2497.500	46.007	53.993	9.981	231.531	93.171	145.003	0.01	0.1	99.9	2.497	21.496	24.528	9.99		长4+5!2^(2_2)
耿166	2497.625	51.343	48.657	9.974	235.908	97.162	144.751	0.01	0.1	99.9	2.501	22.445	24.526	9.968		长4+5!2^(2_2)
耿166	2497.750	57.846	42.154	10.062	241.195	101.699	144.687	0.01	0.1	99.9	2.542	23.705	24.489	9.983		长4+5!2^(2_2)
耿166	2497.875	64.785	35.215	10.305	247.269	106.196	144.801	0.01	0.1	99.9	2.601	25.625	24.422	10.181		长4+5!2^(2_2)
耿166	2498.000	70.525	29.475	10.693	251.744	109.682	145.07	0.01	0.1	99.9	2.687	28.187	24.325	10.49		长4+5!2^(2_2)
耿166	2498.125	74.83	25.17	11.332	252.77	112.172	145.449	0.01	0.1	99.9	2.715	30.213	24.213	10.997		长4+5!2^(2_2)
耿166	2498.250	74.952	25.048	12.015	249.748	112.241	145.874	0.01	0.1	99.9	2.711	30.794	24.106	11.834		长4+5!2^(2_2)
耿166	2498.375	69.55	30.45	12.505	242.677	109.104	146.282	0.01	0.1	99.9	2.698	29.906	24.01	12.285		长4+5!2^(2_2)
耿166	2498.500	60.777	39.223	13.079	233.036	103.639	146.619	0.01	0.1	99.9	2.684	27.318	23.928	12.834		长4+5!2^(2_2)
耿166	2498.625	51.598	48.402	13.746	224.197	97.347	146.854	0.01	0.1	99.9	2.668	23.361	23.869	13.444		长4+5!2^(2_2)
耿166	2498.750	43.426	56.574	14.284	218.473	91.144	146.968	0.01	0.1	99.9	2.621	19.642	23.834	14.197		长4+5!2^(2_2)
耿166	2498.875	37.648	62.352	14.479	216.434	86.345	146.957	0.01	0.1	99.9	2.605	17.466	23.819	14.415		长4+5!2^(2_2)
耿166	2499.000	37.178	62.822	14.64	217.385	85.938	146.836	0.01	0.1	99.9	2.604	16.541	23.819	14.575		长4+5!2^(2_2)
耿166	2499.125	41.622	58.378	14.795	219.726	89.685	146.632	0.01	0.1	99.9	2.603	16.517	23.825	14.737		长4+5!2^(2_2)
耿166	2499.250	48.757	51.243	14.898	221.96	95.26	146.383	0.01	0.1	99.9	2.599	17.127	23.829	14.883		长4+5!2^(2_2)
耿166	2499.375	54.364	45.636	14.946	223.275	99.312	146.129	0.01	0.1	99.9	2.603	17.943	23.83	14.921		长4+5!2^(2_2)
耿166	2499.500	58.588	41.412	15.052	224.379	102.196	145.911	0.01	0.1	99.9	2.604	18.699	23.828	14.982		长4+5!2^(2_2)
耿166	2499.625	61.291	38.709	15.29	226.606	103.973	145.759	0.01	0.1	99.9	2.599	19.395	23.818	15.157		长4+5!2^(2_2)
耿166	2499.750	64.37	35.63	15.614	230.487	105.936	145.694	0.01	0.1	99.9	2.593	20.192	23.8	15.49		长4+5!2^(2_2)
耿166	2499.875	69.518	30.482	15.959	235.795	109.085	145.713	0.01	0.1	99.9	2.586	21.162	23.78	15.801		长4+5!2^(2_2)
耿166	2500.000	78.2	21.8	16.449	241.03	114.053	145.805	0.01	0.1	99.9	2.582	22.37	23.76	16.196		长4+5!2^(2_2)
耿166	2500.125	87.481	12.519	17.192	243.608	118.955	145.954	0.01	0.1	99.9	2.587	23.351	23.739	16.829		长4+5!2^(2_2)
耿166	2500.250	92.93	7.07	17.953	242.357	121.659	146.134	0.01	0.1	99.9	2.602	23.239	23.711	17.735		长4+5!2^(2_2)
耿166	2500.375	91.231	8.769	18.456	237.752	120.829	146.323	0.01	0.1	99.9	2.62	22.243	23.677	18.28		长4+5!2^(2_2)
耿166	2500.500	83.472	16.528	18.94	231.648	116.886	146.489	0.01	0.1	99.9	2.641	20.955	23.644	18.719		长4+5!2^(2_2)
耿166	2500.625	74.378	25.622	19.607	226.445	111.916	146.602	0.01	0.1	99.9	2.655	19.573	23.622	19.271		长4+5!2^(2_2)
耿166	2500.750	67.556	32.444	20.351	223.609	107.904	146.647	0.01	0.1	99.9	2.658	18.632	23.611	20.111		长4+5!2^(2_2)
耿166	2500.875	63.576	36.424	20.976	223.129	105.436	146.616	0.01	0.1	99.9	2.655	18.817	23.608	20.71		长4+5!2^(2_3)
耿166	2501.000	61.17	38.83	21.717	223.872	103.894	146.502	0.01	0.1	99.9	2.655	19.63	23.62	21.375		长4+5!2^(2_3)
耿166	2501.125	59.955	40.045	22.726	223.869	103.101	146.301	0.01	0.1	99.9	2.652	20.314	23.655	22.23		长4+5!2^(2_3)
耿166	2501.250	58.674	41.326	23.785	221.769	102.253	145.997	0.01	0.1	99.9	2.653	20.652	23.716	23.469		长4+5!2^(2_3)
耿166	2501.375	56.887	43.113	24.538	217.515	101.051	145.577	0.01	0.1	99.9	2.658	19.809	23.802	24.258	干层	长4+5!2^(2_3)
耿166	2501.500	54.124	45.876	25.127	211.892	99.144	145.039	0.01	0.1	99.9	2.661	17.928	23.899	24.958	干层	长4+5!2^(2_3)
耿166	2501.625	50.694	49.306	25.494	206.839	96.69	144.386	0.01	0.1	99.9	2.659	15.846	23.997	25.38	干层	长4+5!2^(2_3)
耿166	2501.750	49.62	50.38	25.521	204.509	95.902	143.619	0.01	0.1	99.9	2.652	14.099	24.095	25.665	干层	长4+5!2^(2_3)
耿166	2501.875	53.353	46.647	25.182	205.976	98.601	142.739	0.01	0.1	99.9	2.632	13.125	24.187	25.306	干层	长4+5!2^(2_3)
耿166	2502.000	60.996	39.004	24.892	211.103	103.781	141.759	0.01	0.1	99.9	2.602	13.82	24.27	24.997	干层	长4+5!2^(2_3)
耿166	2502.125	71.252	28.748	24.581	218.531	110.11	140.706	0.01	0.1	99.9	2.568	16.076	24.337	24.735	干层	长4+5!2^(2_3)
耿166	2502.250	81.963	18.037	24.271	226.21	116.088	139.619	0.01	0.1	99.9	2.536	19.053	24.381	24.352	干层	长4+5!2^(2_3)
耿166	2502.375	87.872	12.128	24.084	232.567	119.153	138.541	0.01	0.1	99.9	2.512	21.796	24.4	24.149	干层	长4+5!2^(2_3)
耿166	2502.500	86.627	13.373	23.937	236.77	118.52	137.508	0.01	0.1	99.9	2.497	23.814	24.409	23.987	干层	长4+5!2^(2_3)
耿166	2502.625	83.322	16.678	23.809	238.861	116.807	136.557	0.01	0.1	99.9	2.488	24.88	24.41	23.861	干层	长4+5!2^(2_3)
耿166	2502.750	81.291	18.709	23.74	239.429	115.729	135.727	0.01	0.1	99.9	2.486	25.176	24.401	23.731	干层	长4+5!2^(2_3)
耿166	2502.875	79.812	20.188	23.696	239.127	114.934	135.05	0.01	0.1	99.9	2.487	24.681	24.376	23.753	干层	长4+5!2^(2_3)
耿166	2503.000	75.223	24.777	23.479	238.37	112.395	134.55	0.01	0.1	99.9	2.486	24.082	24.335	23.611	干层	长4+5!2^(2_3)
耿166	2503.125	67.335	32.665	22.991	237.469	107.769	134.239	0.01	0.1	99.9	2.483	23.545	24.286	23.281	干层	长4+5!2^(2_3)
耿166	2503.250	56.111	43.889	22.284	236.214	100.521	134.122	0.01	0.1	99.9	2.484	23.204	24.24	22.557	干层	长4+5!2^(2_3)
耿166	2503.375	43.504	56.496	21.511	233.914	91.206	134.203	0.01	0.1	99.9	2.486	22.537	24.196	21.875	干层	长4+5!2^(2_3)
耿166	2503.500	33.636	66.364	20.415	230.557	82.778	134.488	0.01	0.1	99.9	2.494	21.316	24.147	20.965	干层	长4+5!2^(2_3)
耿166	2503.625	30.185	69.815	18.828	226.794	79.534	134.979	0.01	0.1	99.9	2.522	19.474	24.097	19.593	干层	长4+5!2^(2_3)
耿166	2503.750	33.789	66.211	17.265	223.972	82.918	135.674	0.01	0.1	99.9	2.557	17.433	24.052	17.682	干层	长4+5!2^(2_3)
耿166	2503.875	42.91	57.09	16.272	223.577	90.73	136.561	0.01	0.1	99.9	2.595	15.89	24.02	16.641	干层	长4+5!2^(2_3)
耿166	2504.000	56.089	43.911	15.353	226.377	100.506	137.624	0.01	0.1	99.9	2.628	15.704	24.001	15.719	干层	长4+5!2^(2_3)
耿166	2504.125	71.396	28.604	14.449	231.636	110.194	138.841	0.01	0.1	99.9	2.654	17.173	23.991	14.804		长4+5!2^(2_3)
耿166	2504.250	85.913	14.087	13.787	237.462	118.154	140.177	0.01	0.1	99.9	2.663	19.693	23.98	13.918		长4+5!2^(2_3)
耿166	2504.375	93.759	6.241	13.498	241.968	122.061	141.585	0.01	0.1	99.9	2.667	22.248	23.971	13.59		长4+5!2^(2_3)
耿166	2504.500	94.697	5.303	13.301	243.87	122.511	143.015	0.01	0.1	99.9	2.669	24.235	23.969	13.361		长4+5!2^(2_3)
耿166	2504.625	93.042	6.958	13.157	243.217	121.714	144.41	0.01	0.1	99.9	2.675	25.194	23.963	13.211		长4+5!2^(2_3)
耿166	2504.750	91.509	8.491	13.049	240.912	120.965	145.718	0.01	0.1	99.9	2.681	25.082	23.949	13.076		长4+5!2^(2_3)
耿166	2504.875	88.703	11.297	12.979	238.14	119.571	146.901	0.01	0.1	99.9	2.688	24.52	23.933	13.009		长4+5!2^(2_3)
耿166	2505.000	86.252	13.748	12.88	235.538	118.327	147.926	0.01	0.1	99.9	2.69	24.136	23.916	12.933		长4+5!2^(2_3)
耿166	2505.125	84.975	15.025	12.713	233.278	117.67	148.782	0.01	0.1	99.9	2.688	24.126	23.9	12.799		长4+5!2^(2_3)
耿166	2505.250	85.079	14.921	12.508	231.327	117.723	149.474	0.01	0.1	99.9	2.683	24.273	23.886	12.585		长4+5!2^(2_3)
耿166	2505.375	84.488	15.512	12.308	229.78	117.416	150.017	0.01	0.1	99.9	2.674	24.077	23.874	12.393		长4+5!2^(2_3)
耿166	2505.500	83.496	16.504	12.051	228.946	116.898	150.431	0.01	0.1	99.9	2.665	23.647	23.869	12.18		长4+5!2^(2_3)
耿166	2505.625	81.279	18.721	11.715	229.055	115.723	150.742	0.01	0.1	99.9	2.657	23.263	23.876	11.857		长4+5!2^(2_3)
耿166	2505.750	79.663	20.337	11.431	230.319	114.853	150.977	0.01	0.1	99.9	2.657	22.884	23.889	11.503		长4+5!2^(2_3)
耿166	2505.875	78.781	21.219	11.308	232.683	114.372	151.157	0.01	0.1	99.9	2.663	22.663	23.898	11.324		长4+5!2^(2_3)
耿166	2506.000	82.657	17.343	11.309	235.834	116.456	151.295	0.01	0.1	99.9	2.67	23.005	23.899	11.284		长4+5!2^(2_3)
耿166	2506.125	89.836	10.164	11.409	239.237	120.138	151.395	0.01	0.1	99.9	2.676	23.774	23.891	11.345		长4+5!2^(2_3)
耿166	2506.250	99.322	0.678	11.599	242.179	124.687	151.452	0.01	0.1	99.9	2.682	24.707	23.87	11.504		长4+5!2^(2_3)
耿166	2506.375	99.9	0.1	11.872	243.908	127.419	151.459	0.01	0.1	99.9	2.681	25.498	23.839	11.741		长4+5!2^(2_3)
耿166	2506.500	99.9	0.1	12.273	243.578	127.545	151.399	0.01	0.1	99.9	2.674	25.717	23.794	12.068		长4+5!2^(2_3)
耿166	2506.625	97.136	2.864	12.85	240.751	123.669	151.247	0.01	0.1	99.9	2.662	25.437	23.737	12.581		长4+5!2^(2_3)
耿166	2506.750	82.051	17.949	13.397	235.647	116.135	150.983	0.01	0.1	99.9	2.647	24.643	23.679	13.253		长4+5!2^(2_3)
耿166	2506.875	63.548	36.452	13.731	229.122	105.418	150.594	0.01	0.1	99.9	2.632	23.295	23.629	13.612		长4+5!2^(2_3)
耿166	2507.000	47.09	52.91	14.01	222.37	94.003	150.08	0.01	0.1	99.9	2.624	21.37	23.593	13.91		长4+5!2^(2_3)
耿166	2507.125	34.946	65.054	14.199	216.834	83.966	149.455	0.01	0.1	99.9	2.619	19.318	23.573	14.16		长4+5!2^(2_3)
耿166	2507.250	27.908	72.092	14.219	213.474	77.296	148.747	0.01	0.1	99.9	2.62	17.417	23.572	14.257		长4+5!2^(2_3)
耿166	2507.375	25.995	74.005	14.075	212.395	75.349	148.004	0.01	0.1	99.9	2.628	16.027	23.588	14.163		长4+5!2^(2_3)
耿166	2507.500	28.988	71.012	13.807	213.645	78.368	147.289	0.01	0.1	99.9	2.642	15.39	23.614	13.942		长4+5!2^(2_3)
耿166	2507.625	36.72	63.28	13.454	217.112	85.538	146.671	0.01	0.1	99.9	2.651	15.784	23.646	13.604		长4+5!2^(2_3)
耿166	2507.750	48.783	51.217	13.16	222.902	95.28	146.209	0.01	0.1	99.9	2.653	17.106	23.679	13.23		长4+5!2^(2_3)
耿166	2507.875	62.369	37.631	13.01	230.708	104.667	145.943	0.01	0.1	99.9	2.653	19.053	23.714	13.055		
耿166	2508.000	74.13	25.87	12.957	239.953	111.774	145.895	0.01	0.1	99.9	2.651	21.271	23.755	12.941		
耿166	2508.125	81.888	18.112	13.031	249.095	116.048	146.054	0.01	0.1	99.9	2.645	23.683	23.798	12.981		
耿166	2508.250	85.914	14.086	13.186	256.041	118.154	146.385	0.01	0.1	99.9	2.637	25.986	23.832	13.106		
耿166	2418.875--2508.250(平均)	48.13	51.87	20.631	239.349	97.32	137.309	0.851	3.553	86.968	2.495	23.855	24.39	20.631		
耿166	2418.875--2508.250(最大)	99.9	95.345	75.744	341.082	156.376	155.548	7.847	15.225	99.9	2.715	93.402	32.129	75.772		
耿166	2418.875--2508.250(最小)	4.655	0.1	6.454	181.908	47.337	107.196	0.01	0.1	35.429	1.223	7.342	21.985	6.446		
