井名	深度	GR	SP	SH	SS	RT	RT.1	AC	PERM2024	PERM	POR2024	POR	SW	SW2024	CAL	DEN	CNL	RT.2	解释结论	层位
耿203	2224.000	93.915	47.542	59.326	40.674	8.921	7.948	265.782	0.0	0.01	0.0	0.1	99.9	0.0	27.031	2.371	31.652	9.322		
耿203	2224.125	100.244	49.309	69.924	30.076	9.497	8.344	279.329	0.0	0.01	0.0	0.1	99.9	0.0	27.292	2.357	36.868	9.758		
耿203	2224.250	106.636	50.604	83.17	16.83	9.842	8.792	287.559	0.0	0.01	0.0	0.1	99.9	0.0	27.687	2.343	40.927	9.966		
耿203	2224.375	113.037	51.625	91.819	8.181	9.984	8.921	291.039	0.0	0.01	0.0	0.1	99.9	0.0	28.061	2.323	41.783	10.009		
耿203	2224.500	116.731	52.848	96.086	3.914	9.993	8.365	288.949	0.0	0.01	0.0	0.1	99.9	0.0	28.386	2.29	39.76	9.967		
耿203	2224.625	118.403	54.027	97.473	2.527	9.912	7.577	284.429	0.0	0.01	0.0	0.1	99.9	0.0	28.787	2.235	37.441	9.83		长4+5!1^(1_1)
耿203	2224.750	117.943	54.78	87.066	12.934	9.716	7.014	282.716	0.0	0.01	0.0	0.1	99.9	0.0	29.305	2.126	38.873	9.544		长4+5!1^(1_1)
耿203	2224.875	112.894	55.284	74.967	25.033	9.263	6.805	285.346	0.0	0.01	0.0	0.1	99.9	0.0	29.806	2.001	45.342	8.842		长4+5!1^(1_1)
耿203	2225.000	107.035	55.853	66.251	33.749	8.61	6.718	293.597	0.0	0.01	0.0	0.1	99.9	0.0	30.301	1.927	52.527	8.261		长4+5!1^(1_1)
耿203	2225.125	102.195	56.406	58.25	41.75	8.089	6.389	300.786	0.0	0.01	0.0	0.1	99.9	0.0	30.941	1.902	55.612	7.831		长4+5!1^(1_1)
耿203	2225.250	97.381	56.775	51.036	48.964	7.7	5.886	299.813	0.0	0.01	0.0	0.1	99.9	0.0	31.644	1.908	52.758	7.503		长4+5!1^(1_1)
耿203	2225.375	92.993	57.061	46.769	53.231	7.417	5.489	291.489	0.0	0.01	0.0	0.1	99.9	0.0	32.04	1.928	47.222	7.289		长4+5!1^(1_1)
耿203	2225.500	90.053	57.38	43.078	56.922	7.26	5.442	274.202	0.0	0.01	0.0	0.1	99.9	0.0	32.099	1.939	44.825	7.217		长4+5!1^(1_1)
耿203	2225.625	87.433	57.666	40.209	59.791	7.217	5.773	255.68	0.0	0.01	0.0	0.1	99.9	0.0	31.947	1.941	47.689	7.216		长4+5!1^(1_1)
耿203	2225.750	85.941	57.882	42.0	58.0	7.231	6.281	243.926	0.0	0.01	0.0	0.1	99.9	0.0	31.592	1.964	54.785	7.254		长4+5!1^(1_1)
耿203	2225.875	87.691	58.102	46.298	53.702	7.377	6.905	235.999	0.0	0.01	0.0	0.1	99.9	0.0	31.183	2.024	61.052	7.562		长4+5!1^(1_1)
耿203	2226.000	90.719	58.385	49.577	50.423	7.705	7.698	226.265	0.0	0.01	0.0	0.1	99.9	0.0	30.741	2.103	60.387	7.919		长4+5!1^(1_1)
耿203	2226.125	92.968	58.643	52.396	47.604	8.074	8.692	216.751	0.0	0.01	0.0	0.1	99.9	0.0	30.024	2.187	53.385	8.306		长4+5!1^(1_1)
耿203	2226.250	95.1	58.763	56.885	43.115	8.509	10.04	211.668	0.0	0.01	0.0	0.1	99.9	0.0	28.953	2.271	43.692	8.813		长4+5!1^(1_1)
耿203	2226.375	97.731	58.755	59.055	40.945	9.153	12.194	210.657	0.0	0.01	0.0	0.1	99.9	0.0	27.961	2.338	34.439	9.66		长4+5!1^(1_1)
耿203	2226.500	98.754	58.676	58.449	41.551	9.927	14.855	214.129	0.0	0.01	0.0	0.1	99.9	0.0	27.217	2.376	28.384	10.325		长4+5!1^(1_1)
耿203	2226.625	98.119	58.545	55.844	44.156	10.51	16.435	219.959	0.0	0.01	0.0	0.1	99.9	0.0	26.514	2.413	25.362	10.787		长4+5!1^(1_1)
耿203	2226.750	95.639	58.329	47.356	52.644	10.995	16.75	224.612	0.0	0.01	0.0	0.1	99.9	0.0	25.89	2.458	23.427	11.306		长4+5!1^(1_1)
耿203	2226.875	90.003	58.01	40.547	59.453	11.537	15.946	227.948	0.0	0.01	0.0	0.1	99.9	0.0	25.543	2.486	21.83	11.883		长4+5!1^(1_1)
耿203	2227.000	85.598	57.527	38.454	61.546	12.006	14.457	232.102	0.0	0.01	0.0	0.1	99.9	0.0	25.436	2.487	20.916	12.19		长4+5!1^(1_1)
耿203	2227.125	84.209	57.015	38.066	61.934	12.231	13.406	237.322	0.0	0.01	0.0	0.1	99.9	0.0	25.368	2.477	20.882	12.293		长4+5!1^(1_1)
耿203	2227.250	84.373	56.726	40.69	59.31	12.299	12.899	242.56	0.0	0.01	0.0	0.1	99.9	0.0	25.3	2.462	22.024	12.307		长4+5!1^(1_1)
耿203	2227.375	86.642	56.614	44.667	55.333	12.17	12.643	247.72	0.0	0.01	0.0	0.1	99.9	0.0	25.238	2.449	24.089	11.965		长4+5!1^(1_1)
耿203	2227.500	89.639	56.535	48.69	51.31	11.793	12.597	252.451	0.0	0.01	0.0	0.1	99.9	0.0	25.181	2.45	25.702	11.535		长4+5!1^(1_1)
耿203	2227.625	92.655	56.483	53.779	46.221	11.423	12.7	254.488	0.0	0.01	0.0	0.1	99.9	0.0	25.096	2.464	25.978	11.255		长4+5!1^(1_1)
耿203	2227.750	95.959	56.5	57.827	42.173	11.182	12.857	252.499	0.0	0.01	0.0	0.1	99.9	0.0	24.971	2.494	24.869	11.073		长4+5!1^(1_1)
耿203	2227.875	98.203	56.559	58.991	41.009	11.024	13.135	247.839	0.0	0.01	0.0	0.1	99.9	0.0	24.853	2.533	22.955	10.949		长4+5!1^(1_1)
耿203	2228.000	98.555	56.617	57.122	42.878	10.944	13.663	240.287	0.0	0.01	0.0	0.1	99.9	0.0	24.768	2.561	21.254	10.936		长4+5!1^(1_1)
耿203	2228.125	97.163	56.607	53.674	46.326	10.975	14.33	231.94	0.0	0.01	0.0	0.1	99.9	0.0	24.695	2.577	20.034	11.032		长4+5!1^(1_1)
耿203	2228.250	94.26	56.437	45.689	54.311	11.089	15.049	226.039	0.0	0.01	0.0	0.1	99.9	0.0	24.638	2.59	18.615	11.174		长4+5!1^(1_1)
耿203	2228.375	88.536	56.114	37.39	62.61	11.255	15.667	221.627	0.0	0.01	0.0	0.1	99.9	0.0	24.613	2.597	16.768	11.376		长4+5!1^(1_1)
耿203	2228.500	82.514	55.603	32.096	67.904	11.421	15.864	216.234	0.0	0.01	0.0	0.1	99.9	0.0	24.615	2.598	15.172	11.488		长4+5!1^(1_1)
耿203	2228.625	78.215	55.001	28.208	71.792	11.478	15.507	210.786	0.0	0.01	0.0	0.1	99.9	0.0	24.626	2.592	14.294	11.464		长4+5!1^(1_1)
耿203	2228.750	75.111	54.524	26.766	73.234	11.425	14.782	207.792	0.0	0.01	0.0	0.1	99.9	0.0	24.646	2.577	14.352	11.368		长4+5!1^(1_1)
耿203	2228.875	73.876	54.087	26.042	73.958	11.246	13.669	207.19	0.0	0.01	0.0	0.1	99.9	0.0	24.669	2.556	15.422	11.065		长4+5!1^(1_1)
耿203	2229.000	73.097	53.493	24.923	75.077	10.924	12.191	209.401	0.0	0.01	0.0	0.1	99.9	0.0	24.693	2.541	16.984	10.712		长4+5!1^(1_1)
耿203	2229.125	72.097	52.859	24.313	75.687	10.602	10.982	213.785	0.0	0.01	0.0	0.1	99.9	0.0	24.73	2.531	18.459	10.437		长4+5!1^(1_1)
耿203	2229.250	71.539	52.504	23.956	76.044	10.327	10.153	217.872	0.0	0.01	0.0	0.1	99.9	0.0	24.79	2.522	19.638	10.162		长4+5!1^(1_1)
耿203	2229.375	71.281	52.366	24.102	75.898	10.012	9.406	221.099	0.0	0.01	0.0	0.1	99.9	0.0	24.853	2.516	20.409	9.788		长4+5!1^(1_1)
耿203	2229.500	71.577	52.337	24.997	75.003	9.669	8.784	224.103	0.0	0.01	0.0	0.1	99.9	0.0	24.905	2.514	20.746	9.49		长4+5!1^(1_1)
耿203	2229.625	72.637	52.457	26.777	73.223	9.455	8.474	226.609	0.0	0.01	0.0	0.1	99.9	0.0	24.963	2.521	20.865	9.403		长4+5!1^(1_1)
耿203	2229.750	74.693	52.757	30.366	69.634	9.408	8.417	228.025	0.0	0.01	0.0	0.1	99.9	0.0	25.035	2.537	21.142	9.416		长4+5!1^(1_1)
耿203	2229.875	78.026	53.237	34.09	65.91	9.519	8.482	228.901	0.0	0.01	0.0	0.1	99.9	0.0	25.102	2.557	21.78	9.672		长4+5!1^(1_1)
耿203	2230.000	81.202	53.993	37.399	62.601	9.822	8.671	230.534	0.0	0.01	0.0	0.1	99.9	0.0	25.158	2.568	22.659	10.047		长4+5!1^(1_1)
耿203	2230.125	84.138	54.979	41.984	58.016	10.172	8.902	233.381	0.0	0.01	0.0	0.1	99.9	0.0	25.245	2.568	23.644	10.36		长4+5!1^(1_1)
耿203	2230.250	87.869	55.842	47.607	52.393	10.474	9.168	236.796	0.0	0.01	0.0	0.1	99.9	0.0	25.393	2.553	24.782	10.645		长4+5!1^(1_1)
耿203	2230.375	91.865	56.598	52.46	47.54	10.702	9.564	240.525	0.0	0.01	0.0	0.1	99.9	0.0	25.567	2.533	25.822	10.787		长4+5!1^(1_1)
耿203	2230.500	94.869	57.492	54.825	45.175	10.75	10.005	244.237	0.0	0.01	0.0	0.1	99.9	0.0	25.738	2.518	26.158	10.696		长4+5!1^(1_1)
耿203	2230.625	96.169	58.483	55.165	44.835	10.585	10.081	246.151	0.0	0.01	0.0	0.1	99.9	0.0	25.986	2.502	25.63	10.42		长4+5!1^(1_1)
耿203	2230.750	95.977	59.189	52.36	47.64	10.272	9.609	244.745	0.0	0.01	0.0	0.1	99.9	0.0	26.373	2.448	24.667	10.05		长4+5!1^(1_1)
耿203	2230.875	94.064	59.655	49.251	50.749	9.82	8.686	241.298	0.0	0.01	0.0	0.1	99.9	0.0	26.795	2.325	24.081	9.476		长4+5!1^(1_1)
耿203	2231.000	92.125	60.128	47.604	52.396	9.267	7.577	238.918	0.0	0.01	0.0	0.1	99.9	0.0	27.175	2.196	24.947	8.955		长4+5!1^(1_1)
耿203	2231.125	90.839	60.639	45.148	54.852	8.867	6.914	240.856	0.0	0.01	0.0	0.1	99.9	0.0	27.688	2.116	28.081	8.736		长4+5!1^(1_1)
耿203	2231.250	88.972	61.032	42.179	57.821	8.674	6.796	247.749	0.0	0.01	0.0	0.1	99.9	0.0	28.428	2.096	34.529	8.581		长4+5!1^(1_1)
耿203	2231.375	86.928	61.37	40.475	59.525	8.533	6.96	257.24	0.0	0.01	0.0	0.1	99.9	0.0	29.112	2.141	42.392	8.462		长4+5!1^(1_1)
耿203	2231.500	85.731	61.773	39.573	60.427	8.447	7.403	265.656	0.0	0.01	0.0	0.1	99.9	0.0	29.454	2.218	45.58	8.425		长4+5!1^(1_1)
耿203	2231.625	84.903	62.219	37.946	62.054	8.456	7.966	268.117	0.0	0.01	0.0	0.1	99.9	0.0	29.482	2.306	42.184	8.502		长4+5!1^(1_1)
耿203	2231.750	83.796	62.555	37.546	62.454	8.566	8.691	262.207	0.0	0.01	0.0	0.1	99.9	0.0	28.993	2.4	35.44	8.661		长4+5!1^(1_1)
耿203	2231.875	83.717	62.798	38.672	61.328	8.845	10.267	251.299	0.0	0.01	0.0	0.1	99.9	0.0	28.185	2.475	28.35	9.12		长4+5!1^(1_2)
耿203	2232.000	84.369	63.017	38.197	61.803	9.401	13.13	238.069	0.0	0.01	0.0	0.1	99.9	0.0	27.422	2.499	23.218	9.822		长4+5!1^(1_2)
耿203	2232.125	83.837	63.184	36.803	63.197	10.108	15.973	225.855	0.0	0.01	0.0	0.1	99.9	0.0	26.69	2.507	20.445	10.535		长4+5!1^(1_2)
耿203	2232.250	82.578	63.215	34.7	65.3	10.917	17.624	219.92	0.0	0.01	0.0	0.1	99.9	0.0	26.041	2.531	18.521	11.489		长4+5!1^(1_2)
耿203	2232.375	80.654	63.11	31.711	68.289	12.39	18.251	217.934	0.0	0.01	0.0	0.1	99.9	0.0	25.658	2.563	16.567	13.738		长4+5!1^(1_2)
耿203	2232.500	78.262	62.943	29.946	70.054	15.061	18.186	215.243	0.0	0.01	0.0	0.1	99.9	0.0	25.582	2.579	14.889	17.042		长4+5!1^(1_2)
耿203	2232.625	76.672	62.764	28.217	71.783	18.186	18.429	210.655	0.0	0.01	0.0	0.1	99.9	0.0	25.568	2.582	13.723	19.899		长4+5!1^(1_2)
耿203	2232.750	74.541	62.609	23.824	76.176	21.089	19.498	206.03	0.0	0.01	0.0	0.1	99.9	0.0	25.589	2.584	12.792	22.871		长4+5!1^(1_2)
耿203	2232.875	69.856	62.469	17.878	82.122	23.825	21.14	202.071	0.0	0.01	0.0	0.1	99.9	0.0	25.631	2.586	11.921	25.254		长4+5!1^(1_2)
耿203	2233.000	63.958	62.348	14.343	85.657	25.421	22.46	198.372	0.0	0.01	0.0	0.1	99.9	0.0	25.683	2.582	11.263	25.671		长4+5!1^(1_2)
耿203	2233.125	60.009	62.266	11.749	88.251	24.954	21.789	195.59	0.0	0.01	0.0	0.1	99.9	0.0	25.771	2.555	10.904	23.879		长4+5!1^(1_2)
耿203	2233.250	57.223	62.24	10.969	89.031	23.006	19.129	195.432	0.0	0.01	0.0	0.1	99.9	0.0	25.933	2.462	11.033	21.7		长4+5!1^(1_2)
耿203	2233.375	56.787	62.273	12.422	87.578	20.693	16.046	198.261	0.0	0.01	0.0	0.1	99.9	0.0	26.137	2.284	12.211	19.186		长4+5!1^(1_2)
耿203	2233.500	58.831	62.406	14.672	85.328	18.216	13.349	206.809	0.0	0.01	0.0	0.1	99.9	0.0	26.334	2.142	14.875	16.762		长4+5!1^(1_2)
耿203	2233.625	61.559	62.682	16.85	83.15	16.311	11.961	222.386	0.0	0.01	0.0	0.1	99.9	0.0	26.61	2.066	19.238	15.636		长4+5!1^(1_2)
耿203	2233.750	64.33	62.967	20.091	79.909	15.261	11.75	236.668	0.0	0.01	0.0	0.1	99.9	0.0	27.042	2.028	25.303	14.699		长4+5!1^(1_2)
耿203	2233.875	68.045	63.239	24.061	75.939	14.224	11.687	246.255	0.0	0.01	0.0	0.1	99.9	0.0	27.492	2.034	31.071	13.514		长4+5!1^(1_2)
耿203	2234.000	71.976	63.564	27.231	72.769	12.977	11.604	249.874	0.0	0.01	0.0	0.1	99.9	0.0	27.771	2.077	32.78	12.175		长4+5!1^(1_2)
耿203	2234.125	75.194	63.96	31.221	68.779	11.887	11.502	245.427	0.0	0.01	0.0	0.1	99.9	0.0	27.975	2.147	30.125	11.457		长4+5!1^(1_2)
耿203	2234.250	78.543	64.254	33.516	66.484	11.212	11.42	237.32	0.0	0.01	0.0	0.1	99.9	0.0	28.101	2.239	26.042	10.845		长4+5!1^(1_2)
耿203	2234.375	80.035	64.454	32.804	67.196	10.562	11.184	230.024	0.0	0.01	0.0	0.1	99.9	0.0	28.178	2.321	22.693	10.138		长4+5!1^(1_2)
耿203	2234.500	79.485	64.627	32.487	67.513	9.826	10.591	226.658	0.0	0.01	0.0	0.1	99.9	0.0	28.283	2.309	21.455	9.358		长4+5!1^(1_2)
耿203	2234.625	79.398	64.709	33.269	66.731	9.197	9.819	229.763	0.0	0.01	0.0	0.1	99.9	0.0	28.55	2.231	22.629	8.955		长4+5!1^(1_2)
耿203	2234.750	80.293	64.672	35.32	64.68	8.822	9.087	237.17	0.0	0.01	0.0	0.1	99.9	0.0	29.112	2.142	25.772	8.621		长4+5!1^(1_2)
耿203	2234.875	82.368	64.562	39.462	60.538	8.495	8.266	246.001	0.0	0.01	0.0	0.1	99.9	0.0	29.75	2.052	30.202	8.306		长4+5!1^(1_2)
耿203	2235.000	85.591	64.449	42.805	57.195	8.189	7.46	255.54	0.0	0.01	0.0	0.1	99.9	0.0	30.127	2.009	33.829	8.015		长4+5!1^(1_2)
耿203	2235.125	87.953	64.403	44.729	55.271	7.962	7.015	264.693	0.0	0.01	0.0	0.1	99.9	0.0	30.371	2.015	35.402	7.883		长4+5!1^(1_2)
耿203	2235.250	89.469	64.435	47.226	52.774	7.837	7.037	269.206	0.0	0.01	0.0	0.1	99.9	0.0	30.443	2.049	35.591	7.769		长4+5!1^(1_2)
耿203	2235.375	91.415	64.497	50.745	49.255	7.731	7.223	269.925	0.0	0.01	0.0	0.1	99.9	0.0	30.368	2.116	35.173	7.674		长4+5!1^(1_2)
耿203	2235.500	93.248	64.587	49.707	50.293	7.66	7.562	269.079	0.0	0.01	0.0	0.1	99.9	0.0	30.23	2.179	34.971	7.64		长4+5!1^(1_2)
耿203	2235.625	92.427	64.795	47.94	52.06	7.677	7.98	267.065	0.0	0.01	0.0	0.1	99.9	0.0	30.068	2.227	35.535	7.732		长4+5!1^(1_2)
耿203	2235.750	91.21	64.98	46.382	53.618	7.806	8.49	265.457	0.0	0.01	0.0	0.1	99.9	0.0	29.803	2.277	36.097	7.917		长4+5!1^(1_2)
耿203	2235.875	90.076	65.084	44.74	55.26	8.101	9.379	264.399	0.0	0.01	0.0	0.1	99.9	0.0	29.497	2.329	35.03	8.376		长4+5!1^(1_2)
耿203	2236.000	88.844	65.174	42.925	57.075	8.697	10.791	262.157	0.0	0.01	0.0	0.1	99.9	0.0	29.301	2.366	32.033	9.177		长4+5!1^(1_2)
耿203	2236.125	87.478	65.25	41.097	58.903	9.436	12.116	256.565	0.0	0.01	0.0	0.1	99.9	0.0	28.943	2.397	28.288	9.824		长4+5!1^(1_2)
耿203	2236.250	86.073	65.294	39.284	60.716	10.14	12.914	249.042	0.0	0.01	0.0	0.1	99.9	0.0	28.494	2.438	24.696	10.613		长4+5!1^(1_2)
耿203	2236.375	84.893	65.318	39.024	60.976	11.104	13.811	240.608	0.0	0.01	0.0	0.1	99.9	0.0	28.248	2.512	21.65	11.84		长4+5!1^(1_2)
耿203	2236.500	85.16	65.339	41.805	58.195	12.49	14.816	231.04	0.0	0.01	0.0	0.1	99.9	0.0	28.096	2.548	19.857	13.464		长4+5!1^(1_2)
耿203	2236.625	87.359	65.347	44.844	55.156	13.709	15.137	221.321	0.0	0.01	0.0	0.1	99.9	0.0	28.129	2.532	19.474	14.077		长4+5!1^(1_2)
耿203	2236.750	89.556	65.368	47.363	52.637	14.166	14.287	217.061	0.0	0.01	0.0	0.1	99.9	0.0	28.355	2.499	20.011	14.298		长4+5!1^(1_2)
耿203	2236.875	91.55	65.389	51.156	48.844	14.084	12.817	218.404	0.0	0.01	0.0	0.1	99.9	0.0	28.638	2.442	21.355	13.762		长4+5!1^(1_2)
耿203	2237.000	94.372	65.36	56.455	43.545	13.102	10.817	224.982	0.0	0.01	0.0	0.1	99.9	0.0	28.987	2.388	23.301	12.114		长4+5!1^(1_2)
耿203	2237.125	98.142	65.225	64.266	35.734	11.549	9.105	239.62	0.0	0.01	0.0	0.1	99.9	0.0	29.578	2.331	25.751	10.703		长4+5!1^(1_2)
耿203	2237.250	103.119	65.07	74.278	25.722	10.179	8.1	254.697	0.0	0.01	0.0	0.1	99.9	0.0	30.332	2.247	29.991	9.394		长4+5!1^(1_2)
耿203	2237.375	108.665	64.882	84.402	15.598	8.881	6.98	267.088	0.0	0.01	0.0	0.1	99.9	0.0	30.857	2.059	38.098	8.114		长4+5!1^(1_2)
耿203	2237.500	113.052	64.607	86.793	13.207	7.586	5.718	277.378	0.0	0.01	0.0	0.1	99.9	0.0	31.375	1.881	49.012	6.795		长4+5!1^(1_2)
耿203	2237.625	114.055	63.99	87.578	12.422	6.604	4.785	283.368	0.0	0.01	0.0	0.1	99.9	0.0	32.096	1.769	61.176	6.318		长4+5!1^(1_2)
耿203	2237.750	114.356	63.407	87.575	12.425	6.179	4.501	282.528	0.0	0.01	0.0	0.1	99.9	0.0	32.934	1.693	75.824	5.97		长4+5!1^(1_2)
耿203	2237.875	114.264	63.039	86.626	13.374	5.845	4.433	277.318	0.0	0.01	0.0	0.1	99.9	0.0	33.419	1.688	91.095	5.659		长4+5!1^(1_2)
耿203	2238.000	113.481	62.731	82.332	17.668	5.55	4.599	269.797	0.0	0.01	0.0	0.1	99.9	0.0	33.7	1.752	95.894	5.386		长4+5!1^(1_2)
耿203	2238.125	111.291	62.316	77.351	22.649	5.406	4.9	258.307	0.0	0.01	0.0	0.1	99.9	0.0	33.353	1.859	85.143	5.436		长4+5!1^(1_2)
耿203	2238.250	108.627	62.024	71.452	28.548	5.499	5.247	247.24	0.0	0.01	0.0	0.1	99.9	0.0	32.249	1.994	66.616	5.595		长4+5!1^(1_2)
耿203	2238.375	105.508	61.938	66.226	33.774	5.722	5.917	236.63	0.0	0.01	0.0	0.1	99.9	0.0	30.983	2.217	47.962	5.913		长4+5!1^(1_2)
耿203	2238.500	102.879	61.934	63.964	36.036	6.161	7.374	222.946	0.0	0.01	0.0	0.1	99.9	0.0	29.617	2.377	35.296	6.532		长4+5!1^(1_2)
耿203	2238.625	101.687	62.04	62.869	37.131	6.744	9.2	204.046	0.0	0.01	0.0	0.1	99.9	0.0	28.076	2.418	30.311	7.062		长4+5!1^(1_3)
耿203	2238.750	101.699	62.146	67.454	32.546	7.327	10.493	191.406	0.0	0.01	0.0	0.1	99.9	0.0	26.735	2.417	29.77	7.724		长4+5!1^(1_3)
耿203	2238.875	104.986	62.202	77.916	22.084	8.178	11.485	185.897	0.0	0.01	0.0	0.1	99.9	0.0	26.268	2.403	31.836	8.859		长4+5!1^(1_3)
耿203	2239.000	110.293	62.278	85.345	14.655	9.731	12.184	183.683	0.0	0.01	0.0	0.1	99.9	0.0	26.061	2.392	34.252	11.036		长4+5!1^(1_3)
耿203	2239.125	113.914	62.402	92.071	7.929	11.613	12.641	188.305	0.0	0.01	0.0	0.1	99.9	0.0	25.971	2.389	34.532	12.475		长4+5!1^(1_3)
耿203	2239.250	116.871	62.414	96.608	3.392	12.99	12.955	195.32	0.0	0.01	0.0	0.1	99.9	0.0	25.941	2.397	32.363	13.76		长4+5!1^(1_3)
耿203	2239.375	118.401	62.293	95.347	4.653	14.133	13.437	201.511	0.0	0.01	0.0	0.1	99.9	0.0	25.937	2.439	28.398	14.693		长4+5!1^(1_3)
耿203	2239.500	117.687	62.087	92.434	7.566	14.908	14.144	207.161	0.0	0.01	0.0	0.1	99.9	0.0	25.933	2.491	24.667	15.23		长4+5!1^(1_3)
耿203	2239.625	116.121	61.57	87.003	12.997	15.046	14.758	213.435	0.0	0.01	0.0	0.1	99.9	0.0	25.928	2.53	22.573	14.771		长4+5!1^(1_3)
耿203	2239.750	113.114	60.998	77.292	22.708	14.421	14.979	217.165	0.0	0.01	0.0	0.1	99.9	0.0	25.923	2.557	21.492	13.898		长4+5!1^(1_3)
耿203	2239.875	107.254	60.479	59.855	40.145	13.528	14.978	218.127	0.0	0.01	0.0	0.1	99.9	0.0	25.921	2.569	20.778	12.975		长4+5!1^(1_3)
耿203	2240.000	98.207	59.866	51.198	48.802	12.423	14.537	218.479	0.0	0.01	0.0	0.1	99.9	0.0	25.921	2.568	20.409	11.595		长4+5!1^(1_3)
耿203	2240.125	92.545	58.622	43.113	56.887	11.395	13.756	219.764	0.0	0.01	0.0	0.1	99.9	0.0	25.92	2.562	20.397	11.095		长4+5!1^(1_3)
耿203	2240.250	86.831	57.331	36.33	63.67	10.939	13.162	221.859	0.154	0.782	8.532	10.581	74.857	0.6	25.917	2.555	20.586	10.706		长4+5!1^(1_3)
耿203	2240.375	81.11	56.302	28.192	71.808	10.597	12.626	224.153	0.232	1.312	9.366	11.664	71.6	0.61	25.912	2.545	20.735	10.433	水层	长4+5!1^(1_3)
耿203	2240.500	74.676	55.31	24.596	75.404	10.296	11.982	226.26	0.359	1.706	10.255	12.29	70.428	0.624	25.907	2.536	20.524	10.091	水层	长4+5!1^(1_3)
耿203	2240.625	71.449	53.808	22.402	77.598	10.027	11.293	227.378	0.448	1.94	10.707	12.605	69.83	0.631	25.901	2.53	19.834	9.931	水层	长4+5!1^(1_3)
耿203	2240.750	69.242	52.407	20.388	79.612	9.87	10.882	226.955	0.491	1.989	10.892	12.692	70.016	0.638	25.896	2.526	18.833	9.78	水层	长4+5!1^(1_3)
耿203	2240.875	66.546	51.407	15.936	84.064	9.722	10.499	225.688	0.528	2.802	11.041	13.049	69.262	0.645	25.894	2.518	17.734	9.635	水层	长4+5!1^(1_3)
耿203	2241.000	61.942	50.508	13.401	86.599	9.53	10.02	224.523	0.629	3.562	11.399	13.245	69.464	0.658	25.894	2.508	16.985	9.374	水层	长4+5!1^(1_3)
耿203	2241.125	58.998	49.377	11.402	88.598	9.329	9.539	224.496	0.731	4.68	11.702	13.6	68.659	0.663	25.894	2.499	16.821	9.261	水层	长4+5!1^(1_3)
耿203	2241.250	56.619	48.536	10.028	89.972	9.233	9.299	225.872	0.885	6.066	12.093	14.037	67.463	0.666	25.892	2.488	17.083	9.192	水层	长4+5!1^(1_3)
耿203	2241.375	55.152	48.145	9.929	90.071	9.175	9.094	228.277	1.079	6.872	12.496	14.412	66.406	0.668	25.889	2.468	17.876	9.151	水层	长4+5!1^(1_3)
耿203	2241.500	55.623	47.896	12.156	87.844	9.161	8.909	231.442	1.239	5.92	12.777	14.547	65.9	0.666	25.883	2.45	19.204	9.176	水层	长4+5!1^(1_3)
耿203	2241.625	58.694	47.834	15.227	84.773	9.238	8.813	237.488	1.443	5.672	13.087	15.157	63.543	0.657	25.869	2.442	20.942	9.33	水层	长4+5!1^(1_3)
耿203	2241.750	62.588	48.007	19.072	80.928	9.463	8.874	243.244	1.587	5.658	13.282	15.256	62.228	0.64	25.846	2.44	23.053	9.661	水层	长4+5!1^(1_3)
耿203	2241.875	67.157	48.304	24.069	75.931	9.835	8.996	246.937	1.518	5.575	13.191	15.11	61.376	0.619	25.824	2.449	25.134	10.096	水层	长4+5!1^(1_3)
耿203	2242.000	71.858	48.67	26.583	73.417	10.398	9.29	249.265	1.345	5.874	12.945	15.069	59.437	0.587	25.804	2.466	25.985	10.851	水层	长4+5!1^(1_3)
耿203	2242.125	74.17	49.346	28.329	71.671	10.977	9.752	248.582	1.154	5.002	12.633	14.591	60.005	0.575	25.788	2.481	25.181	11.165	水层	长4+5!1^(1_3)
耿203	2242.250	75.635	49.992	29.074	70.926	11.208	10.113	245.541	0.917	4.063	12.164	14.055	61.319	0.572	25.788	2.494	23.477	11.272	水层	长4+5!1^(1_3)
耿203	2242.375	75.996	50.424	28.029	71.971	11.175	10.386	241.709	0.74	3.343	11.727	13.635	63.234	0.582	25.81	2.502	21.302	11.031	水层	长4+5!1^(1_3)
耿203	2242.500	74.772	50.833	25.707	74.293	10.502	10.234	237.871	0.647	2.679	11.454	13.391	67.878	0.641	25.849	2.481	19.409	9.709	水层	长4+5!1^(1_3)
耿203	2242.625	72.456	51.461	23.03	76.97	9.433	9.305	234.826	0.623	2.453	11.378	13.34	70.362	0.677	25.928	2.416	18.437	9.019	水层	长4+5!1^(1_3)
耿203	2242.750	69.739	52.039	20.291	79.709	8.825	7.92	235.732	0.75	3.166	11.755	14.074	69.665	0.705	26.051	2.329	18.503	8.534	水层	长4+5!1^(1_3)
耿203	2242.875	67.092	52.468	18.705	81.295	8.371	6.579	242.717	1.228	5.28	12.758	15.496	66.672	0.729	26.171	2.239	20.944	8.128	水层	长4+5!1^(1_3)
耿203	2243.000	65.708	52.942	18.719	81.281	7.9	5.609	256.71	2.696	10.828	14.36	17.712	62.467	0.767	26.31	2.182	26.721	7.558	水层	长4+5!1^(1_3)
耿203	2243.125	66.107	53.756	20.499	79.501	7.459	5.147	293.374	17.251	19.559	18.139	19.651	58.416	0.779	26.51	2.161	35.652	7.31	水层	长4+5!1^(1_3)
耿203	2243.250	68.476	54.583	24.459	75.541	7.238	5.185	331.989	110.284	16.657	21.916	19.209	60.214	0.786	26.711	2.148	44.896	7.131	水层	长4+5!1^(1_3)
耿203	2243.375	73.308	55.213	32.812	67.188	7.075	5.297	355.953	293.7	12.514	23.91	18.37	62.967	0.793	26.746	2.137	46.319	6.993	水层	长4+5!1^(1_3)
耿203	2243.500	79.96	55.711	35.234	64.766	7.04	5.473	366.552	359.645	11.815	24.322	18.146	63.079	0.783	26.638	2.144	39.444	7.11	水层	长4+5!1^(1_3)
耿203	2243.625	81.588	56.199	35.03	64.97	7.205	5.877	347.854	127.101	12.258	22.205	18.165	62.068	0.768	26.352	2.184	31.754	7.348	水层	长4+5!1^(1_3)
耿203	2243.750	81.32	56.554	34.258	65.742	7.455	6.679	313.432	22.133	12.977	18.646	18.235	60.842	0.754	25.972	2.266	26.391	7.617	水层	长4+5!1^(1_3)
耿203	2243.875	80.0	56.706	29.743	70.257	7.738	8.097	280.653	4.423	9.172	15.368	17.096	62.795	0.739	25.758	2.39	22.592	7.918	水层	长4+5!1^(1_3)
耿203	2244.000	76.385	56.705	27.475	72.525	8.217	10.178	252.849	1.282	3.163	12.847	14.038	69.306	0.695	25.671	2.481	20.29	8.663	水层	长4+5!1^(1_3)
耿203	2244.125	74.433	56.533	26.121	73.879	8.881	11.63	230.116	0.443	1.048	10.682	11.43	76.616	0.668	25.67	2.511	19.477	9.206	水层	长4+5!1^(1_3)
耿203	2244.250	73.06	56.401	24.428	75.572	9.426	11.278	219.4	0.274	0.945	9.708	11.115	75.875	0.641	25.725	2.52	19.496	9.757	水层	长4+5!1^(1_3)
耿203	2244.375	71.776	56.43	24.682	75.318	10.026	10.6	219.256	0.291	1.146	9.827	11.387	72.638	0.61	25.778	2.52	20.383	10.429	水层	长4+5!1^(1_3)
耿203	2244.500	72.74	56.611	28.654	71.346	10.977	9.984	222.723	0.0	1.374	0.0	11.529	68.196	0.0	25.828	2.516	22.12	11.797	水层	长4+5!1^(1_3)
耿203	2244.625	76.824	57.165	34.427	65.573	11.972	9.528	231.244	0.0	2.198	0.0	12.458	63.932	0.0	25.928	2.512	24.315	12.233		长4+5!1^(1_3)
耿203	2244.750	81.904	57.868	40.362	59.638	12.207	9.463	241.022	0.0	0.01	0.0	0.1	99.9	0.0	26.072	2.51	26.702	12.169		长4+5!1^(1_3)
耿203	2244.875	87.703	58.515	53.747	46.253	12.061	9.614	248.978	0.0	0.01	0.0	0.1	99.9	0.0	26.143	2.515	28.656	11.9		长4+5!1^(1_3)
耿203	2245.000	96.434	59.18	61.815	38.185	11.6	9.999	255.551	0.0	0.01	0.0	0.1	99.9	0.0	26.155	2.521	29.013	11.151		长4+5!1^(1_3)
耿203	2245.125	101.037	60.171	66.118	33.882	10.95	10.524	259.353	0.0	0.01	0.0	0.1	99.9	0.0	26.092	2.525	27.561	10.65		长4+5!1^(1_3)
耿203	2245.250	103.429	61.064	69.172	30.828	10.526	10.935	258.259	0.0	0.01	0.0	0.1	99.9	0.0	25.947	2.529	25.163	10.34		长4+5!1^(1_3)
耿203	2245.375	104.417	61.566	65.583	34.417	10.285	11.406	252.932	0.0	0.01	0.0	0.1	99.9	0.0	25.806	2.538	22.093	10.203		长4+5!1^(1_3)
耿203	2245.500	102.481	61.883	63.13	36.87	10.211	12.207	245.555	0.0	0.01	0.0	0.1	99.9	0.0	25.687	2.552	19.417	10.224		长4+5!1^(1_3)
耿203	2245.625	101.165	62.233	61.829	38.171	10.251	13.107	234.825	0.0	0.01	0.0	0.1	99.9	0.0	25.581	2.564	18.145	10.292		长4+5!1^(1_3)
耿203	2245.750	100.342	62.559	60.231	39.769	10.33	13.387	225.527	0.0	0.01	0.0	0.1	99.9	0.0	25.497	2.574	17.908	10.387		长4+5!1^(1_3)
耿203	2245.875	99.025	62.799	55.976	44.024	10.436	13.217	219.743	0.0	0.01	0.0	0.1	99.9	0.0	25.459	2.582	18.483	10.509		长4+5!1^(1_3)
耿203	2246.000	96.562	62.993	53.585	46.415	10.605	12.696	214.37	0.0	0.01	0.0	0.1	99.9	0.0	25.441	2.584	19.427	10.75		长4+5!1^(1_3)
耿203	2246.125	95.073	63.189	51.83	48.17	10.813	12.046	203.491	0.0	0.01	0.0	0.1	99.9	0.0	25.42	2.582	20.127	10.909		长4+5!1^(1_3)
耿203	2246.250	93.77	63.369	49.203	50.797	10.951	11.683	191.232	0.0	0.01	0.0	0.1	99.9	0.0	25.389	2.582	20.542	11.014		长4+5!1^(1_3)
耿203	2246.375	92.306	63.551	49.085	50.915	11.04	11.498	182.689	0.0	0.01	0.0	0.1	99.9	0.0	25.36	2.586	20.792	11.078		长4+5!1^(2_1)
耿203	2246.500	92.102	63.809	48.101	51.899	11.099	11.481	178.256	0.0	0.01	0.0	0.1	99.9	0.0	25.33	2.59	20.858	11.129		长4+5!1^(2_1)
耿203	2246.625	91.545	64.434	48.084	51.916	11.141	11.626	183.035	0.0	0.01	0.0	0.1	99.9	0.0	25.291	2.592	20.736	11.16		长4+5!1^(2_1)
耿203	2246.750	91.637	65.235	48.809	51.191	11.165	11.809	194.423	0.0	0.01	0.0	0.1	99.9	0.0	25.246	2.594	20.498	11.173		长4+5!1^(2_1)
耿203	2246.875	92.226	65.93	50.101	49.899	11.175	12.004	206.63	0.0	0.01	0.0	0.1	99.9	0.0	25.218	2.597	20.197	11.179		长4+5!1^(2_1)
耿203	2247.000	93.256	66.573	52.375	47.625	11.22	12.232	217.574	0.0	0.01	0.0	0.1	99.9	0.0	25.204	2.599	19.976	11.28		长4+5!1^(2_1)
耿203	2247.125	94.902	67.183	55.435	44.565	11.327	12.456	227.053	0.0	0.01	0.0	0.1	99.9	0.0	25.197	2.598	19.93	11.398		长4+5!1^(2_1)
耿203	2247.250	96.858	67.426	58.061	41.939	11.449	12.593	232.26	0.0	0.01	0.0	0.1	99.9	0.0	25.194	2.589	20.025	11.525		长4+5!1^(2_1)
耿203	2247.375	98.372	67.229	59.395	40.605	11.58	12.71	233.168	0.0	0.01	0.0	0.1	99.9	0.0	25.193	2.576	20.393	11.661		长4+5!1^(2_1)
耿203	2247.500	99.119	66.83	60.024	39.976	11.744	12.883	232.724	0.0	0.01	0.0	0.1	99.9	0.0	25.194	2.566	20.898	11.867		长4+5!1^(2_1)
耿203	2247.625	99.24	66.013	58.477	41.523	11.917	13.1	232.227	0.0	0.01	0.0	0.1	99.9	0.0	25.196	2.564	21.175	11.991		长4+5!1^(2_1)
耿203	2247.750	98.217	64.979	56.501	43.499	12.025	13.256	231.807	0.0	0.01	0.0	0.1	99.9	0.0	25.202	2.565	21.041	12.076		长4+5!1^(2_1)
耿203	2247.875	97.051	64.049	55.255	44.745	12.113	13.377	231.179	0.0	0.01	0.0	0.1	99.9	0.0	25.211	2.57	20.185	12.168		长4+5!1^(2_1)
耿203	2248.000	96.199	63.15	53.673	46.327	12.241	13.513	230.051	0.0	0.01	0.0	0.1	99.9	0.0	25.221	2.576	19.053	12.351		长4+5!1^(2_1)
耿203	2248.125	95.175	62.241	52.238	47.762	12.414	13.677	227.701	0.0	0.01	0.0	0.1	99.9	0.0	25.238	2.58	18.418	12.508		长4+5!1^(2_1)
耿203	2248.250	94.479	61.709	52.777	47.223	12.564	13.827	225.285	0.0	0.01	0.0	0.1	99.9	0.0	25.264	2.585	18.37	12.649		长4+5!1^(2_1)
耿203	2248.375	95.087	61.653	55.198	44.802	12.71	13.991	223.957	0.0	0.01	0.0	0.1	99.9	0.0	25.289	2.592	18.847	12.803		长4+5!1^(2_1)
耿203	2248.500	96.571	61.751	56.768	43.232	12.915	14.222	223.432	0.0	0.01	0.0	0.1	99.9	0.0	25.312	2.601	19.317	13.082		长4+5!1^(2_1)
耿203	2248.625	97.362	61.786	56.602	43.398	13.168	14.498	223.242	0.0	0.01	0.0	0.1	99.9	0.0	25.34	2.607	19.198	13.297		长4+5!1^(2_1)
耿203	2248.750	97.128	61.725	55.444	44.556	13.363	14.703	222.886	0.0	0.01	0.0	0.1	99.9	0.0	25.372	2.61	18.547	13.463		长4+5!1^(2_1)
耿203	2248.875	96.288	61.626	53.601	46.399	13.524	14.862	222.039	0.0	0.01	0.0	0.1	99.9	0.0	25.393	2.614	17.412	13.616		长4+5!1^(2_1)
耿203	2249.000	95.148	61.513	52.324	47.676	13.688	15.038	220.75	0.0	0.01	0.0	0.1	99.9	0.0	25.406	2.618	16.367	13.796		长4+5!1^(2_1)
耿203	2249.125	94.355	61.251	51.512	48.488	13.833	15.208	218.996	0.0	0.01	0.0	0.1	99.9	0.0	25.42	2.618	16.004	13.889		长4+5!1^(2_1)
耿203	2249.250	93.878	60.887	51.24	48.76	13.897	15.264	217.789	0.0	0.01	0.0	0.1	99.9	0.0	25.438	2.617	16.191	13.909		长4+5!1^(2_1)
耿203	2249.375	93.689	60.555	50.939	49.061	13.9	15.227	217.857	0.0	0.01	0.0	0.1	99.9	0.0	25.455	2.612	16.905	13.888		长4+5!1^(2_1)
耿203	2249.500	93.492	60.221	50.71	49.29	13.835	15.056	218.833	0.0	0.01	0.0	0.1	99.9	0.0	25.472	2.603	17.754	13.755		长4+5!1^(2_1)
耿203	2249.625	93.337	59.684	50.49	49.51	13.688	14.744	220.882	0.0	0.01	0.0	0.1	99.9	0.0	25.5	2.597	18.239	13.588		长4+5!1^(2_1)
耿203	2249.750	93.383	59.05	51.723	48.277	13.511	14.434	223.084	0.0	0.01	0.0	0.1	99.9	0.0	25.539	2.592	18.45	13.396		长4+5!1^(2_1)
耿203	2249.875	94.54	58.538	55.361	44.639	13.298	14.132	224.503	0.0	0.01	0.0	0.1	99.9	0.0	25.577	2.584	18.683	13.151		长4+5!1^(2_1)
耿203	2250.000	96.784	58.096	57.775	42.225	12.951	13.739	225.426	0.0	0.01	0.0	0.1	99.9	0.0	25.61	2.574	18.899	12.652		长4+5!1^(2_1)
耿203	2250.125	97.861	57.419	56.485	43.515	12.491	13.259	226.25	0.0	0.01	0.0	0.1	99.9	0.0	25.648	2.563	18.853	12.251		长4+5!1^(2_1)
耿203	2250.250	96.602	56.584	51.918	48.082	12.138	12.869	226.782	0.0	0.01	0.0	0.1	99.9	0.0	25.69	2.553	18.453	11.968		长4+5!1^(2_1)
耿203	2250.375	93.055	55.866	43.904	56.096	11.853	12.527	226.858	0.0	0.01	0.0	0.1	99.9	0.0	25.721	2.539	17.519	11.68		长4+5!1^(2_1)
耿203	2250.500	87.613	55.238	38.21	61.79	11.501	12.113	226.741	0.0	0.01	0.0	0.1	99.9	0.0	25.741	2.527	16.574	11.232		长4+5!1^(2_1)
耿203	2250.625	83.823	54.518	36.661	63.339	11.098	11.661	227.29	0.0	0.01	0.0	0.1	99.9	0.0	25.767	2.522	16.371	10.897		长4+5!1^(2_1)
耿203	2250.750	82.718	53.807	36.101	63.899	10.809	11.359	228.941	0.0	0.01	0.0	0.1	99.9	0.0	25.8	2.523	17.003	10.677		长4+5!1^(2_1)
耿203	2250.875	82.375	53.284	36.265	63.735	10.59	11.157	231.497	0.0	0.01	0.0	0.1	99.9	0.0	25.831	2.521	19.036	10.458		长4+5!1^(2_1)
耿203	2251.000	82.612	52.896	37.048	62.952	10.319	10.908	234.698	0.0	0.01	0.0	0.1	99.9	0.0	25.854	2.512	21.669	10.111		长4+5!1^(2_1)
耿203	2251.125	83.269	52.575	37.908	62.092	10.0	10.553	238.946	0.0	0.01	0.0	0.1	99.9	0.0	25.88	2.494	23.345	9.834		长4+5!1^(2_1)
耿203	2251.250	83.967	52.369	38.764	61.236	9.762	10.204	242.608	0.0	0.01	0.0	0.1	99.9	0.0	25.91	2.466	23.884	9.655		长4+5!1^(2_1)
耿203	2251.375	84.766	52.323	40.329	59.671	9.596	9.931	244.03	0.0	0.01	0.0	0.1	99.9	0.0	25.933	2.43	23.56	9.507		长4+5!1^(2_1)
耿203	2251.500	86.143	52.386	42.835	57.165	9.447	9.794	243.9	0.0	0.01	0.0	0.1	99.9	0.0	25.949	2.402	23.051	9.357		长4+5!1^(2_1)
耿203	2251.625	87.971	52.632	44.73	55.27	9.327	9.813	242.639	0.0	0.01	0.0	0.1	99.9	0.0	25.955	2.4	22.971	9.282		长4+5!1^(2_1)
耿203	2251.750	89.163	53.021	45.113	54.887	9.283	9.895	240.837	0.0	0.01	0.0	0.1	99.9	0.0	25.943	2.418	23.16	9.284		长4+5!1^(2_1)
耿203	2251.875	88.733	53.364	40.757	59.243	9.3	9.978	239.109	0.0	0.01	0.0	0.1	99.9	0.0	25.911	2.454	22.904	9.325		长4+5!1^(2_1)
耿203	2252.000	85.314	53.649	35.905	64.095	9.405	10.162	237.078	0.0	0.01	0.0	0.1	99.9	0.0	25.866	2.496	21.969	9.526		长4+5!1^(2_1)
耿203	2252.125	81.849	54.021	33.917	66.083	9.619	10.554	233.078	0.0	0.01	0.0	0.1	99.9	0.0	25.807	2.522	20.75	9.757		长4+5!1^(2_1)
耿203	2252.250	80.39	54.479	33.258	66.742	9.837	11.062	227.946	0.0	0.01	0.0	0.1	99.9	0.0	25.743	2.537	19.562	9.955		长4+5!1^(2_1)
耿203	2252.375	79.885	54.908	32.968	67.032	10.041	11.593	223.902	0.0	0.01	0.0	0.1	99.9	0.0	25.701	2.553	18.346	10.168		长4+5!1^(2_1)
耿203	2252.500	79.481	55.304	31.812	68.188	10.318	12.078	221.008	0.0	0.01	0.0	0.1	99.9	0.0	25.685	2.571	17.359	10.543		长4+5!1^(2_1)
耿203	2252.625	78.505	55.776	30.898	69.102	10.685	12.416	218.912	0.0	0.01	0.0	0.1	99.9	0.0	25.671	2.585	16.954	10.898		长4+5!1^(2_1)
耿203	2252.750	78.13	56.35	32.466	67.534	11.001	12.573	218.23	0.0	0.01	0.0	0.1	99.9	0.0	25.654	2.594	17.136	11.155		长4+5!1^(2_1)
耿203	2252.875	80.728	56.925	41.531	58.469	11.259	12.679	219.405	0.0	0.01	0.0	0.1	99.9	0.0	25.635	2.604	18.501	11.414		长4+5!1^(2_1)
耿203	2253.000	88.242	57.494	52.332	47.668	11.554	12.812	222.117	0.0	0.01	0.0	0.1	99.9	0.0	25.617	2.614	20.716	11.764		长4+5!1^(2_1)
耿203	2253.125	95.28	58.323	58.582	41.418	11.877	12.934	227.043	0.0	0.01	0.0	0.1	99.9	0.0	25.593	2.621	22.545	12.046		长4+5!1^(2_1)
耿203	2253.250	99.181	59.367	63.905	36.095	12.129	12.983	232.299	0.0	0.01	0.0	0.1	99.9	0.0	25.564	2.625	23.474	12.254		长4+5!1^(2_2)
耿203	2253.375	102.623	60.182	71.276	28.724	12.346	12.974	234.446	0.0	0.01	0.0	0.1	99.9	0.0	25.545	2.627	23.276	12.485		长4+5!1^(2_2)
耿203	2253.500	106.772	60.775	78.55	21.45	12.583	13.013	233.076	0.0	0.01	0.0	0.1	99.9	0.0	25.544	2.624	22.519	12.73		长4+5!1^(2_2)
耿203	2253.625	110.204	61.412	81.761	18.239	12.779	13.187	225.51	0.0	0.01	0.0	0.1	99.9	0.0	25.56	2.617	22.147	12.853		长4+5!1^(2_2)
耿203	2253.750	111.398	62.04	80.629	19.371	12.853	13.445	212.896	0.0	0.01	0.0	0.1	99.9	0.0	25.599	2.608	22.325	12.854		长4+5!1^(2_2)
耿203	2253.875	110.163	62.412	73.173	26.827	12.835	13.695	201.222	0.0	0.01	0.0	0.1	99.9	0.0	25.648	2.6	22.731	12.807		长4+5!1^(2_2)
耿203	2254.000	106.097	62.593	64.815	35.185	12.671	13.818	192.086	0.0	0.01	0.0	0.1	99.9	0.0	25.702	2.593	22.895	12.467		长4+5!1^(2_2)
耿203	2254.125	101.77	62.676	60.233	39.767	12.302	13.601	187.001	0.0	0.01	0.0	0.1	99.9	0.0	25.786	2.573	22.652	12.054		长4+5!1^(2_2)
耿203	2254.250	99.519	62.656	59.89	40.11	11.946	12.892	188.868	0.0	0.01	0.0	0.1	99.9	0.0	25.922	2.511	22.367	11.783		长4+5!1^(2_2)
耿203	2254.375	100.463	62.595	69.375	30.625	11.68	11.859	197.717	0.0	0.01	0.0	0.1	99.9	0.0	26.069	2.365	23.602	11.524		长4+5!1^(2_2)
耿203	2254.500	106.189	62.545	81.162	18.838	11.397	10.911	211.567	0.0	0.01	0.0	0.1	99.9	0.0	26.2	2.171	27.19	11.207		长4+5!1^(2_2)
耿203	2254.625	111.595	62.506	85.062	14.938	11.111	10.411	233.844	0.0	0.01	0.0	0.1	99.9	0.0	26.356	2.051	32.2	10.967		长4+5!1^(2_2)
耿203	2254.750	113.49	62.458	88.694	11.306	10.92	10.449	260.007	0.0	0.01	0.0	0.1	99.9	0.0	26.525	2.011	36.757	10.851		长4+5!1^(2_2)
耿203	2254.875	115.618	62.408	96.707	3.293	10.805	10.706	277.141	0.0	0.01	0.0	0.1	99.9	0.0	26.602	2.022	37.744	10.736		长4+5!1^(2_2)
耿203	2255.000	119.362	62.379	99.9	0.1	10.721	10.945	284.491	0.0	0.01	0.0	0.1	99.9	0.0	26.529	2.082	35.137	10.698		长4+5!1^(2_2)
耿203	2255.125	122.999	62.358	99.9	0.1	10.738	11.319	281.654	0.0	0.01	0.0	0.1	99.9	0.0	26.315	2.163	31.812	10.797		长4+5!1^(2_2)
耿203	2255.250	124.564	62.314	99.9	0.1	10.867	12.082	269.434	0.0	0.01	0.0	0.1	99.9	0.0	25.953	2.263	29.067	10.972		长4+5!1^(2_2)
耿203	2255.375	122.915	62.24	93.425	6.575	11.065	13.384	255.973	0.0	0.01	0.0	0.1	99.9	0.0	25.628	2.393	25.894	11.204		长4+5!1^(2_2)
耿203	2255.500	114.945	62.121	71.929	28.071	11.405	15.123	244.608	0.0	0.01	0.0	0.1	99.9	0.0	25.466	2.522	22.224	11.706		长4+5!1^(2_2)
耿203	2255.625	105.03	61.883	60.448	39.552	11.962	16.611	233.676	0.0	0.01	0.0	0.1	99.9	0.0	25.37	2.581	19.013	12.343		长4+5!1^(2_2)
耿203	2255.750	98.425	61.505	50.649	49.351	12.564	17.002	223.595	0.0	0.01	0.0	0.1	99.9	0.0	25.324	2.589	16.394	12.895		长4+5!1^(2_2)
耿203	2255.875	91.155	61.132	36.202	63.798	13.145	16.785	216.797	0.0	0.01	0.0	0.1	99.9	0.0	25.315	2.593	13.924	13.52		长4+5!1^(2_2)
耿203	2256.000	80.163	60.778	23.754	76.246	13.915	16.923	212.016	0.0	0.01	0.0	0.1	99.9	0.0	25.331	2.595	11.957	14.507		长4+5!1^(2_2)
耿203	2256.125	69.963	60.345	18.614	81.386	14.857	17.398	207.423	0.0	0.01	0.0	0.1	99.9	0.0	25.366	2.594	10.996	15.382		长4+5!1^(2_2)
耿203	2256.250	64.656	59.835	14.503	85.497	15.472	17.744	203.781	0.0	0.01	0.0	0.1	99.9	0.0	25.43	2.589	10.759	15.608		长4+5!1^(2_2)
耿203	2256.375	59.841	59.403	10.499	89.501	15.594	17.776	202.545	0.0	0.01	0.0	0.1	99.9	0.0	25.498	2.583	10.964	15.574		长4+5!1^(2_2)
耿203	2256.500	55.151	59.043	8.088	91.912	15.379	17.507	203.055	0.0	0.01	0.0	0.1	99.9	0.0	25.549	2.578	11.435	15.088		长4+5!1^(2_2)
耿203	2256.625	52.752	58.699	8.871	91.129	14.779	16.837	204.895	0.0	0.01	0.0	0.1	99.9	0.0	25.605	2.577	12.012	14.317		长4+5!1^(2_2)
耿203	2256.750	54.063	58.413	10.54	89.46	14.059	16.028	207.895	0.0	0.01	0.0	0.1	99.9	0.0	25.677	2.579	12.747	13.673		长4+5!1^(2_2)
耿203	2256.875	56.509	58.278	13.11	86.89	13.438	15.293	210.745	0.0	0.01	0.0	0.1	99.9	0.0	25.749	2.581	14.173	13.086		长4+5!1^(2_2)
耿203	2257.000	59.68	58.234	15.345	84.655	12.83	14.507	213.367	0.0	0.01	0.0	0.1	99.9	0.0	25.803	2.581	16.096	12.446		长4+5!1^(2_2)
耿203	2257.125	62.134	58.228	16.552	83.448	12.222	13.683	216.775	0.0	0.01	0.0	0.1	99.9	0.0	25.863	2.58	17.728	11.887		长4+5!1^(2_2)
耿203	2257.250	63.824	58.307	19.03	80.97	11.786	13.109	220.866	0.0	0.01	0.0	0.1	99.9	0.0	25.933	2.579	18.853	11.636		长4+5!1^(2_2)
耿203	2257.375	67.315	58.522	25.053	74.947	11.566	12.853	223.931	0.0	0.01	0.0	0.1	99.9	0.0	25.99	2.581	19.651	11.463		长4+5!1^(2_2)
耿203	2257.500	73.985	58.858	33.995	66.005	11.431	12.695	226.027	0.0	0.01	0.0	0.1	99.9	0.0	26.017	2.588	20.248	11.384		长4+5!1^(2_2)
耿203	2257.625	81.419	59.33	39.157	60.843	11.393	12.628	228.024	0.0	0.01	0.0	0.1	99.9	0.0	26.038	2.595	20.74	11.407		长4+5!1^(2_2)
耿203	2257.750	85.459	59.93	43.21	56.79	11.449	12.682	229.828	0.0	0.01	0.0	0.1	99.9	0.0	26.057	2.603	21.193	11.512		长4+5!1^(2_2)
耿203	2257.875	88.723	60.428	48.37	51.63	11.573	12.843	230.653	0.0	0.01	0.0	0.1	99.9	0.0	26.073	2.608	21.345	11.664		长4+5!1^(2_2)
耿203	2258.000	92.586	60.84	54.632	45.368	11.774	13.098	230.553	0.0	0.01	0.0	0.1	99.9	0.0	26.085	2.61	20.939	11.939		长4+5!1^(2_2)
耿203	2258.125	96.307	61.324	57.022	42.978	12.078	13.449	229.486	0.0	0.01	0.0	0.1	99.9	0.0	26.102	2.607	20.122	12.286		长4+5!1^(2_2)
耿203	2258.250	97.549	61.891	57.044	42.956	12.391	13.767	227.486	0.0	0.01	0.0	0.1	99.9	0.0	26.128	2.602	19.239	12.547		长4+5!1^(2_2)
耿203	2258.375	97.249	62.292	54.636	45.364	12.666	13.989	225.88	0.0	0.01	0.0	0.1	99.9	0.0	26.161	2.596	18.727	12.844		长4+5!1^(2_2)
耿203	2258.500	95.614	62.526	51.718	48.282	13.047	14.218	225.217	0.0	0.01	0.0	0.1	99.9	0.0	26.192	2.592	18.888	13.35		长4+5!1^(2_2)
耿203	2258.625	94.033	62.725	51.554	48.446	13.622	14.457	226.181	0.0	0.01	0.0	0.1	99.9	0.0	26.24	2.592	19.638	14.029		长4+5!1^(2_2)
耿203	2258.750	93.959	62.933	51.666	48.334	14.213	14.623	229.524	0.0	0.01	0.0	0.1	99.9	0.0	26.325	2.594	20.69	14.489		长4+5!1^(2_2)
耿203	2258.875	94.256	63.089	53.437	46.563	14.618	14.701	233.97	0.0	0.01	0.0	0.1	99.9	0.0	26.426	2.59	22.211	14.812		长4+5!1^(2_2)
耿203	2259.000	95.884	63.207	58.677	41.323	14.862	14.746	239.121	0.0	0.01	0.0	0.1	99.9	0.0	26.512	2.563	24.28	14.938		长4+5!1^(2_2)
耿203	2259.125	99.386	63.334	65.249	34.751	14.896	14.67	246.907	0.0	0.01	0.0	0.1	99.9	0.0	26.618	2.519	26.825	14.833		长4+5!1^(2_2)
耿203	2259.250	103.476	63.448	73.294	26.706	14.688	14.345	258.109	0.0	0.01	0.0	0.1	99.9	0.0	26.774	2.46	30.1	14.471		长4+5!1^(2_2)
耿203	2259.375	107.955	63.478	81.511	18.489	14.21	13.719	267.684	0.0	0.01	0.0	0.1	99.9	0.0	26.948	2.388	34.436	13.819		长4+5!1^(2_2)
耿203	2259.500	111.818	63.462	85.914	14.086	13.408	12.631	274.708	0.0	0.01	0.0	0.1	99.9	0.0	27.096	2.302	37.979	12.793		长4+5!1^(2_2)
耿203	2259.625	113.284	63.427	83.119	16.881	12.345	10.941	280.735	0.0	0.01	0.0	0.1	99.9	0.0	27.296	2.229	38.877	11.675		长4+5!1^(2_2)
耿203	2259.750	111.853	63.314	79.77	20.23	11.426	9.431	285.55	0.0	0.01	0.0	0.1	99.9	0.0	27.619	2.16	38.347	11.053		长4+5!1^(2_2)
耿203	2259.875	110.121	63.177	76.056	23.944	10.812	8.765	288.135	0.0	0.01	0.0	0.1	99.9	0.0	27.975	2.08	38.89	10.452		长4+5!1^(2_2)
耿203	2260.000	107.937	63.052	70.127	29.873	10.193	8.492	289.685	0.0	0.01	0.0	0.1	99.9	0.0	28.21	1.995	40.421	9.807		长4+5!1^(2_2)
耿203	2260.125	104.619	62.892	63.658	36.342	9.562	8.433	290.493	0.0	0.01	0.0	0.1	99.9	0.0	28.364	1.954	40.845	9.195		长4+5!1^(2_2)
耿203	2260.250	100.609	62.647	55.371	44.629	9.1	8.378	288.122	0.0	0.01	0.0	0.1	99.9	0.0	28.334	1.966	39.405	8.959		长4+5!1^(2_2)
耿203	2260.375	95.478	62.432	47.958	52.042	8.893	8.34	281.289	0.0	0.01	0.0	0.1	99.9	0.0	28.113	2.023	36.588	8.796		长4+5!1^(2_2)
耿203	2260.500	90.644	62.29	42.482	57.518	8.776	8.706	270.756	0.0	0.01	0.0	0.1	99.9	0.0	27.822	2.152	33.675	8.746		长4+5!1^(2_2)
耿203	2260.625	87.201	62.157	41.045	58.955	8.759	9.899	257.146	0.0	0.01	0.0	0.1	99.9	0.0	27.516	2.27	31.616	8.778		长4+5!1^(2_2)
耿203	2260.750	86.23	61.975	40.484	59.516	8.798	11.423	242.248	0.0	0.01	0.0	0.1	99.9	0.0	27.22	2.35	29.894	8.829		长4+5!1^(2_2)
耿203	2260.875	85.497	61.814	38.066	61.934	8.87	12.353	233.819	0.0	0.01	0.0	0.1	99.9	0.0	27.011	2.41	27.177	8.931		长4+5!1^(2_3)
耿203	2261.000	83.261	61.67	33.865	66.135	9.03	12.561	230.41	0.0	0.01	0.0	0.1	99.9	0.0	26.929	2.482	23.815	9.178		长4+5!1^(2_3)
耿203	2261.125	80.272	61.502	32.786	67.214	9.355	12.038	226.371	0.0	0.01	0.0	0.1	99.9	0.0	26.864	2.531	21.38	9.62		长4+5!1^(2_3)
耿203	2261.250	79.544	61.303	32.896	67.104	9.769	11.428	220.042	0.0	0.01	0.0	0.1	99.9	0.0	26.803	2.547	20.344	9.992		长4+5!1^(2_3)
耿203	2261.375	79.676	61.166	33.219	66.781	10.169	11.2	215.252	0.0	0.01	0.0	0.1	99.9	0.0	26.765	2.551	20.98	10.434		长4+5!1^(2_3)
耿203	2261.500	79.896	61.08	33.19	66.81	10.665	11.126	213.615	0.0	0.01	0.0	0.1	99.9	0.0	26.772	2.55	22.991	11.012		长4+5!1^(2_3)
耿203	2261.625	79.791	60.978	32.702	67.298	11.287	11.295	214.916	0.0	0.01	0.0	0.1	99.9	0.0	26.788	2.546	24.906	11.699		长4+5!1^(2_3)
耿203	2261.750	79.194	60.828	31.243	68.757	11.857	11.73	219.244	0.0	0.01	0.0	0.1	99.9	0.0	26.78	2.535	25.563	12.093		长4+5!1^(2_3)
耿203	2261.875	77.896	60.712	29.77	70.23	12.261	12.303	222.605	0.0	0.01	0.0	0.1	99.9	0.0	26.727	2.518	24.186	12.513		长4+5!1^(2_3)
耿203	2262.000	76.638	60.637	28.727	71.273	12.729	13.157	223.219	0.0	0.01	0.0	0.1	99.9	0.0	26.647	2.495	21.414	13.052		长4+5!1^(2_3)
耿203	2262.125	75.839	60.571	28.573	71.427	13.335	14.802	220.452	0.0	0.01	0.0	0.1	99.9	0.0	26.547	2.489	18.973	13.758		长4+5!1^(2_3)
耿203	2262.250	75.759	60.471	28.759	71.241	13.947	17.1	212.852	0.0	0.01	0.0	0.1	99.9	0.0	26.424	2.506	17.472	14.229		长4+5!1^(2_3)
耿203	2262.375	75.634	60.412	27.35	72.65	14.461	19.34	205.531	0.0	0.01	0.0	0.1	99.9	0.0	26.321	2.532	16.482	14.808		长4+5!1^(2_3)
耿203	2262.500	74.149	60.417	25.148	74.852	15.119	20.956	200.954	0.0	0.01	0.0	0.1	99.9	0.0	26.307	2.561	15.74	15.583		长4+5!1^(2_3)
耿203	2262.625	72.279	60.456	24.333	75.667	16.013	20.672	199.182	0.0	0.01	0.0	0.1	99.9	0.0	26.328	2.583	15.284	16.657		长4+5!1^(2_3)
耿203	2262.750	71.689	60.674	24.628	75.372	16.945	18.884	201.474	0.0	0.01	0.0	0.1	99.9	0.0	26.407	2.595	15.139	17.376		长4+5!1^(2_3)
耿203	2262.875	72.333	60.967	26.722	73.278	17.684	17.299	205.63	0.0	0.01	0.0	0.1	99.9	0.0	26.532	2.606	15.571	18.146		长4+5!1^(2_3)
耿203	2263.000	74.806	61.267	31.235	68.765	18.483	15.963	209.932	0.0	0.01	0.0	0.1	99.9	0.0	26.643	2.613	16.677	18.989		长4+5!1^(2_3)
耿203	2263.125	78.53	61.596	33.38	66.62	19.228	14.544	214.886	0.0	0.01	0.0	0.1	99.9	0.0	26.772	2.605	18.084	19.584		长4+5!1^(2_3)
耿203	2263.250	80.678	62.147	37.184	62.816	19.402	13.345	221.854	0.0	0.01	0.0	0.1	99.9	0.0	26.997	2.587	19.501	19.129		长4+5!1^(2_3)
耿203	2263.375	84.256	62.625	43.697	56.303	18.794	12.705	228.088	0.0	0.01	0.0	0.1	99.9	0.0	27.308	2.555	21.066	18.291		长4+5!1^(2_3)
耿203	2263.500	90.241	62.914	57.563	42.437	17.793	12.015	233.246	0.0	0.01	0.0	0.1	99.9	0.0	27.574	2.499	22.693	17.048		长4+5!1^(2_3)
耿203	2263.625	98.811	63.153	65.143	34.857	16.248	10.939	239.077	0.0	0.01	0.0	0.1	99.9	0.0	27.885	2.444	24.039	15.05		长4+5!1^(2_3)
耿203	2263.750	103.333	63.386	72.428	27.572	14.517	9.734	249.284	0.0	0.01	0.0	0.1	99.9	0.0	28.423	2.394	25.227	13.719		长4+5!1^(2_3)
耿203	2263.875	108.05	63.492	86.322	13.678	13.2	8.888	257.642	0.0	0.01	0.0	0.1	99.9	0.0	29.139	2.332	27.619	12.421		长4+5!1^(2_3)
耿203	2264.000	114.601	63.46	95.478	4.522	11.907	8.039	263.554	0.0	0.01	0.0	0.1	99.9	0.0	29.682	2.225	32.222	11.138		长4+5!1^(2_3)
耿203	2264.125	118.412	63.365	99.9	0.1	10.506	7.102	275.462	0.0	0.01	0.0	0.1	99.9	0.0	30.219	2.129	38.563	9.559		长4+5!1^(2_3)
耿203	2264.250	120.032	63.119	99.9	0.1	9.227	6.37	286.615	0.0	0.01	0.0	0.1	99.9	0.0	30.902	2.066	45.677	8.729		长4+5!1^(2_3)
耿203	2264.375	120.038	62.847	99.9	0.1	8.441	6.119	293.617	0.0	0.01	0.0	0.1	99.9	0.0	31.605	2.009	51.501	8.01		长4+5!1^(2_3)
耿203	2264.500	119.759	62.621	96.722	3.278	7.817	5.926	297.86	0.0	0.01	0.0	0.1	99.9	0.0	31.942	1.91	54.001	7.528		长4+5!1^(2_3)
耿203	2264.625	117.66	62.393	86.897	13.103	7.223	5.581	296.181	0.0	0.01	0.0	0.1	99.9	0.0	32.136	1.81	54.344	6.765		长4+5!1^(2_3)
耿203	2264.750	113.101	61.996	77.554	22.446	6.671	5.169	291.678	0.0	0.01	0.0	0.1	99.9	0.0	32.276	1.741	55.845	6.529		长4+5!1^(2_3)
耿203	2264.875	107.493	61.607	60.913	39.087	6.479	5.148	288.271	0.0	0.01	0.0	0.1	99.9	0.0	32.401	1.696	59.585	6.404		长4+5!1^(2_3)
耿203	2265.000	98.796	61.309	51.698	48.302	6.386	5.425	286.625	0.0	0.01	0.0	0.1	99.9	0.0	32.466	1.692	61.272	6.36		长4+5!1^(2_3)
耿203	2265.125	93.043	61.008	44.626	55.374	6.341	6.305	283.532	0.0	0.01	0.0	0.1	99.9	0.0	32.409	1.72	56.532	6.313		长4+5!1^(2_3)
耿203	2265.250	88.205	60.421	39.224	60.776	6.326	7.417	276.434	0.0	0.01	0.0	0.1	99.9	0.0	31.815	1.764	47.394	6.346		长4+5!1^(2_3)
耿203	2265.375	82.888	59.768	27.647	72.353	6.392	7.823	264.953	0.0	0.01	0.0	0.1	99.9	0.0	30.633	1.823	37.777	6.461		长4+5!1^(2_3)
耿203	2265.500	73.638	59.166	21.52	78.48	6.541	8.094	250.725	0.0	0.01	0.0	0.1	99.9	0.0	29.531	1.958	29.991	6.66		长4+5!1^(2_3)
耿203	2265.625	67.944	58.487	17.828	82.172	6.86	8.953	233.106	0.0	0.01	0.0	0.1	99.9	0.0	28.518	2.125	25.369	7.159		长4+5!1^(2_3)
耿203	2265.750	63.925	57.355	14.396	85.604	7.288	10.389	223.529	0.0	0.01	0.0	0.1	99.9	0.0	27.616	2.271	23.178	7.482		长4+5!1^(2_3)
耿203	2265.875	59.385	56.299	9.174	90.826	7.633	11.044	223.199	0.0	0.01	0.0	0.1	99.9	0.0	26.989	2.383	21.77	7.86		长4+5!1^(2_3)
耿203	2266.000	53.424	55.559	6.991	93.009	8.018	10.78	225.509	0.0	0.01	0.0	0.1	99.9	0.0	26.826	2.445	20.638	8.256		长4+5!1^(2_3)
耿203	2266.125	50.631	54.92	5.762	94.238	8.596	9.75	229.858	0.0	0.01	0.0	0.1	99.9	0.0	26.785	2.468	20.099	9.106		长4+5!1^(2_3)
耿203	2266.250	49.203	54.276	5.766	94.234	9.326	8.871	233.961	0.0	0.01	0.0	0.1	99.9	0.0	26.74	2.478	20.284	9.655		长4+5!1^(2_3)
耿203	2266.375	50.887	53.944	11.918	88.082	9.859	8.894	237.763	0.0	0.01	0.0	0.1	99.9	0.0	26.674	2.485	21.546	10.165		长4+5!1^(2_3)
耿203	2266.500	59.114	54.013	18.108	81.892	10.32	9.174	242.57	0.0	0.01	0.0	0.1	99.9	0.0	26.615	2.488	23.902	10.553		长4+5!1^(2_3)
耿203	2266.625	66.547	54.321	25.321	74.679	10.742	9.824	250.997	0.0	0.01	0.0	0.1	99.9	0.0	26.558	2.49	26.277	11.025		长4+5!1^(2_3)
耿203	2266.750	74.267	55.164	34.413	65.587	11.138	10.752	257.772	0.0	0.01	0.0	0.1	99.9	0.0	26.5	2.495	27.807	11.308		长4+5!1^(2_3)
耿203	2266.875	83.525	56.13	51.589	48.411	11.405	11.522	260.242	0.0	0.01	0.0	0.1	99.9	0.0	26.458	2.503	28.236	11.55		长4+5!1^(2_3)
耿203	2267.000	95.352	56.946	62.457	37.543	11.62	12.376	259.935	0.0	0.01	0.0	0.1	99.9	0.0	26.457	2.528	27.691	11.726		长4+5!1^(2_3)
耿203	2267.125	101.795	57.74	70.063	29.937	11.955	13.516	254.657	0.0	0.01	0.0	0.1	99.9	0.0	26.481	2.552	26.737	12.298		长4+5!2^(1_1)
耿203	2267.250	105.601	58.855	72.569	27.431	12.535	14.611	248.264	0.0	0.01	0.0	0.1	99.9	0.0	26.543	2.566	25.694	12.89		长4+5!2^(1_1)
耿203	2267.375	106.051	59.836	66.69	33.31	13.149	14.99	243.489	0.0	0.01	0.0	0.1	99.9	0.0	26.642	2.575	24.184	13.536		长4+5!2^(1_1)
耿203	2267.500	102.954	60.439	62.779	37.221	13.731	15.151	240.061	0.0	0.01	0.0	0.1	99.9	0.0	26.734	2.582	22.139	14.023		长4+5!2^(1_1)
耿203	2267.625	100.795	60.891	60.18	39.82	14.019	15.267	242.478	0.0	0.01	0.0	0.1	99.9	0.0	26.836	2.589	20.364	14.013		长4+5!2^(1_1)
耿203	2267.750	99.082	61.412	56.623	43.377	13.775	15.194	253.529	0.0	0.01	0.0	0.1	99.9	0.0	27.011	2.6	19.329	13.419		长4+5!2^(1_1)
耿203	2267.875	96.521	61.849	50.805	49.195	13.018	14.666	274.677	0.0	0.01	0.0	0.1	99.9	0.0	27.259	2.61	19.011	12.418		长4+5!2^(1_1)
耿203	2268.000	93.099	62.121	48.404	51.596	11.961	13.639	306.687	0.0	0.01	0.0	0.1	99.9	0.0	27.485	2.58	19.405	11.276		长4+5!2^(1_1)
耿203	2268.125	91.495	62.323	46.533	53.467	10.562	11.511	367.039	0.0	0.01	0.0	0.1	99.9	0.0	27.731	2.474	20.43	9.492		长4+5!2^(1_1)
耿203	2268.250	90.338	62.555	45.935	54.065	9.174	8.882	418.199	0.0	0.01	0.0	0.1	99.9	0.0	28.138	2.308	22.268	8.697		长4+5!2^(1_1)
耿203	2268.375	90.348	62.742	48.436	51.564	8.493	7.549	437.348	0.0	0.01	0.0	0.1	99.9	0.0	28.702	2.139	27.403	8.187		长4+5!2^(1_1)
耿203	2268.500	91.897	62.855	49.248	50.752	8.035	6.834	433.545	0.0	0.01	0.0	0.1	99.9	0.0	29.161	2.001	37.14	7.806		长4+5!2^(1_1)
耿203	2268.625	92.28	62.941	48.718	51.282	7.627	6.574	389.646	0.0	0.01	0.0	0.1	99.9	0.0	29.545	1.93	46.062	7.358		长4+5!2^(1_1)
耿203	2268.750	92.065	63.01	49.314	50.686	7.286	6.646	335.892	0.0	0.01	0.0	0.1	99.9	0.0	29.756	1.92	48.385	7.177		长4+5!2^(1_1)
耿203	2268.875	92.191	63.072	47.828	52.172	7.153	6.841	295.758	0.0	0.01	0.0	0.1	99.9	0.0	29.612	1.936	43.244	7.116		长4+5!2^(1_1)
耿203	2269.000	91.053	63.161	45.734	54.266	7.149	7.106	264.608	0.0	0.01	0.0	0.1	99.9	0.0	29.121	2.0	34.2	7.199		长4+5!2^(1_1)
耿203	2269.125	89.624	63.305	44.235	55.765	7.398	7.958	236.233	0.0	0.01	0.0	0.1	99.9	0.0	28.429	2.1	26.931	7.696		长4+5!2^(1_1)
耿203	2269.250	88.506	63.627	42.675	57.325	7.853	9.626	218.717	0.0	0.01	0.0	0.1	99.9	0.0	27.549	2.22	23.113	8.088		长4+5!2^(1_1)
耿203	2269.375	86.964	63.999	38.785	61.215	8.251	11.367	212.822	0.0	0.01	0.0	0.1	99.9	0.0	26.695	2.361	20.96	8.494		长4+5!2^(1_1)
耿203	2269.500	84.167	64.305	36.507	63.493	8.701	12.905	211.394	0.0	0.01	0.0	0.1	99.9	0.0	26.311	2.507	19.54	9.011		长4+5!2^(1_1)
耿203	2269.625	82.605	64.618	36.033	63.967	9.555	13.428	213.528	0.0	0.01	0.0	0.1	99.9	0.0	26.185	2.594	18.954	10.368		长4+5!2^(1_1)
耿203	2269.750	82.041	65.175	34.543	65.457	10.782	12.912	216.733	0.0	0.01	0.0	0.1	99.9	0.0	26.145	2.616	19.076	11.402		长4+5!2^(1_1)
耿203	2269.875	80.575	65.725	31.864	68.136	11.827	12.397	218.9	0.0	0.01	0.0	0.1	99.9	0.0	26.145	2.618	19.577	12.463		长4+5!2^(1_1)
耿203	2270.000	78.812	66.06	32.422	67.578	12.902	12.008	219.8	0.0	0.01	0.0	0.1	99.9	0.0	26.159	2.608	20.273	13.559		长4+5!2^(1_1)
耿203	2270.125	79.562	66.29	34.492	65.508	14.111	11.442	217.244	0.0	0.01	0.0	0.1	99.9	0.0	26.178	2.585	21.079	14.938		长4+5!2^(1_1)
耿203	2270.250	81.217	66.575	35.817	64.183	15.137	10.893	212.354	0.0	0.01	0.0	0.1	99.9	0.0	26.212	2.556	22.1	15.435		长4+5!2^(1_1)
耿203	2270.375	82.094	66.829	35.717	64.283	15.457	11.067	207.305	0.0	0.01	0.0	0.1	99.9	0.0	26.262	2.528	23.244	15.489		长4+5!2^(1_1)
耿203	2270.500	81.726	66.963	33.929	66.071	15.399	11.87	203.037	0.0	0.01	0.0	0.1	99.9	0.0	26.302	2.51	23.734	15.265		长4+5!2^(1_1)
耿203	2270.625	80.067	67.021	31.366	68.634	14.919	13.3	200.809	0.0	0.01	0.0	0.1	99.9	0.0	26.327	2.505	22.847	14.401		长4+5!2^(1_1)
耿203	2270.750	78.015	67.018	29.941	70.059	14.207	14.732	201.155	0.0	0.01	0.0	0.1	99.9	0.0	26.318	2.511	20.918	13.916		长4+5!2^(1_1)
耿203	2270.875	76.902	66.982	29.482	70.518	13.835	15.281	203.041	0.0	0.01	0.0	0.1	99.9	0.0	26.269	2.525	18.751	13.713		长4+5!2^(1_1)
耿203	2271.000	76.222	66.972	27.629	72.371	13.661	15.452	205.382	0.0	0.01	0.0	0.1	99.9	0.0	26.212	2.552	17.013	13.584		长4+5!2^(1_1)
耿203	2271.125	74.47	67.023	25.712	74.288	13.515	15.36	209.811	0.0	0.01	0.0	0.1	99.9	0.0	26.164	2.572	16.369	13.413		长4+5!2^(1_1)
耿203	2271.250	73.01	67.128	25.793	74.207	13.358	14.869	215.585	0.0	0.01	0.0	0.1	99.9	0.0	26.136	2.565	16.885	13.277		长4+5!2^(1_1)
耿203	2271.375	73.506	67.247	28.062	71.938	13.251	13.998	221.732	0.0	0.01	0.0	0.1	99.9	0.0	26.137	2.539	18.462	13.213		长4+5!2^(1_1)
耿203	2271.500	75.635	67.37	30.171	69.829	13.218	12.923	228.371	0.0	0.01	0.0	0.1	99.9	0.0	26.158	2.499	20.993	13.225		长4+5!2^(1_1)
耿203	2271.625	77.423	67.501	31.44	68.56	13.206	12.029	235.885	0.0	0.01	0.0	0.1	99.9	0.0	26.183	2.472	23.205	13.177		长4+5!2^(1_1)
耿203	2271.750	78.387	67.607	31.723	68.277	13.136	11.659	240.253	0.0	0.01	0.0	0.1	99.9	0.0	26.204	2.474	24.013	13.075		长4+5!2^(1_1)
耿203	2271.875	78.725	67.652	32.497	67.503	13.018	11.672	239.625	0.0	0.01	0.0	0.1	99.9	0.0	26.217	2.493	23.187	12.933		长4+5!2^(1_1)
耿203	2272.000	79.509	67.628	33.873	66.127	12.889	11.83	236.056	0.0	0.01	0.0	0.1	99.9	0.0	26.223	2.527	21.021	12.823		长4+5!2^(1_1)
耿203	2272.125	80.635	67.534	34.873	65.127	12.742	12.314	229.903	0.0	0.01	0.0	0.1	99.9	0.0	26.237	2.559	18.954	12.621		长4+5!2^(1_1)
耿203	2272.250	81.329	67.298	34.94	65.06	12.54	13.144	225.332	0.0	0.01	0.0	0.1	99.9	0.0	26.299	2.578	17.952	12.417		长4+5!2^(1_1)
耿203	2272.375	81.404	67.021	35.118	64.882	12.326	13.743	224.949	0.0	0.01	0.0	0.1	99.9	0.0	26.427	2.588	17.998	12.189		长4+5!2^(1_1)
耿203	2272.500	81.605	66.832	35.597	64.403	12.067	13.857	227.337	0.0	0.01	0.0	0.1	99.9	0.0	26.569	2.586	18.997	11.886		长4+5!2^(1_1)
耿203	2272.625	81.986	66.672	35.953	64.047	11.674	13.155	233.165	0.0	0.01	0.0	0.1	99.9	0.0	26.716	2.571	20.41	11.358		长4+5!2^(1_1)
耿203	2272.750	82.674	66.421	38.718	61.282	11.195	11.908	239.687	0.0	0.01	0.0	0.1	99.9	0.0	26.918	2.551	21.814	10.953		长4+5!2^(1_1)
耿203	2272.875	85.963	66.179	48.62	51.38	10.802	11.105	244.663	0.0	0.01	0.0	0.1	99.9	0.0	27.18	2.531	23.614	10.578		长4+5!2^(1_1)
耿203	2273.000	93.007	66.048	56.798	43.202	10.414	10.52	248.999	0.0	0.01	0.0	0.1	99.9	0.0	27.406	2.508	26.374	10.169		长4+5!2^(1_1)
耿203	2273.125	97.986	65.952	61.492	38.508	9.883	9.75	254.401	0.0	0.01	0.0	0.1	99.9	0.0	27.61	2.487	29.512	9.456		长4+5!2^(1_1)
耿203	2273.250	101.002	65.765	67.18	32.82	9.274	8.909	259.09	0.0	0.01	0.0	0.1	99.9	0.0	27.898	2.472	32.438	9.003		长4+5!2^(1_1)
耿203	2273.375	104.943	65.521	78.721	21.279	8.888	8.533	261.644	0.0	0.01	0.0	0.1	99.9	0.0	28.271	2.453	35.049	8.716		长4+5!2^(1_1)
耿203	2273.500	110.824	65.292	87.395	12.605	8.622	8.499	263.069	0.0	0.01	0.0	0.1	99.9	0.0	28.546	2.405	36.706	8.482		长4+5!2^(1_1)
耿203	2273.625	114.831	65.093	93.45	6.55	8.387	8.457	264.284	0.0	0.01	0.0	0.1	99.9	0.0	28.689	2.338	36.645	8.245		长4+5!2^(1_1)
耿203	2273.750	117.364	64.906	96.469	3.531	8.213	8.221	265.365	0.0	0.01	0.0	0.1	99.9	0.0	28.721	2.28	35.468	8.166		长4+5!2^(1_1)
耿203	2273.875	118.09	64.741	92.461	7.539	8.187	8.042	266.384	0.0	0.01	0.0	0.1	99.9	0.0	28.651	2.235	34.812	8.219		长4+5!2^(1_1)
耿203	2274.000	116.093	64.625	86.601	13.399	8.259	8.178	267.556	0.0	0.01	0.0	0.1	99.9	0.0	28.573	2.21	35.726	8.32		长4+5!2^(1_1)
耿203	2274.125	113.627	64.576	83.904	16.096	8.384	9.0	268.355	0.0	0.01	0.0	0.1	99.9	0.0	28.526	2.211	37.148	8.48		长4+5!2^(1_1)
耿203	2274.250	112.236	64.636	80.487	19.513	8.513	10.166	267.47	0.0	0.01	0.0	0.1	99.9	0.0	28.459	2.232	37.39	8.562		长4+5!2^(1_1)
耿203	2274.375	109.877	64.761	71.077	28.923	8.588	10.51	264.442	0.0	0.01	0.0	0.1	99.9	0.0	28.312	2.26	35.796	8.628		长4+5!2^(1_1)
耿203	2274.500	105.127	64.874	64.379	35.621	8.676	10.138	260.204	0.0	0.01	0.0	0.1	99.9	0.0	28.121	2.31	32.952	8.748		长4+5!2^(1_1)
耿203	2274.625	101.622	64.989	60.698	39.302	8.863	9.81	256.299	0.0	0.01	0.0	0.1	99.9	0.0	27.928	2.379	31.156	9.034		长4+5!2^(1_1)
耿203	2274.750	99.421	65.173	57.278	42.722	9.131	10.118	255.082	0.0	0.01	0.0	0.1	99.9	0.0	27.741	2.444	31.513	9.276		长4+5!2^(1_1)
耿203	2274.875	97.013	65.361	51.955	48.045	9.342	10.867	256.487	0.0	0.01	0.0	0.1	99.9	0.0	27.572	2.499	32.689	9.44		长4+5!2^(1_2)
耿203	2275.000	93.753	65.472	48.594	51.406	9.497	11.501	257.753	0.0	0.01	0.0	0.1	99.9	0.0	27.437	2.547	32.702	9.582		长4+5!2^(1_2)
耿203	2275.125	91.686	65.534	47.118	52.882	9.694	11.662	253.844	0.0	0.01	0.0	0.1	99.9	0.0	27.283	2.576	30.9	9.862		长4+5!2^(1_2)
耿203	2275.250	90.743	65.628	46.404	53.596	9.984	11.664	245.46	0.0	0.01	0.0	0.1	99.9	0.0	26.99	2.578	28.104	10.166		长4+5!2^(1_2)
耿203	2275.375	90.301	65.76	46.192	53.808	10.287	12.111	236.972	0.0	0.01	0.0	0.1	99.9	0.0	26.55	2.569	25.089	10.468		长4+5!2^(1_2)
耿203	2275.500	90.324	65.893	47.208	52.792	10.58	13.1	230.082	0.0	0.01	0.0	0.1	99.9	0.0	26.198	2.563	22.07	10.748		长4+5!2^(1_2)
耿203	2275.625	91.292	66.022	49.923	50.077	10.925	14.542	224.973	0.0	0.01	0.0	0.1	99.9	0.0	26.008	2.569	19.883	11.19		长4+5!2^(1_2)
耿203	2275.750	93.038	66.19	51.49	48.51	11.372	15.793	222.287	0.0	0.01	0.0	0.1	99.9	0.0	25.841	2.583	18.877	11.644		长4+5!2^(1_2)
耿203	2275.875	94.027	66.364	52.431	47.569	11.831	15.979	221.617	0.0	0.01	0.0	0.1	99.9	0.0	25.684	2.597	18.537	12.111		长4+5!2^(1_2)
耿203	2276.000	94.791	66.484	54.351	45.649	12.321	15.621	221.51	0.0	0.01	0.0	0.1	99.9	0.0	25.59	2.61	18.537	12.635		长4+5!2^(1_2)
耿203	2276.125	95.911	66.573	55.09	44.91	13.001	15.452	221.233	0.0	0.01	0.0	0.1	99.9	0.0	25.541	2.618	18.606	13.549		长4+5!2^(1_2)
耿203	2276.250	96.147	66.643	53.932	46.068	13.887	15.483	220.887	0.0	0.01	0.0	0.1	99.9	0.0	25.494	2.618	18.53	14.393		长4+5!2^(1_2)
耿203	2276.375	95.245	66.679	51.738	48.262	14.644	15.42	220.536	0.0	0.01	0.0	0.1	99.9	0.0	25.441	2.612	18.361	15.02		长4+5!2^(1_2)
耿203	2276.500	93.788	66.691	49.691	50.309	15.236	15.296	220.207	0.0	0.01	0.0	0.1	99.9	0.0	25.399	2.597	18.248	15.561		长4+5!2^(1_2)
耿203	2276.625	92.157	66.702	46.119	53.881	15.807	15.561	220.227	0.0	0.01	0.0	0.1	99.9	0.0	25.37	2.578	18.145	16.175		长4+5!2^(1_2)
耿203	2276.750	89.597	66.714	42.553	57.447	16.314	16.388	220.774	0.0	0.01	0.0	0.1	99.9	0.0	25.343	2.568	17.824	16.522		长4+5!2^(1_2)
耿203	2276.875	87.08	66.71	39.992	60.008	16.535	17.157	221.741	0.0	0.01	0.0	0.1	99.9	0.0	25.319	2.568	17.07	16.553		长4+5!2^(1_2)
耿203	2277.000	85.086	66.688	37.435	62.565	16.524	17.53	222.972	0.0	0.01	0.0	0.1	99.9	0.0	25.306	2.576	15.808	16.482		长4+5!2^(1_2)
耿203	2277.125	83.066	66.659	35.133	64.867	16.503	17.448	224.282	0.0	0.01	0.0	0.1	99.9	0.0	25.306	2.591	14.762	16.534		长4+5!2^(1_2)
耿203	2277.250	81.361	66.612	34.091	65.909	16.626	17.033	224.766	0.0	0.01	0.0	0.1	99.9	0.0	25.322	2.602	14.554	16.764		长4+5!2^(1_2)
耿203	2277.375	80.98	66.539	36.038	63.962	16.898	16.65	223.627	0.0	0.01	0.0	0.1	99.9	0.0	25.364	2.61	15.31	17.099		长4+5!2^(1_2)
耿203	2277.500	82.726	66.432	38.688	61.312	17.269	16.384	221.131	0.0	0.01	0.0	0.1	99.9	0.0	25.42	2.616	17.267	17.524		长4+5!2^(1_2)
耿203	2277.625	84.899	66.272	41.502	58.498	17.747	16.057	217.508	0.0	0.01	0.0	0.1	99.9	0.0	25.484	2.617	19.418	18.082		长4+5!2^(1_2)
耿203	2277.750	87.226	66.036	45.207	54.793	18.128	15.554	214.837	0.0	0.01	0.0	0.1	99.9	0.0	25.582	2.615	20.729	18.196		长4+5!2^(1_2)
耿203	2277.875	89.958	65.792	48.69	51.31	17.989	14.969	215.406	0.0	0.01	0.0	0.1	99.9	0.0	25.735	2.614	21.205	17.679		长4+5!2^(1_2)
耿203	2278.000	92.33	65.633	51.355	48.645	17.288	14.333	218.836	0.0	0.01	0.0	0.1	99.9	0.0	25.901	2.612	20.961	16.703		长4+5!2^(1_2)
耿203	2278.125	94.093	65.482	53.481	46.519	15.807	13.32	225.641	0.0	0.01	0.0	0.1	99.9	0.0	26.069	2.59	20.446	14.464		长4+5!2^(1_2)
耿203	2278.250	95.512	65.231	55.575	44.425	13.602	11.694	233.225	0.0	0.01	0.0	0.1	99.9	0.0	26.331	2.526	20.226	12.312		长4+5!2^(1_2)
耿203	2278.375	96.743	64.929	56.58	43.42	11.798	10.021	237.199	0.0	0.01	0.0	0.1	99.9	0.0	26.745	2.415	20.971	11.029		长4+5!2^(1_2)
耿203	2278.500	97.29	64.688	56.791	43.209	10.634	8.583	237.617	0.0	0.01	0.0	0.1	99.9	0.0	27.187	2.239	24.588	10.042		长4+5!2^(1_2)
耿203	2278.625	97.371	64.472	56.579	43.421	9.626	7.267	234.669	0.0	0.01	0.0	0.1	99.9	0.0	27.585	2.032	31.98	9.003		长4+5!2^(1_2)
耿203	2278.750	97.269	64.174	56.63	43.37	8.7	6.249	230.442	0.0	0.01	0.0	0.1	99.9	0.0	28.063	1.896	43.425	8.245		长4+5!2^(1_2)
耿203	2278.875	97.363	63.81	57.162	42.838	8.105	5.864	229.325	0.0	0.01	0.0	0.1	99.9	0.0	28.604	1.827	56.195	7.894		长4+5!2^(1_2)
耿203	2279.000	97.538	63.505	56.396	43.604	7.79	5.933	233.101	0.0	0.01	0.0	0.1	99.9	0.0	28.94	1.796	60.065	7.633		长4+5!2^(1_2)
耿203	2279.125	97.108	63.258	56.107	43.893	7.561	6.233	247.298	0.0	0.01	0.0	0.1	99.9	0.0	28.933	1.809	52.729	7.452		长4+5!2^(1_2)
耿203	2279.250	97.119	62.968	57.368	42.632	7.438	6.835	269.359	0.0	0.01	0.0	0.1	99.9	0.0	28.608	1.866	42.296	7.417		长4+5!2^(1_2)
耿203	2279.375	97.571	62.618	55.839	44.161	7.465	7.694	287.131	0.0	0.01	0.0	0.1	99.9	0.0	27.904	1.962	33.816	7.538		长4+5!2^(1_2)
耿203	2279.500	96.301	62.346	52.162	47.838	7.624	8.865	297.089	0.0	0.01	0.0	0.1	99.9	0.0	27.174	2.125	27.103	7.752		长4+5!2^(1_2)
耿203	2279.625	94.014	62.198	49.66	50.34	7.961	10.665	295.298	0.0	0.01	0.0	0.1	99.9	0.0	26.685	2.331	22.911	8.273		长4+5!2^(1_2)
耿203	2279.750	92.276	62.063	47.061	52.939	8.55	12.797	281.447	0.0	0.01	0.0	0.1	99.9	0.0	26.296	2.454	21.639	8.965		长4+5!2^(1_2)
耿203	2279.875	90.471	61.878	44.76	55.24	9.254	14.042	264.733	0.0	0.01	0.0	0.1	99.9	0.0	26.0	2.49	22.201	9.687		长4+5!2^(1_2)
耿203	2280.000	89.146	61.689	44.871	55.129	10.061	14.373	250.233	0.0	0.01	0.0	0.1	99.9	0.0	25.824	2.494	24.342	10.621		长4+5!2^(1_2)
耿203	2280.125	89.304	61.498	45.504	54.496	11.338	14.664	239.091	0.0	0.01	0.0	0.1	99.9	0.0	25.734	2.487	26.68	12.412		长4+5!2^(1_2)
耿203	2280.250	89.564	61.218	44.738	55.262	13.174	15.156	233.558	0.0	0.01	0.0	0.1	99.9	0.0	25.604	2.482	27.842	14.315		长4+5!2^(1_2)
耿203	2280.375	89.315	60.835	46.125	53.875	14.767	15.716	234.313	0.0	0.01	0.0	0.1	99.9	0.0	25.403	2.478	28.014	15.443		长4+5!2^(1_2)
耿203	2280.500	90.409	60.481	48.08	51.92	15.752	16.396	238.116	0.0	0.01	0.0	0.1	99.9	0.0	25.207	2.47	27.619	16.213		长4+5!2^(1_2)
耿203	2280.625	91.365	60.1	46.907	53.093	16.332	17.675	242.291	0.0	0.01	0.0	0.1	99.9	0.0	25.083	2.462	27.039	16.51		长4+5!2^(1_3)
耿203	2280.750	90.371	59.445	44.678	55.322	16.459	19.417	244.824	0.0	0.01	0.0	0.1	99.9	0.0	24.99	2.459	26.368	16.382		长4+5!2^(1_3)
耿203	2280.875	88.397	58.5	40.254	59.746	16.26	20.391	244.126	0.0	0.01	0.0	0.1	99.9	0.0	24.931	2.464	25.329	16.077		长4+5!2^(1_3)
耿203	2281.000	84.854	57.719	35.036	64.964	15.984	20.264	241.386	0.463	3.533	10.772	12.967	55.072	0.445	24.907	2.467	23.383	15.846	水层	长4+5!2^(1_3)
耿203	2281.125	80.818	57.113	31.345	68.655	15.958	19.891	237.948	0.477	3.392	10.834	12.838	54.98	0.439	24.907	2.466	21.191	16.125	水层	长4+5!2^(1_3)
耿203	2281.250	77.515	56.335	27.322	72.678	16.458	19.873	234.976	0.485	3.676	10.868	12.908	53.451	0.423	24.908	2.466	19.477	16.957	水层	长4+5!2^(1_3)
耿203	2281.375	73.283	55.364	21.01	78.99	17.335	20.486	233.58	0.56	5.045	11.162	13.507	50.42	0.406	24.91	2.471	18.024	17.9	水层	长4+5!2^(1_3)
耿203	2281.500	67.03	54.63	15.725	84.275	18.295	21.762	232.739	0.739	6.61	11.725	14.017	47.783	0.389	24.912	2.481	16.291	18.887	水层	长4+5!2^(1_3)
耿203	2281.625	61.984	54.103	14.39	85.61	19.431	24.605	230.287	0.844	6.308	11.995	13.74	46.814	0.369	24.912	2.494	14.603	20.246	水层	长4+5!2^(1_3)
耿203	2281.750	60.45	53.639	13.327	86.673	20.718	29.828	225.75	0.723	5.267	11.682	13.193	46.853	0.354	24.927	2.509	13.305	21.423	水层	长4+5!2^(1_3)
耿203	2281.875	59.216	53.352	12.55	87.45	21.456	35.487	221.247	0.612	4.388	11.341	12.777	47.839	0.354	24.981	2.526	12.162	21.505	水层	长4+5!2^(1_3)
耿203	2282.000	58.383	53.283	12.322	87.678	21.31	39.593	217.529	0.528	3.518	11.04	12.347	49.551	0.36	25.04	2.536	10.866	21.018	水层	长4+5!2^(1_3)
耿203	2282.125	58.317	53.359	12.977	87.023	20.552	39.055	213.946	0.441	2.548	10.674	11.787	52.57	0.376	25.075	2.514	9.858	19.855	水层	长4+5!2^(1_3)
耿203	2282.250	59.414	53.661	14.779	85.221	19.306	30.901	210.226	0.345	1.654	10.172	11.056	56.683	0.397	25.157	2.436	9.595	18.486	水层	长4+5!2^(1_3)
耿203	2282.375	62.242	54.219	19.446	80.554	18.15	22.053	206.598	0.248	0.914	9.5	10.021	61.418	0.412	25.335	2.318	10.317	17.647	水层	长4+5!2^(1_3)
耿203	2282.500	67.853	54.748	25.937	74.063	17.337	17.974	202.29	0.149	0.01	8.467	8.67	67.791	0.427	25.577	2.196	13.915	16.873	水层	长4+5!2^(1_3)
耿203	2282.625	73.985	55.259	30.045	69.955	16.484	16.082	196.432	0.081	0.01	7.219	7.4	75.126	0.448	25.826	2.091	19.83	15.9	水层	长4+5!2^(1_3)
耿203	2282.750	78.098	55.954	35.906	64.094	15.494	15.538	191.233	0.0	0.01	0.0	6.29	82.896	0.0	26.123	2.044	25.745	14.886	水层	长4+5!2^(1_3)
耿203	2282.875	83.685	56.813	45.559	54.441	14.651	15.379	191.756	0.0	0.01	0.0	0.1	99.9	0.0	26.441	2.041	29.825	14.299		长4+5!2^(1_3)
耿203	2283.000	91.267	57.467	56.946	43.054	14.105	15.115	198.666	0.0	0.01	0.0	0.1	99.9	0.0	26.605	2.073	29.626	13.814		长4+5!2^(1_3)
耿203	2283.125	98.224	57.902	62.839	37.161	13.617	15.321	213.129	0.0	0.01	0.0	0.1	99.9	0.0	26.51	2.163	26.571	13.323		长4+5!2^(1_3)
耿203	2283.250	101.609	58.249	66.791	33.209	13.153	17.053	232.844	0.0	0.01	0.0	0.1	99.9	0.0	26.268	2.282	23.715	12.898		长4+5!2^(1_3)
耿203	2283.375	103.661	58.573	68.469	31.531	12.847	20.028	245.203	0.0	0.01	0.0	0.1	99.9	0.0	25.893	2.407	21.819	12.771		长4+5!2^(1_3)
耿203	2283.500	104.541	58.839	69.462	30.538	12.768	22.776	248.334	0.0	0.01	0.0	0.1	99.9	0.0	25.578	2.52	20.82	12.764		长4+5!2^(1_3)
耿203	2283.625	105.071	58.985	70.188	29.812	12.89	23.496	244.516	0.0	0.01	0.0	0.1	99.9	0.0	25.474	2.584	20.64	13.078		长4+5!2^(1_3)
耿203	2283.750	105.166	58.939	68.143	31.857	13.332	21.252	235.328	0.0	0.01	0.0	0.1	99.9	0.0	25.443	2.61	20.818	13.712		长4+5!2^(1_3)
耿203	2283.875	103.315	58.609	60.263	39.737	13.975	18.655	228.272	0.0	0.01	0.0	0.1	99.9	0.0	25.464	2.616	20.767	14.369		长4+5!2^(1_3)
耿203	2284.000	98.236	58.162	49.942	50.058	14.685	17.575	225.144	0.0	0.01	0.0	0.1	99.9	0.0	25.506	2.613	19.868	15.159		长4+5!2^(1_3)
耿203	2284.125	92.077	57.653	44.614	55.386	15.554	16.979	224.311	0.0	0.01	0.0	0.1	99.9	0.0	25.547	2.606	18.603	16.147		长4+5!2^(1_3)
耿203	2284.250	88.505	56.951	41.189	58.811	16.524	16.608	225.098	0.0	0.01	0.0	0.1	99.9	0.0	25.603	2.6	17.716	17.089		长4+5!2^(1_3)
耿203	2284.375	85.908	55.927	37.887	62.113	17.194	16.454	226.153	0.201	1.465	9.075	10.938	58.81	0.418	25.689	2.588	17.256	17.352		长4+5!2^(1_3)
耿203	2284.500	83.011	54.949	33.091	66.909	17.362	16.506	226.974	0.243	1.919	9.462	11.471	57.07	0.417	25.78	2.577	17.127	17.376	水层	长4+5!2^(1_3)
耿203	2284.625	79.128	54.099	29.375	70.625	17.209	16.576	227.385	0.303	2.256	9.909	11.852	56.556	0.424	25.84	2.573	17.13	16.959	水层	长4+5!2^(1_3)
耿203	2284.750	75.784	53.164	25.757	74.243	16.668	16.61	226.915	0.351	2.438	10.208	12.104	56.98	0.438	25.893	2.573	17.064	16.232	水层	长4+5!2^(1_3)
耿203	2284.875	72.676	52.036	23.922	76.078	16.07	16.588	225.659	0.385	2.381	10.4	12.106	57.67	0.446	25.938	2.574	16.917	15.827	水层	长4+5!2^(1_3)
耿203	2285.000	71.287	51.168	24.269	75.731	15.687	16.51	224.065	0.381	2.066	10.379	11.852	59.087	0.453	25.965	2.571	16.775	15.476	水层	长4+5!2^(1_3)
耿203	2285.125	71.63	50.586	24.589	75.411	15.303	16.37	222.544	0.347	1.809	10.184	11.631	60.592	0.463	25.969	2.564	16.737	15.045	水层	长4+5!2^(1_3)
耿203	2285.250	71.785	49.991	24.082	75.918	14.825	16.11	221.567	0.327	1.718	10.066	11.598	61.776	0.476	25.969	2.551	16.795	14.494	水层	长4+5!2^(1_3)
耿203	2285.375	71.048	49.219	22.454	77.546	14.352	15.768	221.633	0.341	1.895	10.15	11.85	61.67	0.485	25.967	2.534	16.88	14.139	水层	长4+5!2^(1_3)
耿203	2285.500	69.271	48.599	20.323	79.677	13.995	15.397	222.395	0.388	2.191	10.414	12.209	61.253	0.494	25.966	2.522	16.925	13.78	水层	长4+5!2^(1_3)
耿203	2285.625	67.403	48.175	20.008	79.992	13.602	14.902	223.588	0.454	2.349	10.733	12.427	61.505	0.506	25.967	2.513	16.871	13.334	水层	长4+5!2^(1_3)
耿203	2285.750	67.102	47.734	19.874	80.126	13.126	14.248	225.315	0.504	2.557	10.944	12.697	61.804	0.521	25.969	2.501	16.737	12.813	水层	长4+5!2^(1_3)
耿203	2285.875	66.868	47.18	19.33	80.67	12.703	13.695	226.745	0.548	2.745	11.118	12.902	61.784	0.53	25.971	2.487	16.62	12.539	水层	长4+5!2^(1_3)
耿203	2286.000	65.962	46.808	17.393	82.607	12.438	13.439	227.63	0.601	3.114	11.304	13.233	61.339	0.537	25.972	2.477	16.6	12.287	水层	长4+5!2^(1_3)
耿203	2286.125	63.919	46.664	16.039	83.961	12.181	13.264	227.89	0.676	3.268	11.544	13.392	61.473	0.546	25.972	2.472	16.777	12.023	水层	长4+5!2^(1_3)
耿203	2286.250	62.345	46.691	14.668	85.332	11.915	13.13	227.202	0.707	3.452	11.636	13.424	62.038	0.555	25.971	2.468	17.042	11.751	水层	长4+5!2^(1_3)
耿203	2286.375	60.769	46.957	13.529	86.471	11.709	13.024	226.333	0.733	3.812	11.709	13.48	62.131	0.559	25.973	2.467	17.395	11.644	水层	长4+5!2^(1_3)
耿203	2286.500	59.411	47.302	12.53	87.47	11.616	12.944	226.001	0.773	4.279	11.816	13.604	61.925	0.561	25.976	2.464	17.638	11.574	水层	长4+5!2^(1_3)
耿203	2286.625	58.352	47.709	12.276	87.724	11.555	12.846	226.75	0.847	4.662	12.004	13.808	61.416	0.563	25.98	2.459	17.642	11.528	水层	长4+5!2^(1_3)
耿203	2286.750	58.263	48.389	12.949	87.051	11.514	12.708	229.028	0.957	4.85	12.251	14.099	60.629	0.564	25.983	2.454	17.459	11.493	水层	长4+5!2^(1_3)
耿203	2286.875	59.63	50.04	15.809	84.191	11.489	12.58	231.27	1.001	3.973	12.342	13.958	61.075	0.564	25.985	2.45	17.314	11.483	水层	长4+5!2^(1_3)
耿203	2287.000	63.997	51.503	23.131	76.869	11.488	12.511	232.819	0.866	2.982	12.049	13.276	63.14	0.564	25.984	2.452	17.406	11.497	水层	长4+5!2^(1_3)
耿203	2287.125	71.436	52.532	28.374	71.626	11.527	12.465	234.055	0.631	2.513	11.404	12.872	64.242	0.562	25.982	2.455	17.742	11.571	水层	长4+5!2^(1_3)
耿203	2287.250	76.691	54.332	34.875	65.125	11.649	12.486	235.238	0.0	2.072	0.0	12.407	65.26	0.0	25.98	2.464	18.62	11.767	水层	长4+5!2^(1_3)
耿203	2287.375	82.946	55.918	45.241	54.759	11.867	12.608	236.147	0.0	0.01	0.0	0.1	99.9	0.0	25.976	2.498	19.763	12.017		长4+5!2^(1_3)
耿203	2287.500	91.908	56.995	63.688	36.312	12.143	12.832	236.85	0.0	0.01	0.0	0.1	99.9	0.0	25.973	2.533	20.738	12.333		长4+5!2^(1_3)
耿203	2287.625	102.956	58.005	75.323	24.677	12.499	13.238	237.611	0.0	0.01	0.0	0.1	99.9	0.0	25.971	2.558	21.595	12.747		长4+5!2^(1_3)
耿203	2287.750	109.168	59.474	84.974	15.026	12.983	13.97	238.594	0.0	0.01	0.0	0.1	99.9	0.0	25.969	2.579	23.0	13.337		长4+5!2^(1_3)
耿203	2287.875	113.589	60.687	90.118	9.882	13.484	14.747	239.572	0.0	0.01	0.0	0.1	99.9	0.0	25.969	2.597	24.9	13.704		长4+5!2^(2_1)
耿203	2288.000	115.583	61.426	90.401	9.599	13.828	15.214	240.807	0.0	0.01	0.0	0.1	99.9	0.0	25.971	2.602	26.83	14.012		长4+5!2^(2_1)
耿203	2288.125	115.498	62.033	88.365	11.635	14.07	15.532	243.256	0.0	0.01	0.0	0.1	99.9	0.0	25.977	2.593	28.504	14.157		长4+5!2^(2_1)
耿203	2288.250	114.541	62.775	86.37	13.63	14.139	15.448	248.111	0.0	0.01	0.0	0.1	99.9	0.0	25.984	2.575	28.765	14.112		长4+5!2^(2_1)
耿203	2288.375	113.302	63.356	81.523	18.477	14.044	14.716	252.526	0.0	0.01	0.0	0.1	99.9	0.0	25.996	2.547	27.318	13.943		长4+5!2^(2_1)
耿203	2288.500	110.357	63.729	71.637	28.363	13.821	13.613	255.073	0.0	0.01	0.0	0.1	99.9	0.0	26.014	2.527	25.176	13.64		长4+5!2^(2_1)
耿203	2288.625	105.499	64.019	65.448	34.552	13.457	12.649	255.244	0.0	0.01	0.0	0.1	99.9	0.0	26.029	2.521	23.231	13.183		长4+5!2^(2_1)
耿203	2288.750	102.454	64.37	63.43	36.57	12.905	12.012	251.66	0.0	0.01	0.0	0.1	99.9	0.0	26.047	2.524	22.229	12.49		长4+5!2^(2_1)
耿203	2288.875	101.617	64.674	64.418	35.582	12.335	11.721	246.343	0.0	0.01	0.0	0.1	99.9	0.0	26.073	2.561	22.558	12.101		长4+5!2^(2_1)
耿203	2289.000	102.669	64.899	69.504	30.496	11.951	11.604	241.496	0.0	0.01	0.0	0.1	99.9	0.0	26.092	2.607	23.762	11.725		长4+5!2^(2_1)
耿203	2289.125	105.309	65.096	72.189	27.811	11.581	11.404	238.453	0.0	0.01	0.0	0.1	99.9	0.0	26.081	2.637	24.943	11.364		长4+5!2^(2_1)
耿203	2289.250	106.679	65.397	73.839	26.161	11.228	11.317	240.338	0.0	0.01	0.0	0.1	99.9	0.0	26.049	2.65	25.005	11.025		长4+5!2^(2_1)
耿203	2289.375	107.368	65.705	73.586	26.414	10.983	11.601	244.652	0.0	0.01	0.0	0.1	99.9	0.0	25.98	2.629	24.061	10.92		长4+5!2^(2_1)
耿203	2289.500	107.699	65.939	77.751	22.249	10.904	12.21	247.978	0.0	0.01	0.0	0.1	99.9	0.0	25.894	2.594	23.02	10.88		长4+5!2^(2_1)
耿203	2289.625	109.464	66.159	77.747	22.253	10.895	12.836	249.125	0.0	0.01	0.0	0.1	99.9	0.0	25.847	2.568	22.266	10.919		长4+5!2^(2_1)
耿203	2289.750	109.047	66.577	73.803	26.197	11.075	13.306	245.04	0.0	0.01	0.0	0.1	99.9	0.0	25.817	2.561	21.623	11.309		长4+5!2^(2_1)
耿203	2289.875	106.973	66.943	70.111	29.889	11.453	13.428	239.588	0.0	0.01	0.0	0.1	99.9	0.0	25.797	2.578	21.032	11.669		长4+5!2^(2_1)
耿203	2290.000	104.188	67.169	60.149	39.851	11.844	13.51	235.722	0.0	0.01	0.0	0.1	99.9	0.0	25.786	2.596	20.541	12.106		长4+5!2^(2_1)
耿203	2290.125	99.058	67.379	56.553	43.447	12.337	13.895	233.071	0.0	0.01	0.0	0.1	99.9	0.0	25.787	2.603	20.101	12.683		长4+5!2^(2_1)
耿203	2290.250	96.903	67.652	53.917	46.083	13.205	14.71	231.041	0.0	0.01	0.0	0.1	99.9	0.0	25.794	2.605	19.609	13.986		长4+5!2^(2_1)
耿203	2290.375	95.251	67.808	51.844	48.156	14.241	15.721	229.699	0.0	0.01	0.0	0.1	99.9	0.0	25.808	2.604	19.229	14.623		长4+5!2^(2_1)
耿203	2290.500	93.573	67.868	47.747	52.253	14.871	16.341	228.721	0.0	0.01	0.0	0.1	99.9	0.0	25.825	2.604	19.124	15.243		长4+5!2^(2_1)
耿203	2290.625	91.2	67.979	47.079	52.921	15.483	16.964	227.709	0.0	0.01	0.0	0.1	99.9	0.0	25.836	2.606	19.216	15.842		长4+5!2^(2_1)
耿203	2290.750	90.78	68.068	46.813	53.187	16.179	17.821	226.38	0.0	0.01	0.0	0.1	99.9	0.0	25.845	2.609	19.347	16.684		长4+5!2^(2_1)
耿203	2290.875	90.584	68.09	46.513	53.487	16.757	18.644	225.363	0.0	0.01	0.0	0.1	99.9	0.0	25.857	2.611	19.312	16.865		长4+5!2^(2_1)
耿203	2291.000	90.706	68.131	48.594	51.406	16.914	18.908	224.732	0.0	0.01	0.0	0.1	99.9	0.0	25.873	2.611	19.028	16.987		长4+5!2^(2_1)
耿203	2291.125	91.938	68.176	48.903	51.097	17.039	18.947	224.069	0.0	0.01	0.0	0.1	99.9	0.0	25.888	2.608	18.597	17.115		长4+5!2^(2_1)
耿203	2291.250	92.179	68.236	49.379	50.621	17.169	18.683	222.858	0.0	0.01	0.0	0.1	99.9	0.0	25.904	2.606	18.171	17.249		长4+5!2^(2_1)
耿203	2291.375	92.815	68.341	52.081	47.919	17.239	18.292	221.817	0.0	0.01	0.0	0.1	99.9	0.0	25.93	2.607	18.014	17.224		长4+5!2^(2_1)
耿203	2291.500	94.857	68.452	56.319	43.681	17.228	18.102	221.38	0.0	0.01	0.0	0.1	99.9	0.0	25.964	2.611	18.261	17.233		长4+5!2^(2_1)
耿203	2291.625	97.357	68.512	58.385	41.615	17.283	17.934	221.43	0.0	0.01	0.0	0.1	99.9	0.0	25.992	2.613	18.8	17.357		长4+5!2^(2_1)
耿203	2291.750	98.855	68.568	62.002	37.998	17.472	17.59	222.767	0.0	0.01	0.0	0.1	99.9	0.0	26.021	2.614	19.577	17.644		长4+5!2^(2_1)
耿203	2291.875	100.966	68.685	64.729	35.271	17.652	17.187	224.655	0.0	0.01	0.0	0.1	99.9	0.0	26.072	2.609	20.224	17.663		长4+5!2^(2_1)
耿203	2292.000	102.419	68.798	66.015	33.985	17.653	17.014	226.491	0.0	0.01	0.0	0.1	99.9	0.0	26.143	2.603	20.459	17.638		长4+5!2^(2_1)
耿203	2292.125	103.056	68.839	66.321	33.679	17.605	16.806	228.365	0.0	0.01	0.0	0.1	99.9	0.0	26.21	2.597	20.451	17.556		长4+5!2^(2_1)
耿203	2292.250	103.399	68.808	68.075	31.925	17.166	16.26	230.893	0.0	0.01	0.0	0.1	99.9	0.0	26.288	2.591	20.599	16.581		长4+5!2^(2_1)
耿203	2292.375	104.351	68.739	69.365	30.635	16.239	15.496	232.97	0.0	0.01	0.0	0.1	99.9	0.0	26.432	2.573	21.134	15.728		长4+5!2^(2_1)
耿203	2292.500	105.827	68.634	77.65	22.35	15.375	14.81	234.44	0.0	0.01	0.0	0.1	99.9	0.0	26.646	2.547	22.095	14.847		长4+5!2^(2_1)
耿203	2292.625	110.226	68.504	85.786	14.214	14.488	13.772	236.296	0.0	0.01	0.0	0.1	99.9	0.0	26.842	2.518	23.549	13.951		长4+5!2^(2_1)
耿203	2292.750	114.061	68.242	91.796	8.204	13.304	12.081	242.078	0.0	0.01	0.0	0.1	99.9	0.0	27.052	2.485	26.725	12.334		长4+5!2^(2_1)
耿203	2292.875	116.617	67.96	94.898	5.102	12.036	10.379	250.209	0.0	0.01	0.0	0.1	99.9	0.0	27.382	2.413	31.23	11.588		长4+5!2^(2_1)
耿203	2293.000	118.688	67.707	99.9	0.1	11.393	9.721	259.378	0.0	0.01	0.0	0.1	99.9	0.0	27.814	2.329	35.677	11.1		长4+5!2^(2_1)
耿203	2293.125	123.441	67.463	99.9	0.1	10.945	9.438	270.309	0.0	0.01	0.0	0.1	99.9	0.0	28.132	2.273	39.916	10.712		长4+5!2^(2_1)
耿203	2293.250	127.941	67.048	99.9	0.1	10.506	9.615	288.124	0.0	0.01	0.0	0.1	99.9	0.0	28.364	2.245	46.088	10.198		长4+5!2^(2_1)
耿203	2293.375	130.494	66.676	99.9	0.1	10.131	10.217	303.57	0.0	0.01	0.0	0.1	99.9	0.0	28.439	2.249	53.104	10.029		长4+5!2^(2_1)
耿203	2293.500	131.508	66.432	99.9	0.1	10.016	10.891	311.768	0.0	0.01	0.0	0.1	99.9	0.0	28.269	2.263	57.314	9.995		长4+5!2^(2_1)
耿203	2293.625	130.911	66.207	99.9	0.1	10.008	11.762	315.972	0.0	0.01	0.0	0.1	99.9	0.0	27.911	2.266	56.991	10.027		长4+5!2^(2_1)
耿203	2293.750	129.446	65.859	99.9	0.1	10.132	13.586	315.253	0.0	0.01	0.0	0.1	99.9	0.0	27.437	2.255	50.402	10.29		长4+5!2^(2_1)
耿203	2293.875	129.207	65.503	99.9	0.1	10.41	15.998	311.229	0.0	0.01	0.0	0.1	99.9	0.0	26.794	2.228	41.396	10.589		长4+5!2^(2_1)
耿203	2294.000	129.897	65.165	99.9	0.1	10.718	17.203	306.056	0.0	0.01	0.0	0.1	99.9	0.0	26.109	2.216	35.198	10.91		长4+5!2^(2_1)
耿203	2294.125	127.278	64.801	99.9	0.1	11.044	17.566	300.161	0.0	0.01	0.0	0.1	99.9	0.0	25.741	2.249	31.948	11.243		长4+5!2^(2_1)
耿203	2294.250	122.48	64.149	95.036	4.964	11.583	16.733	290.386	0.0	0.01	0.0	0.1	99.9	0.0	25.563	2.315	29.641	12.092		长4+5!2^(2_2)
耿203	2294.375	116.479	63.479	80.997	19.003	12.345	15.038	280.547	0.0	0.01	0.0	0.1	99.9	0.0	25.472	2.404	27.401	12.724		长4+5!2^(2_2)
耿203	2294.500	108.988	62.887	61.591	38.409	12.921	13.861	272.653	0.0	0.01	0.0	0.1	99.9	0.0	25.435	2.466	25.235	13.216		长4+5!2^(2_2)
耿203	2294.625	98.815	62.23	49.416	50.584	13.352	13.152	264.269	0.0	0.01	0.0	0.1	99.9	0.0	25.426	2.486	23.162	13.556		长4+5!2^(2_2)
耿203	2294.750	91.069	61.203	39.913	60.087	13.685	12.738	247.094	0.0	0.01	0.0	0.1	99.9	0.0	25.425	2.491	20.933	13.878		长4+5!2^(2_2)
耿203	2294.875	83.948	60.414	31.045	68.955	13.874	12.495	227.095	0.0	0.01	0.0	0.1	99.9	0.0	25.426	2.495	18.991	13.867		长4+5!2^(2_2)
耿203	2295.000	76.077	60.003	21.202	78.798	13.785	12.468	210.082	0.0	0.01	0.0	0.1	99.9	0.0	25.431	2.501	17.846	13.662		长4+5!2^(2_2)
耿203	2295.125	67.761	59.696	18.21	81.79	13.55	12.586	195.38	0.0	0.01	0.0	0.1	99.9	0.0	25.438	2.508	17.25	13.381		长4+5!2^(2_2)
耿203	2295.250	65.226	59.486	18.542	81.458	13.21	12.828	184.68	0.0	0.01	0.0	0.1	99.9	0.0	25.446	2.516	16.815	12.953		长4+5!2^(2_2)
耿203	2295.375	66.149	59.513	21.447	78.553	12.869	13.046	182.796	0.0	0.01	0.0	0.1	99.9	0.0	25.456	2.527	16.532	12.745		长4+5!2^(2_2)
耿203	2295.500	70.07	59.741	28.552	71.448	12.708	13.099	188.582	0.0	0.01	0.0	0.1	99.9	0.0	25.466	2.532	16.566	12.653		长4+5!2^(2_2)
耿203	2295.625	76.872	60.089	35.162	64.838	12.662	13.166	197.036	0.0	0.01	0.0	0.1	99.9	0.0	25.473	2.527	17.065	12.675		长4+5!2^(2_2)
耿203	2295.750	82.527	60.866	41.164	58.836	12.809	13.434	208.39	0.0	0.01	0.0	0.1	99.9	0.0	25.481	2.513	19.164	13.009		长4+5!2^(2_2)
耿203	2295.875	87.382	61.553	47.741	52.259	13.142	13.866	218.472	0.0	0.01	0.0	0.1	99.9	0.0	25.491	2.479	22.836	13.341		长4+5!2^(2_2)
耿203	2296.000	92.337	61.997	55.46	44.54	13.493	14.161	226.054	0.0	0.01	0.0	0.1	99.9	0.0	25.501	2.442	26.6	13.72		长4+5!2^(2_2)
耿203	2296.125	96.79	62.397	57.419	42.581	13.892	14.435	234.22	0.0	0.01	0.0	0.1	99.9	0.0	25.5	2.421	29.282	14.149		长4+5!2^(2_2)
耿203	2296.250	97.444	62.841	54.661	45.339	14.447	15.042	248.062	0.0	0.01	0.0	0.1	99.9	0.0	25.489	2.416	29.331	14.894		长4+5!2^(2_2)
耿203	2296.375	95.235	63.154	48.867	51.133	15.088	16.073	260.745	0.0	0.01	0.0	0.1	99.9	0.0	25.467	2.432	26.87	15.38		长4+5!2^(2_2)
耿203	2296.500	90.205	63.338	36.452	63.548	15.556	16.987	266.386	0.0	0.01	0.0	0.1	99.9	0.0	25.44	2.465	23.675	15.819		长4+5!2^(2_2)
耿203	2296.625	81.34	63.497	29.001	70.999	16.017	17.694	266.32	0.0	0.01	0.0	0.1	99.9	0.0	25.428	2.497	20.725	16.313		长4+5!2^(2_2)
耿203	2296.750	75.241	63.581	24.399	75.601	16.572	18.053	256.444	0.0	0.01	0.0	0.1	99.9	0.0	25.428	2.528	17.763	16.96		长4+5!2^(2_2)
耿203	2296.875	71.017	63.613	21.089	78.911	17.107	17.939	241.971	0.0	0.01	0.0	0.1	99.9	0.0	25.44	2.558	15.225	17.328		长4+5!2^(2_2)
耿203	2297.000	68.326	63.652	21.264	78.736	17.414	17.438	229.311	0.0	0.01	0.0	0.1	99.9	0.0	25.463	2.576	13.896	17.542		长4+5!2^(2_2)
耿203	2297.125	69.104	63.734	24.338	75.662	17.608	16.709	218.962	0.0	0.01	0.0	0.1	99.9	0.0	25.488	2.577	13.751	17.706		长4+5!2^(2_2)
耿203	2297.250	72.699	64.01	29.929	70.071	17.673	16.024	212.085	0.0	0.01	0.0	0.1	99.9	0.0	25.516	2.568	15.494	17.623		长4+5!2^(2_2)
耿203	2297.375	77.945	64.272	35.497	64.503	17.497	15.596	211.759	0.0	0.01	0.0	0.1	99.9	0.0	25.562	2.538	19.096	17.309		长4+5!2^(2_2)
耿203	2297.500	83.663	64.445	47.303	52.697	17.145	15.274	217.91	0.0	0.01	0.0	0.1	99.9	0.0	25.623	2.501	23.271	16.899		长4+5!2^(2_2)
耿203	2297.625	92.506	64.602	58.763	41.237	16.7	14.61	227.851	0.0	0.01	0.0	0.1	99.9	0.0	25.664	2.474	27.083	16.401		长4+5!2^(2_2)
耿203	2297.750	99.663	64.781	67.273	32.727	16.058	13.78	242.97	0.0	0.01	0.0	0.1	99.9	0.0	25.68	2.452	30.208	15.545		长4+5!2^(2_2)
耿203	2297.875	104.338	64.928	72.577	27.423	15.331	13.384	255.151	0.0	0.01	0.0	0.1	99.9	0.0	25.682	2.419	32.488	15.011		长4+5!2^(2_2)
耿203	2298.000	106.903	65.045	74.355	25.645	14.884	13.815	257.693	0.0	0.01	0.0	0.1	99.9	0.0	25.682	2.382	34.098	14.695		长4+5!2^(2_2)
耿203	2298.125	107.436	65.181	72.157	27.843	14.608	14.576	252.111	0.0	0.01	0.0	0.1	99.9	0.0	25.687	2.36	35.157	14.477		长4+5!2^(2_2)
耿203	2298.250	105.946	65.394	67.342	32.658	14.495	15.052	232.834	0.0	0.01	0.0	0.1	99.9	0.0	25.692	2.354	34.063	14.522		长4+5!2^(2_2)
耿203	2298.375	103.203	65.548	62.357	37.643	14.669	15.16	209.402	0.0	0.01	0.0	0.1	99.9	0.0	25.675	2.372	30.515	14.889		长4+5!2^(2_2)
耿203	2298.500	99.653	65.626	52.846	47.154	15.088	15.428	192.892	0.0	0.01	0.0	0.1	99.9	0.0	25.627	2.409	26.48	15.385		长4+5!2^(2_2)
耿203	2298.625	93.617	65.706	44.322	55.678	15.577	16.385	182.355	0.0	0.01	0.0	0.1	99.9	0.0	25.576	2.448	23.165	15.864		长4+5!2^(2_2)
耿203	2298.750	87.816	65.913	37.923	62.077	16.193	18.092	176.349	0.0	0.01	0.0	0.1	99.9	0.0	25.543	2.489	20.111	16.686		长4+5!2^(2_2)
耿203	2298.875	82.959	66.086	32.654	67.346	16.878	19.515	175.003	0.0	0.01	0.0	0.1	99.9	0.0	25.536	2.545	17.232	17.165		长4+5!2^(2_2)
耿203	2299.000	78.177	66.151	25.951	74.049	17.201	19.383	177.081	0.0	0.01	0.0	0.1	99.9	0.0	25.566	2.597	15.015	17.256		长4+5!2^(2_2)
耿203	2299.125	72.568	66.168	22.644	77.356	17.165	18.471	180.827	0.0	0.01	0.0	0.1	99.9	0.0	25.619	2.621	13.41	17.03		长4+5!2^(2_2)
耿203	2299.250	69.93	66.19	22.717	77.283	16.726	16.873	186.956	0.0	0.01	0.0	0.1	99.9	0.0	25.691	2.629	12.195	16.271		长4+5!2^(2_2)
耿203	2299.375	70.271	66.212	24.104	75.896	15.966	14.494	192.958	0.0	0.01	0.0	0.1	99.9	0.0	25.821	2.635	11.611	15.509		长4+5!2^(2_2)
耿203	2299.500	72.361	66.206	29.111	70.889	15.218	12.737	196.55	0.0	0.01	0.0	0.1	99.9	0.0	26.027	2.635	11.973	14.783		长4+5!2^(2_2)
耿203	2299.625	77.177	66.184	34.51	65.49	14.502	11.773	199.111	0.0	0.01	0.0	0.1	99.9	0.0	26.23	2.62	13.322	14.082		长4+5!2^(2_2)
耿203	2299.750	81.813	66.101	39.419	60.581	13.667	11.325	204.618	0.0	0.01	0.0	0.1	99.9	0.0	26.408	2.591	16.98	13.044		长4+5!2^(2_2)
耿203	2299.875	85.803	66.023	44.404	55.596	12.731	11.168	213.259	0.0	0.01	0.0	0.1	99.9	0.0	26.577	2.554	23.149	12.261		长4+5!2^(2_2)
耿203	2300.000	90.018	65.981	52.602	47.398	12.041	11.071	223.518	0.0	0.01	0.0	0.1	99.9	0.0	26.689	2.523	29.904	11.711		长4+5!2^(2_2)
耿203	2300.125	95.474	65.941	58.977	41.023	11.537	11.058	235.709	0.0	0.01	0.0	0.1	99.9	0.0	26.675	2.505	35.447	11.276		长4+5!2^(2_2)
耿203	2300.250	98.949	65.836	60.338	39.662	11.114	11.477	254.072	0.0	0.01	0.0	0.1	99.9	0.0	26.557	2.487	37.464	10.873		长4+5!2^(2_2)
耿203	2300.375	99.657	65.741	60.598	39.402	10.785	12.461	271.764	0.0	0.01	0.0	0.1	99.9	0.0	26.367	2.451	35.538	10.653		长4+5!2^(2_2)
耿203	2300.500	99.773	65.709	60.497	39.503	10.631	13.42	280.462	0.0	0.01	0.0	0.1	99.9	0.0	26.136	2.408	32.162	10.598		长4+5!2^(2_2)
耿203	2300.625	99.503	65.715	58.717	41.283	10.618	13.986	281.633	0.0	0.01	0.0	0.1	99.9	0.0	25.976	2.388	29.158	10.647		长4+5!2^(2_2)
耿203	2300.750	98.323	65.73	56.38	43.62	10.799	14.016	274.266	0.0	0.01	0.0	0.1	99.9	0.0	25.894	2.403	26.547	11.026		长4+5!2^(2_2)
耿203	2300.875	97.194	65.738	56.847	43.153	11.211	13.74	262.651	0.0	0.01	0.0	0.1	99.9	0.0	25.828	2.466	24.476	11.489		长4+5!2^(2_2)
耿203	2301.000	97.903	65.766	60.603	39.397	11.678	13.692	253.738	0.0	0.01	0.0	0.1	99.9	0.0	25.773	2.542	23.465	11.962		长4+5!2^(2_2)
耿203	2301.125	100.067	65.838	62.905	37.095	12.18	13.827	248.242	0.0	0.01	0.0	0.1	99.9	0.0	25.742	2.58	23.413	12.505		长4+5!2^(2_2)
耿203	2301.250	101.334	66.014	64.157	35.843	12.832	14.075	245.694	0.0	0.01	0.0	0.1	99.9	0.0	25.732	2.59	24.19	13.321		长4+5!2^(2_3)
耿203	2301.375	102.287	66.158	67.221	32.779	13.563	14.512	245.803	0.0	0.01	0.0	0.1	99.9	0.0	25.725	2.592	25.515	13.925		长4+5!2^(2_3)
耿203	2301.500	104.129	66.211	70.887	29.113	14.048	14.984	247.349	0.0	0.01	0.0	0.1	99.9	0.0	25.718	2.592	26.75	14.232		长4+5!2^(2_3)
耿203	2301.625	105.975	66.219	72.629	27.371	14.304	15.406	249.302	0.0	0.01	0.0	0.1	99.9	0.0	25.714	2.587	27.592	14.413		长4+5!2^(2_3)
耿203	2301.750	106.609	66.279	71.424	28.576	14.399	15.653	251.969	0.0	0.01	0.0	0.1	99.9	0.0	25.714	2.579	27.676	14.378		长4+5!2^(2_3)
耿203	2301.875	105.773	66.401	68.653	31.347	14.327	15.634	254.834	0.0	0.01	0.0	0.1	99.9	0.0	25.718	2.569	26.729	14.25		长4+5!2^(2_3)
耿203	2302.000	104.287	66.513	66.489	33.511	14.218	15.463	256.829	0.0	0.01	0.0	0.1	99.9	0.0	25.727	2.56	25.156	14.17		长4+5!2^(2_3)
耿203	2302.125	103.268	66.538	66.247	33.753	14.151	15.253	257.788	0.0	0.01	0.0	0.1	99.9	0.0	25.736	2.563	23.553	14.122		长4+5!2^(2_3)
耿203	2302.250	103.417	66.371	68.537	31.463	14.079	14.887	256.169	0.0	0.01	0.0	0.1	99.9	0.0	25.743	2.574	22.319	14.014		长4+5!2^(2_3)
耿203	2302.375	104.746	66.181	71.029	28.971	13.939	14.293	251.843	0.0	0.01	0.0	0.1	99.9	0.0	25.753	2.59	21.811	13.827		长4+5!2^(2_3)
耿203	2302.500	106.116	66.056	73.361	26.639	13.746	13.783	246.828	0.0	0.01	0.0	0.1	99.9	0.0	25.767	2.6	22.236	13.626		长4+5!2^(2_3)
耿203	2302.625	107.405	65.936	75.87	24.13	13.55	13.514	242.375	0.0	0.01	0.0	0.1	99.9	0.0	25.782	2.591	23.538	13.437		长4+5!2^(2_3)
耿203	2302.750	108.652	65.631	77.521	22.479	13.289	13.507	240.047	0.0	0.01	0.0	0.1	99.9	0.0	25.794	2.566	25.979	13.067		长4+5!2^(2_3)
耿203	2302.875	109.276	65.262	76.857	23.143	12.902	13.652	241.315	0.0	0.01	0.0	0.1	99.9	0.0	25.802	2.525	28.734	12.654		长4+5!2^(2_3)
耿203	2303.000	108.187	64.929	69.351	30.649	12.526	13.528	245.744	0.0	0.01	0.0	0.1	99.9	0.0	25.802	2.481	29.779	12.334		长4+5!2^(2_3)
耿203	2303.125	103.923	64.634	60.765	39.235	12.243	12.956	251.754	0.0	0.01	0.0	0.1	99.9	0.0	25.797	2.459	28.558	12.107		长4+5!2^(2_3)
耿203	2303.250	99.172	64.288	55.083	44.917	12.087	12.13	258.183	0.0	0.01	0.0	0.1	99.9	0.0	25.8	2.454	25.676	12.058		长4+5!2^(2_3)
耿203	2303.375	95.62	64.027	50.048	49.952	12.119	11.615	261.8	0.0	0.01	0.0	0.1	99.9	0.0	25.836	2.452	22.634	12.211		长4+5!2^(2_3)
耿203	2303.500	92.014	63.878	43.792	56.208	12.328	11.97	259.926	0.0	0.01	0.0	0.1	99.9	0.0	25.929	2.442	21.428	12.503		长4+5!2^(2_3)
耿203	2303.625	87.573	63.758	38.381	61.619	12.656	12.972	254.213	0.0	0.01	0.0	0.1	99.9	0.0	26.034	2.426	22.338	12.884		长4+5!2^(2_3)
耿203	2303.750	83.756	63.561	35.593	64.407	13.208	14.261	246.526	0.0	0.01	0.0	0.1	99.9	0.0	26.101	2.415	23.909	13.694		长4+5!2^(2_3)
耿203	2303.875	81.742	63.374	34.513	65.487	14.093	15.688	240.573	0.0	0.01	0.0	0.1	99.9	0.0	26.087	2.416	24.33	14.69		长4+5!2^(2_3)
耿203	2304.000	80.833	63.237	33.461	66.539	15.104	17.247	239.409	0.514	3.667	10.984	13.068	54.987	0.447	25.939	2.428	22.979	15.724	差油层	长4+5!2^(2_3)
耿203	2304.125	79.886	63.084	32.171	67.829	16.235	19.614	240.358	0.566	4.405	11.182	13.312	52.256	0.422	25.73	2.444	20.796	17.002	差油层	长4+5!2^(2_3)
耿203	2304.250	78.647	62.744	30.277	69.723	17.907	24.201	237.452	0.519	3.937	11.008	12.781	50.54	0.384	25.553	2.464	18.936	19.262	差油层	长4+5!2^(2_3)
耿203	2304.375	76.697	62.414	27.07	72.93	20.242	29.671	228.949	0.371	2.708	10.325	11.73	50.462	0.352	25.428	2.491	18.044	21.709	差油层	长4+5!2^(2_3)
耿203	2304.500	73.301	62.166	22.011	77.989	22.583	31.027	218.942	0.265	2.081	9.635	11.015	50.116	0.328	25.388	2.52	18.189	23.89	差油层	长4+5!2^(2_3)
耿203	2304.625	68.315	61.909	17.649	82.351	24.955	28.527	210.573	0.223	1.808	9.282	10.547	48.862	0.304	25.425	2.532	18.854	26.55	差油层	长4+5!2^(2_3)
耿203	2304.750	64.081	61.518	15.733	84.267	28.485	25.985	206.702	0.227	2.202	9.319	10.597	44.75	0.268	25.492	2.531	19.485	31.383	差油层	长4+5!2^(2_3)
耿203	2304.875	61.788	61.211	13.551	86.449	33.377	24.778	208.762	0.283	4.012	9.772	11.453	39.331	0.24	25.555	2.525	19.811	36.363	差油层	长4+5!2^(2_3)
耿203	2305.000	58.814	61.041	10.129	89.871	37.474	24.838	214.075	0.433	7.948	10.635	12.697	35.057	0.226	25.604	2.518	19.765	39.137	差油层	长4+5!2^(2_3)
耿203	2305.125	54.51	60.943	7.202	92.798	39.693	25.386	219.547	0.713	13.626	11.653	13.804	32.182	0.22	25.628	2.511	19.417	40.526	差油层	长4+5!2^(2_3)
耿203	2305.250	51.057	60.999	6.392	93.608	40.134	26.408	223.799	1.058	17.152	12.455	14.404	31.498	0.224	25.629	2.504	18.768	39.547	差油层	长4+5!2^(2_3)
耿203	2305.375	50.229	61.104	6.76	93.24	38.52	28.007	226.096	1.241	16.762	12.781	14.529	32.476	0.235	25.627	2.499	17.969	36.982	差油层	长4+5!2^(2_3)
耿203	2305.500	51.236	61.204	8.838	91.162	35.809	29.036	226.5	1.204	13.199	12.718	14.181	34.694	0.25	25.627	2.498	17.462	34.053	差油层	长4+5!2^(2_3)
耿203	2305.625	54.437	61.358	12.133	87.867	32.73	28.791	226.307	1.012	9.577	12.365	13.694	37.717	0.27	25.63	2.497	17.405	30.748	差油层	长4+5!2^(2_3)
耿203	2305.750	58.717	61.801	15.427	84.573	29.053	27.177	226.59	0.825	6.983	11.949	13.333	41.649	0.302	25.636	2.495	17.794	26.515	差油层	长4+5!2^(2_3)
耿203	2305.875	63.026	62.293	20.208	79.792	25.043	24.245	227.519	0.0	4.941	0.0	12.904	46.078	0.0	25.643	2.494	18.598	22.838	差油层	长4+5!2^(2_3)
耿203	2306.000	69.294	62.698	30.085	69.915	22.077	21.482	228.718	0.0	2.99	0.0	12.01	50.58	0.0	25.652	2.502	19.539	20.938	差油层	长4+5!2^(2_3)
耿203	2306.125	79.245	63.101	42.976	57.024	20.27	19.584	230.031	0.0	0.01	0.0	0.1	99.9	0.0	25.658	2.515	20.49	19.269		长4+5!2^(2_3)
耿203	2306.250	88.78	63.757	49.801	50.199	18.476	17.832	231.914	0.0	0.01	0.0	0.1	99.9	0.0	25.66	2.53	21.628	17.289		长4+5!2^(2_3)
耿203	2306.375	93.434	64.35	54.982	45.018	16.588	16.086	234.402	0.0	0.01	0.0	0.1	99.9	0.0	25.661	2.546	22.837	15.537		长4+5!2^(2_3)
耿203	2306.500	96.966	64.757	60.84	39.16	15.204	14.829	236.72	0.0	0.01	0.0	0.1	99.9	0.0	25.664	2.563	23.522	14.704		长4+5!2^(2_3)
耿203	2306.625	100.494	65.072	65.539	34.461	14.442	14.159	238.921	0.0	0.01	0.0	0.1	99.9	0.0	25.666	2.575	23.543	14.049		长4+5!2^(2_3)
耿203	2306.750	102.877	65.388	66.687	33.313	13.801	13.672	241.575	0.0	0.01	0.0	0.1	99.9	0.0	25.667	2.581	23.335	13.431		长4+5!2^(2_3)
耿203	2306.875	103.371	65.578	66.342	33.658	13.246	13.372	244.19	0.0	0.01	0.0	0.1	99.9	0.0	25.666	2.585	23.36	12.968		长4+5!2^(2_3)
耿203	2307.000	102.716	65.601	62.142	37.858	12.911	13.309	245.364	0.0	0.01	0.0	0.1	99.9	0.0	25.664	2.586	23.753	12.824		长4+5!2^(2_3)
耿203	2307.125	99.958	65.514	55.966	44.034	12.804	13.415	245.207	0.0	0.01	0.0	0.1	99.9	0.0	25.662	2.585	24.254	12.774		长4+5!2^(2_3)
耿203	2307.250	96.448	65.284	52.768	47.232	12.822	13.581	243.995	0.0	0.01	0.0	0.1	99.9	0.0	25.66	2.585	24.243	12.893		长4+5!2^(2_3)
耿203	2307.375	94.433	65.035	50.332	49.668	12.986	13.799	241.939	0.0	0.01	0.0	0.1	99.9	0.0	25.659	2.585	23.314	13.126		长4+5!2^(2_3)
耿203	2307.500	92.682	64.808	47.295	52.705	13.214	14.017	240.072	0.0	0.01	0.0	0.1	99.9	0.0	25.656	2.585	21.999	13.345		长4+5!2^(2_3)
耿203	2307.625	90.726	64.602	45.584	54.416	13.452	14.227	238.395	0.0	0.01	0.0	0.1	99.9	0.0	25.652	2.582	20.926	13.611		长4+5!2^(2_3)
耿203	2307.750	89.582	64.303	44.539	55.461	13.78	14.529	235.993	0.0	0.01	0.0	0.1	99.9	0.0	25.649	2.58	20.324	14.031		长4+5!2^(2_3)
耿203	2307.875	88.567	64.081	41.882	58.118	14.219	14.99	232.822	0.0	0.01	0.0	0.1	99.9	0.0	25.648	2.579	20.187	14.499		长4+5!2^(2_3)
耿203	2308.000	86.374	64.013	38.128	61.872	14.625	15.463	230.432	0.0	0.01	0.0	0.1	99.9	0.0	25.65	2.582	20.185	14.814		长4+5!2^(2_3)
耿203	2308.125	83.467	63.968	34.846	65.154	14.958	15.773	229.048	0.0	0.01	0.0	0.1	99.9	0.0	25.656	2.585	19.937	15.174		长4+5!2^(2_3)
耿203	2308.250	81.283	63.88	34.775	65.225	15.347	15.926	228.063	0.0	0.01	0.0	0.1	99.9	0.0	25.666	2.587	19.199	15.605		长4+5!2^(2_3)
耿203	2308.375	81.421	63.844	35.886	64.114	15.768	16.013	227.071	0.0	0.01	0.0	0.1	99.9	0.0	25.686	2.582	18.098	16.012		
耿203	2308.500	82.221	63.86	36.203	63.797	16.091	16.245	225.778	0.0	0.01	0.0	0.1	99.9	0.0	25.728	2.567	17.395	16.208		
耿203	2308.625	81.951	63.87	33.353	66.647	16.256	16.675	223.981	0.0	0.01	0.0	0.1	99.9	0.0	25.782	2.548	17.486	16.328		
耿203	2224.000--2308.625(平均)	89.411	61.156	47.874	52.126	12.582	13.175	238.188	1.456	0.648	1.511	1.876	94.357	0.066	26.544	2.44	25.044	12.589		
耿203	2224.000--2308.625(最大)	131.508	68.839	99.9	94.238	40.134	39.593	437.348	359.645	19.559	24.322	19.651	99.9	0.793	33.7	2.65	95.894	40.526		
耿203	2224.000--2308.625(最小)	49.203	46.664	5.762	0.1	5.406	4.433	175.003	0.0	0.01	0.0	0.1	31.498	0.0	24.613	1.688	9.595	5.386		
