井名	深度	SH	SS	RT	RT.1	AC	PERM	POR	SW	SP	GR	CAL	DEN	CNL	RT.2	解释结论	层位
耿207	2312.625	52.812	47.188	16.418	16.628	225.154	0.01	0.1	99.9	107.497	104.926	21.761	2.638	19.274	16.27		
耿207	2312.750	56.285	43.715	16.174	16.235	227.919	0.01	0.1	99.9	107.672	109.656	21.764	2.62	20.641	16.053		
耿207	2312.875	56.424	43.576	16.001	15.835	230.335	0.01	0.1	99.9	107.876	110.766	21.756	2.589	22.376	15.947		
耿207	2313.000	52.446	47.554	15.94	15.541	232.119	0.01	0.1	99.9	108.107	107.039	21.744	2.556	23.65	15.942		长4+5!1^(1_1)
耿207	2313.125	45.813	54.187	15.958	15.442	233.485	0.01	0.1	99.9	108.365	98.83	21.743	2.533	23.379	15.975		长4+5!1^(1_1)
耿207	2313.250	40.536	59.464	15.977	15.556	234.408	0.01	0.1	99.9	108.642	91.062	21.757	2.522	21.725	15.949		长4+5!1^(1_1)
耿207	2313.375	38.722	61.278	15.889	15.786	234.496	0.01	0.1	99.9	108.933	87.489	21.775	2.523	20.339	15.765		长4+5!1^(1_1)
耿207	2313.500	40.455	59.545	15.637	15.907	233.767	0.01	0.1	99.9	109.234	89.287	21.786	2.524	20.125	15.419		长4+5!1^(1_1)
耿207	2313.625	43.757	56.243	15.241	15.687	233.037	0.01	0.1	99.9	109.541	94.031	21.796	2.519	20.732	14.966		长4+5!1^(1_1)
耿207	2313.750	45.902	54.098	14.774	15.02	233.352	0.01	0.1	99.9	109.845	97.201	21.828	2.505	20.645	14.503		长4+5!1^(1_1)
耿207	2313.875	46.992	53.008	14.342	14.032	234.937	0.01	0.1	99.9	110.143	98.405	21.933	2.49	19.332	14.123		长4+5!1^(1_1)
耿207	2314.000	49.378	50.622	14.005	13.113	237.046	0.01	0.1	99.9	110.428	100.481	22.085	2.481	18.051	13.842		长4+5!1^(1_1)
耿207	2314.125	54.735	45.265	13.752	12.621	238.795	0.01	0.1	99.9	110.692	106.829	22.17	2.485	18.625	13.617		长4+5!1^(1_1)
耿207	2314.250	59.476	40.524	13.527	12.642	239.821	0.01	0.1	99.9	110.932	113.129	22.118	2.501	20.978	13.378		长4+5!1^(1_1)
耿207	2314.375	59.955	40.045	13.26	12.936	240.294	0.01	0.1	99.9	111.143	114.536	21.994	2.526	22.742	13.07		长4+5!1^(1_1)
耿207	2314.500	57.284	42.716	12.927	13.119	240.288	0.01	0.1	99.9	111.324	111.461	21.918	2.551	23.168	12.711		长4+5!1^(1_1)
耿207	2314.625	55.828	44.172	12.566	12.996	239.494	0.01	0.1	99.9	111.464	109.117	21.908	2.575	22.993	12.363		长4+5!1^(1_1)
耿207	2314.750	57.292	42.708	12.245	12.658	237.731	0.01	0.1	99.9	111.567	110.338	21.911	2.59	22.913	12.1		长4+5!1^(1_1)
耿207	2314.875	60.454	39.546	12.045	12.357	235.558	0.01	0.1	99.9	111.635	113.649	21.889	2.597	22.668	11.994		长4+5!1^(1_1)
耿207	2315.000	64.462	35.538	12.003	12.254	233.726	0.01	0.1	99.9	111.667	117.703	21.846	2.597	21.878	12.045		长4+5!1^(1_1)
耿207	2315.125	68.724	31.276	12.113	12.331	232.301	0.01	0.1	99.9	111.66	122.595	21.805	2.595	20.739	12.236		长4+5!1^(1_1)
耿207	2315.250	69.842	30.158	12.348	12.503	230.998	0.01	0.1	99.9	111.623	124.632	21.784	2.592	19.765	12.53		长4+5!1^(1_1)
耿207	2315.375	66.658	33.342	12.671	12.724	229.705	0.01	0.1	99.9	111.561	121.955	21.776	2.589	19.424	12.889		长4+5!1^(1_1)
耿207	2315.500	62.133	37.867	13.042	12.999	228.352	0.01	0.1	99.9	111.477	116.748	21.772	2.591	19.678	13.273		长4+5!1^(1_1)
耿207	2315.625	60.193	39.807	13.429	13.349	226.937	0.01	0.1	99.9	111.376	114.282	21.772	2.596	19.943	13.664		长4+5!1^(1_1)
耿207	2315.750	59.469	40.531	13.82	13.779	225.373	0.01	0.1	99.9	111.266	113.813	21.776	2.603	19.679	14.053		长4+5!1^(1_1)
耿207	2315.875	57.176	42.824	14.21	14.29	223.417	0.01	0.1	99.9	111.152	111.739	21.78	2.608	19.138	14.445		长4+5!1^(1_1)
耿207	2316.000	52.983	47.017	14.603	14.861	221.086	0.01	0.1	99.9	111.039	107.337	21.781	2.611	18.699	14.84		长4+5!1^(1_1)
耿207	2316.125	47.762	52.238	14.997	15.451	218.783	0.01	0.1	99.9	110.932	100.903	21.783	2.61	18.325	15.23		长4+5!1^(1_1)
耿207	2316.250	43.77	56.23	15.38	16.002	217.382	0.01	0.1	99.9	110.835	95.163	21.787	2.598	17.991	15.595		长4+5!1^(1_1)
耿207	2316.375	42.908	57.092	15.726	16.421	217.968	0.01	0.1	99.9	110.749	92.755	21.788	2.57	17.693	15.915		长4+5!1^(1_1)
耿207	2316.500	46.93	53.07	16.031	16.654	221.018	0.01	0.1	99.9	110.676	96.698	21.786	2.537	17.535	16.203		长4+5!1^(1_1)
耿207	2316.625	54.96	45.04	16.316	16.699	226.483	0.01	0.1	99.9	110.618	106.576	21.783	2.507	17.783	16.486		长4+5!1^(1_1)
耿207	2316.750	62.221	37.779	16.601	16.59	233.524	0.01	0.1	99.9	110.572	115.293	21.779	2.485	19.461	16.761		长4+5!1^(1_1)
耿207	2316.875	67.068	32.932	16.849	16.391	240.704	0.01	0.1	99.9	110.535	120.513	21.777	2.481	22.267	16.941		长4+5!1^(1_1)
耿207	2317.000	71.205	28.795	16.949	16.157	246.435	0.01	0.1	99.9	110.504	124.654	21.776	2.497	24.183	16.897		长4+5!1^(1_1)
耿207	2317.125	74.636	25.364	16.777	15.877	249.79	0.01	0.1	99.9	110.477	128.486	21.777	2.521	24.2	16.526		长4+5!1^(1_1)
耿207	2317.250	75.134	24.866	16.262	15.463	250.62	0.01	0.1	99.9	110.449	129.511	21.794	2.545	23.332	15.8		长4+5!1^(1_1)
耿207	2317.375	73.193	26.807	15.402	14.745	249.038	0.01	0.1	99.9	110.415	127.715	21.884	2.569	23.058	14.786		长4+5!1^(1_1)
耿207	2317.500	71.874	28.126	14.345	13.635	247.105	0.01	0.1	99.9	110.373	125.776	22.081	2.587	22.993	13.701		长4+5!1^(1_1)
耿207	2317.625	74.357	25.643	13.292	12.193	248.053	0.01	0.1	99.9	110.316	127.266	22.346	2.568	22.837	12.724		长4+5!1^(1_1)
耿207	2317.750	82.099	17.901	12.406	10.655	254.036	0.01	0.1	99.9	110.244	132.973	22.619	2.487	23.482	12.0		长4+5!1^(1_1)
耿207	2317.875	94.614	5.386	11.823	9.573	264.583	0.01	0.1	99.9	110.155	144.792	22.865	2.365	26.022	11.61		长4+5!1^(1_1)
耿207	2318.000	99.9	0.1	11.538	9.483	275.965	0.01	0.1	99.9	110.048	163.011	23.071	2.265	32.767	11.462		长4+5!1^(1_1)
耿207	2318.125	99.9	0.1	11.453	10.529	284.186	0.01	0.1	99.9	109.92	180.327	23.097	2.227	42.821	11.445		长4+5!1^(1_1)
耿207	2318.250	99.9	0.1	11.447	12.332	287.17	0.01	0.1	99.9	109.776	186.359	22.783	2.245	47.986	11.437		长4+5!1^(1_1)
耿207	2318.375	99.9	0.1	11.412	14.013	283.713	0.01	0.1	99.9	109.616	175.94	22.256	2.308	43.353	11.37		长4+5!1^(1_1)
耿207	2318.500	93.715	6.285	11.335	14.84	274.373	0.01	0.1	99.9	109.445	151.765	21.836	2.404	33.0	11.302		长4+5!1^(1_1)
耿207	2318.625	64.77	35.23	11.306	14.695	260.747	0.01	0.1	99.9	109.264	123.132	21.67	2.502	24.694	11.359		长4+5!1^(1_1)
耿207	2318.750	46.615	53.385	11.457	13.99	245.367	0.01	0.1	99.9	109.079	100.524	21.645	2.561	21.171	11.681		长4+5!1^(1_1)
耿207	2318.875	39.478	60.522	11.933	13.388	232.622	0.01	0.1	99.9	108.895	89.091	21.644	2.583	19.712	12.377		长4+5!1^(1_1)
耿207	2319.000	39.53	60.47	12.763	13.3	224.994	0.01	0.1	99.9	108.715	88.147	21.629	2.584	19.426	13.274		长4+5!1^(1_1)
耿207	2319.125	42.327	57.673	13.524	13.518	221.967	0.01	0.1	99.9	108.547	92.242	21.592	2.582	19.362	13.998		长4+5!1^(1_1)
耿207	2319.250	44.008	55.992	14.449	14.103	221.431	0.01	0.1	99.9	108.394	94.917	21.543	2.579	18.915	15.173		长4+5!1^(1_1)
耿207	2319.375	44.034	55.966	15.719	15.283	221.378	0.01	0.1	99.9	108.314	95.33	21.498	2.58	18.723	16.511		长4+5!1^(1_1)
耿207	2319.500	42.854	57.146	17.003	16.972	220.628	0.01	0.1	99.9	108.208	93.833	21.466	2.587	19.301	17.686		长4+5!1^(1_1)
耿207	2319.625	41.244	58.756	18.07	18.987	218.608	0.01	0.1	99.9	108.107	92.059	21.449	2.602	20.07	18.581		长4+5!1^(1_1)
耿207	2319.750	37.833	62.167	18.836	21.083	215.346	0.01	0.1	99.9	108.032	88.315	21.453	2.62	19.723	19.16		长4+5!1^(1_1)
耿207	2319.875	31.622	68.378	19.3	22.855	211.556	0.01	0.1	99.9	107.983	79.375	21.485	2.636	18.053	19.485		长4+5!1^(1_1)
耿207	2320.000	26.119	73.881	19.578	23.955	208.058	0.01	0.1	99.9	107.963	68.905	21.539	2.643	15.998	19.702		长4+5!1^(1_1)
耿207	2320.125	25.618	74.382	19.764	24.206	205.591	0.01	0.1	99.9	107.974	66.522	21.605	2.643	15.042	19.827		长4+5!1^(1_1)
耿207	2320.250	28.791	71.209	19.831	23.599	204.901	0.01	0.1	99.9	108.013	71.715	21.673	2.642	16.128	19.771		长4+5!1^(1_1)
耿207	2320.375	32.021	67.979	19.645	22.247	206.797	0.01	0.1	99.9	108.076	77.401	21.725	2.636	18.151	19.387		长4+5!1^(1_1)
耿207	2320.500	34.448	65.552	19.124	20.452	210.915	0.01	0.1	99.9	108.162	80.337	21.776	2.631	19.841	18.669		长4+5!1^(1_1)
耿207	2320.625	39.685	60.315	18.285	18.496	216.511	0.01	0.1	99.9	108.271	86.882	21.872	2.617	20.893	17.673		长4+5!1^(1_1)
耿207	2320.750	48.254	51.746	17.217	16.539	223.606	0.01	0.1	99.9	108.396	97.97	22.031	2.581	21.873	16.532		长4+5!1^(1_1)
耿207	2320.875	57.613	42.387	16.075	14.705	233.272	0.01	0.1	99.9	108.533	109.603	22.202	2.513	23.119	15.419		长4+5!1^(1_1)
耿207	2321.000	65.36	34.64	15.021	13.136	245.204	0.01	0.1	99.9	108.678	118.149	22.327	2.424	25.797	14.469		长4+5!1^(1_1)
耿207	2321.125	73.585	26.415	14.159	12.027	257.648	0.01	0.1	99.9	108.827	125.321	22.397	2.347	31.9	13.742		长4+5!1^(1_1)
耿207	2321.250	86.852	13.148	13.525	11.528	268.182	0.01	0.1	99.9	108.976	136.751	22.394	2.312	40.173	13.24		长4+5!1^(1_1)
耿207	2321.375	99.9	0.1	13.104	11.621	274.381	0.01	0.1	99.9	109.121	153.494	22.268	2.318	43.875	12.917		长4+5!1^(1_2)
耿207	2321.500	99.9	0.1	12.813	11.978	275.725	0.01	0.1	99.9	109.259	168.153	22.081	2.359	39.818	12.663		长4+5!1^(1_2)
耿207	2321.625	99.239	0.761	12.569	12.226	272.558	0.01	0.1	99.9	109.384	165.499	21.914	2.424	31.483	12.431		长4+5!1^(1_2)
耿207	2321.750	91.189	8.811	12.341	12.184	265.195	0.01	0.1	99.9	109.498	147.376	21.811	2.489	25.005	12.215		长4+5!1^(1_2)
耿207	2321.875	66.114	33.886	12.14	11.874	254.868	0.01	0.1	99.9	109.598	123.785	21.774	2.525	21.642	12.038		长4+5!1^(1_2)
耿207	2322.000	51.17	48.83	11.983	11.453	244.705	0.01	0.1	99.9	109.684	105.443	21.778	2.526	19.893	11.915		长4+5!1^(1_2)
耿207	2322.125	46.042	53.958	11.886	11.021	238.233	0.01	0.1	99.9	109.755	97.679	21.821	2.524	19.059	11.856		长4+5!1^(1_2)
耿207	2322.250	46.315	53.685	11.854	10.599	236.807	0.01	0.1	99.9	109.814	97.386	21.938	2.529	19.507	11.865		长4+5!1^(1_2)
耿207	2322.375	48.638	51.362	11.89	10.274	239.6	0.01	0.1	99.9	109.864	100.268	22.234	2.536	21.856	11.936		长4+5!1^(1_2)
耿207	2322.500	51.104	48.896	11.976	10.218	243.653	0.01	0.1	99.9	109.908	103.258	22.515	2.541	25.468	12.037		长4+5!1^(1_2)
耿207	2322.625	53.401	46.599	12.079	10.535	246.57	0.01	0.1	99.9	109.948	106.265	22.495	2.547	27.858	12.132		长4+5!1^(1_2)
耿207	2322.750	54.185	45.815	12.156	11.147	247.654	0.01	0.1	99.9	109.991	107.81	22.192	2.544	27.065	12.171		长4+5!1^(1_2)
耿207	2322.875	52.008	47.992	12.153	11.759	246.701	0.01	0.1	99.9	110.04	106.158	21.908	2.537	24.558	12.111		长4+5!1^(1_2)
耿207	2323.000	46.333	53.667	12.062	12.088	243.992	0.01	0.1	99.9	110.1	99.888	21.814	2.539	22.223	11.989		长4+5!1^(1_2)
耿207	2323.125	39.024	60.976	11.938	12.052	240.007	0.01	0.1	99.9	110.177	89.98	21.792	2.543	20.702	11.877		长4+5!1^(1_2)
耿207	2323.250	33.503	66.497	11.858	11.768	235.636	0.01	0.1	99.9	110.274	81.099	21.771	2.547	19.731	11.857		长4+5!1^(1_2)
耿207	2323.375	31.162	68.838	11.895	11.44	232.313	0.01	0.1	99.9	110.394	76.797	21.767	2.551	18.993	11.97		长4+5!1^(1_2)
耿207	2323.500	30.619	69.381	12.046	11.21	230.787	0.01	0.1	99.9	110.539	76.084	21.776	2.551	18.379	12.165		长4+5!1^(1_2)
耿207	2323.625	29.424	70.576	12.252	11.112	231.233	0.01	0.1	99.9	110.716	74.665	21.782	2.544	17.951	12.372		长4+5!1^(1_2)
耿207	2323.750	27.21	72.79	12.437	11.131	233.356	0.01	0.1	99.9	110.921	70.749	21.785	2.534	17.972	12.505		长4+5!1^(1_2)
耿207	2323.875	26.525	73.475	12.51	11.213	236.751	0.01	0.1	99.9	111.153	68.324	21.786	2.521	18.775	12.487		长4+5!1^(1_2)
耿207	2324.000	30.134	69.866	12.433	11.226	241.882	0.01	0.1	99.9	111.41	72.265	21.807	2.509	20.926	12.333		长4+5!1^(1_2)
耿207	2324.125	39.984	60.016	12.244	11.019	250.188	0.01	0.1	99.9	111.694	85.454	21.884	2.491	24.769	12.116		长4+5!1^(1_2)
耿207	2324.250	55.456	44.544	12.039	10.571	261.672	0.01	0.1	99.9	111.998	104.746	22.028	2.452	29.3	11.96		长4+5!1^(1_2)
耿207	2324.375	72.79	27.21	11.955	10.175	274.413	0.01	0.1	99.9	112.316	124.23	22.222	2.387	33.92	11.987		长4+5!1^(1_2)
耿207	2324.500	84.31	15.69	12.061	10.332	284.687	0.01	0.1	99.9	112.644	137.194	22.413	2.352	38.655	12.194		长4+5!1^(1_2)
耿207	2324.625	83.939	16.061	12.315	11.336	289.75	0.01	0.1	99.9	112.978	138.006	22.439	2.347	40.836	12.489		长4+5!1^(1_2)
耿207	2324.750	78.384	21.616	12.598	12.981	289.006	0.01	0.1	99.9	113.311	133.048	22.196	2.37	37.453	12.719		长4+5!1^(1_2)
耿207	2324.875	73.615	26.385	12.745	14.52	282.456	0.01	0.1	99.9	113.638	128.392	21.836	2.426	31.17	12.747		长4+5!1^(1_2)
耿207	2325.000	69.883	30.117	12.698	15.245	271.474	0.01	0.1	99.9	113.954	125.029	21.609	2.512	26.233	12.608		长4+5!1^(1_2)
耿207	2325.125	65.142	34.858	12.528	14.989	257.832	0.01	0.1	99.9	114.251	120.508	21.553	2.567	23.649	12.42		长4+5!1^(1_2)
耿207	2325.250	59.749	40.251	12.366	14.093	244.219	0.01	0.1	99.9	114.529	114.796	21.551	2.585	21.468	12.327		长4+5!1^(1_2)
耿207	2325.375	54.802	45.198	12.358	13.142	234.656	0.01	0.1	99.9	114.783	109.211	21.55	2.585	19.432	12.444		长4+5!1^(1_2)
耿207	2325.500	50.373	49.627	12.554	12.507	230.499	0.01	0.1	99.9	115.012	103.996	21.547	2.586	18.183	12.746		长4+5!1^(1_2)
耿207	2325.625	46.575	53.425	12.909	12.224	230.245	0.01	0.1	99.9	115.209	98.821	21.539	2.59	18.052	13.156		长4+5!1^(1_2)
耿207	2325.750	45.366	54.634	13.327	12.209	231.59	0.01	0.1	99.9	115.377	96.16	21.532	2.595	19.032	13.563		长4+5!1^(1_2)
耿207	2325.875	48.443	51.557	13.693	12.417	232.982	0.01	0.1	99.9	115.515	99.121	21.531	2.607	20.461	13.86		长4+5!1^(1_2)
耿207	2326.000	54.512	45.488	13.935	12.776	233.967	0.01	0.1	99.9	115.624	106.481	21.531	2.62	21.605	14.019		长4+5!1^(1_2)
耿207	2326.125	59.651	40.349	14.038	13.177	234.562	0.01	0.1	99.9	115.7	113.22	21.531	2.633	21.891	14.049		长4+5!1^(1_2)
耿207	2326.250	60.656	39.344	14.032	13.53	234.752	0.01	0.1	99.9	115.747	115.124	21.533	2.643	21.294	14.007		长4+5!1^(1_2)
耿207	2326.375	58.482	41.518	13.989	13.788	234.245	0.01	0.1	99.9	115.769	112.911	21.535	2.653	20.53	13.978		长4+5!1^(1_2)
耿207	2326.500	56.542	43.458	13.99	13.992	233.239	0.01	0.1	99.9	115.766	109.932	21.536	2.653	20.3	14.028		长4+5!1^(1_2)
耿207	2326.625	58.266	41.734	14.078	14.202	232.497	0.01	0.1	99.9	115.736	111.11	21.537	2.642	20.666	14.171		长4+5!1^(1_2)
耿207	2326.750	62.623	37.377	14.255	14.439	232.427	0.01	0.1	99.9	115.686	115.918	21.537	2.626	20.952	14.398		长4+5!1^(1_2)
耿207	2326.875	66.051	33.949	14.514	14.692	232.872	0.01	0.1	99.9	115.617	120.167	21.53	2.617	20.988	14.7		长4+5!1^(1_2)
耿207	2327.000	66.03	33.97	14.84	14.962	233.293	0.01	0.1	99.9	115.532	120.949	21.516	2.619	21.306	15.059		长4+5!1^(1_2)
耿207	2327.125	62.561	37.439	15.217	15.299	233.038	0.01	0.1	99.9	115.431	117.663	21.499	2.627	21.895	15.458		长4+5!1^(1_2)
耿207	2327.250	57.993	42.007	15.624	15.767	231.762	0.01	0.1	99.9	115.318	112.802	21.481	2.638	21.79	15.869		长4+5!1^(1_2)
耿207	2327.375	53.429	46.571	16.028	16.395	229.616	0.01	0.1	99.9	115.196	107.587	21.467	2.646	20.457	16.257		长4+5!1^(1_2)
耿207	2327.500	49.149	50.851	16.399	17.092	227.02	0.01	0.1	99.9	115.066	102.566	21.458	2.641	18.44	16.603		长4+5!1^(1_2)
耿207	2327.625	44.9	55.1	16.727	17.713	224.449	0.01	0.1	99.9	114.931	97.087	21.447	2.631	16.744	16.911		长4+5!1^(1_2)
耿207	2327.750	41.739	58.261	17.031	18.152	222.383	0.01	0.1	99.9	114.792	92.331	21.436	2.623	16.38	17.219		长4+5!1^(1_2)
耿207	2327.875	40.946	59.054	17.358	18.394	221.325	0.01	0.1	99.9	114.653	90.614	21.428	2.623	17.277	17.584		长4+5!1^(1_2)
耿207	2328.000	42.415	57.585	17.758	18.563	221.317	0.01	0.1	99.9	114.514	92.14	21.428	2.634	19.006	18.036		长4+5!1^(1_2)
耿207	2328.125	45.5	54.5	18.244	18.824	221.839	0.01	0.1	99.9	114.379	95.886	21.432	2.649	20.421	18.566		长4+5!1^(1_2)
耿207	2328.250	49.406	50.594	18.792	19.291	222.353	0.01	0.1	99.9	114.248	101.014	21.439	2.66	20.363	19.125		长4+5!1^(1_2)
耿207	2328.375	52.027	47.973	19.336	20.027	222.158	0.01	0.1	99.9	114.122	104.963	21.444	2.664	19.091	19.633		长4+5!1^(1_2)
耿207	2328.500	51.545	48.455	19.804	20.969	220.67	0.01	0.1	99.9	114.003	104.958	21.442	2.665	17.533	20.032		长4+5!1^(1_2)
耿207	2328.625	49.172	50.828	20.147	21.956	217.804	0.01	0.1	99.9	113.893	102.075	21.437	2.663	16.41	20.292		长4+5!1^(1_2)
耿207	2328.750	46.986	53.014	20.349	22.766	214.08	0.01	0.1	99.9	113.792	99.291	21.437	2.655	15.724	20.407		长4+5!1^(1_2)
耿207	2328.875	45.21	54.79	20.405	23.103	210.678	0.01	0.1	99.9	113.7	96.88	21.449	2.644	15.602	20.383		长4+5!1^(1_2)
耿207	2329.000	44.631	55.369	20.341	22.848	208.666	0.01	0.1	99.9	113.618	95.244	21.477	2.637	16.233	20.262		长4+5!1^(1_2)
耿207	2329.125	47.314	52.686	20.188	22.104	208.376	0.01	0.1	99.9	113.548	98.05	21.508	2.631	17.55	20.06		长4+5!1^(1_2)
耿207	2329.250	51.96	48.04	19.954	21.091	209.619	0.01	0.1	99.9	113.487	103.82	21.532	2.624	18.804	19.773		长4+5!1^(1_2)
耿207	2329.375	56.056	43.944	19.624	20.056	212.034	0.01	0.1	99.9	113.436	109.047	21.545	2.619	19.135	19.38		长4+5!1^(1_3)
耿207	2329.500	58.039	41.961	19.189	19.121	215.169	0.01	0.1	99.9	113.393	111.89	21.549	2.615	18.777	18.886		长4+5!1^(1_3)
耿207	2329.625	57.381	42.619	18.66	18.277	218.675	0.01	0.1	99.9	113.359	111.616	21.544	2.61	18.519	18.314		长4+5!1^(1_3)
耿207	2329.750	54.755	45.245	18.074	17.492	222.149	0.01	0.1	99.9	113.331	109.027	21.533	2.607	18.935	17.724		长4+5!1^(1_3)
耿207	2329.875	51.172	48.828	17.504	16.806	224.956	0.01	0.1	99.9	113.307	104.485	21.53	2.607	19.587	17.195		长4+5!1^(1_3)
耿207	2330.000	49.751	50.249	17.016	16.287	226.852	0.01	0.1	99.9	113.285	101.746	21.536	2.612	20.191	16.773		长4+5!1^(1_3)
耿207	2330.125	52.087	47.913	16.642	15.963	228.161	0.01	0.1	99.9	113.263	104.167	21.543	2.62	20.715	16.467		长4+5!1^(1_3)
耿207	2330.250	55.295	44.705	16.379	15.797	229.248	0.01	0.1	99.9	113.237	108.444	21.542	2.623	20.883	16.268		长4+5!1^(1_3)
耿207	2330.375	55.814	44.186	16.223	15.716	230.162	0.01	0.1	99.9	113.206	110.0	21.536	2.617	20.397	16.171		长4+5!1^(1_3)
耿207	2330.500	52.87	47.13	16.16	15.663	230.887	0.01	0.1	99.9	113.167	106.672	21.529	2.609	19.587	16.159		长4+5!1^(1_3)
耿207	2330.625	50.498	49.502	16.182	15.643	231.324	0.01	0.1	99.9	113.114	103.02	21.524	2.602	19.181	16.232		长4+5!1^(1_3)
耿207	2330.750	51.55	48.45	16.286	15.692	231.338	0.01	0.1	99.9	113.047	103.606	21.522	2.6	19.529	16.375		长4+5!1^(1_3)
耿207	2330.875	54.837	45.163	16.446	15.84	230.937	0.01	0.1	99.9	112.962	107.512	21.525	2.609	20.049	16.548		长4+5!1^(1_3)
耿207	2331.000	57.385	42.615	16.611	16.061	230.098	0.01	0.1	99.9	112.858	111.08	21.531	2.624	20.088	16.693		长4+5!1^(1_3)
耿207	2331.125	56.801	43.199	16.731	16.293	228.723	0.01	0.1	99.9	112.727	111.231	21.538	2.643	19.291	16.774		长4+5!1^(1_3)
耿207	2331.250	52.77	47.23	16.783	16.476	226.934	0.01	0.1	99.9	112.572	107.287	21.537	2.655	18.166	16.786		长4+5!1^(1_3)
耿207	2331.375	46.756	53.244	16.774	16.562	225.342	0.01	0.1	99.9	112.39	99.79	21.53	2.655	17.583	16.757		长4+5!1^(1_3)
耿207	2331.500	42.926	57.074	16.746	16.556	224.558	0.01	0.1	99.9	112.179	93.276	21.524	2.65	17.901	16.739		长4+5!1^(1_3)
耿207	2331.625	44.842	55.158	16.747	16.503	224.93	0.01	0.1	99.9	111.933	94.773	21.525	2.646	18.812	16.773		长4+5!1^(1_3)
耿207	2331.750	50.004	49.996	16.81	16.471	226.493	0.01	0.1	99.9	111.656	101.181	21.529	2.637	20.226	16.88		长4+5!1^(1_3)
耿207	2331.875	55.543	44.457	16.949	16.556	228.663	0.01	0.1	99.9	111.346	107.825	21.531	2.625	21.88	17.06		长4+5!1^(1_3)
耿207	2332.000	60.707	39.293	17.145	16.815	230.378	0.01	0.1	99.9	111.004	113.774	21.532	2.617	23.192	17.271		长4+5!1^(1_3)
耿207	2332.125	64.448	35.552	17.356	17.227	230.856	0.01	0.1	99.9	110.623	118.54	21.531	2.612	23.335	17.474		长4+5!1^(1_3)
耿207	2332.250	63.936	36.064	17.543	17.706	230.078	0.01	0.1	99.9	110.211	119.248	21.533	2.611	21.609	17.636		长4+5!1^(1_3)
耿207	2332.375	58.001	41.999	17.685	18.104	228.721	0.01	0.1	99.9	109.766	113.622	21.536	2.616	19.344	17.755		长4+5!1^(1_3)
耿207	2332.500	50.087	49.913	17.801	18.333	227.276	0.01	0.1	99.9	109.291	104.09	21.537	2.631	18.293	17.878		长4+5!1^(1_3)
耿207	2332.625	44.976	55.024	17.942	18.413	225.969	0.01	0.1	99.9	108.781	96.594	21.534	2.646	18.854	18.055		长4+5!1^(1_3)
耿207	2332.750	44.225	55.775	18.152	18.427	225.147	0.01	0.1	99.9	108.245	94.88	21.528	2.653	19.522	18.314		长4+5!1^(1_3)
耿207	2332.875	45.604	54.396	18.444	18.47	225.319	0.01	0.1	99.9	107.684	96.882	21.525	2.66	19.326	18.643		长4+5!1^(1_3)
耿207	2333.000	46.139	53.861	18.778	18.581	226.404	0.01	0.1	99.9	107.101	97.78	21.526	2.66	19.06	18.972		长4+5!1^(1_3)
耿207	2333.125	46.337	53.663	19.087	18.759	227.465	0.01	0.1	99.9	106.497	97.601	21.534	2.654	19.316	19.243		长4+5!1^(1_3)
耿207	2333.250	48.07	51.93	19.324	19.006	227.471	0.01	0.1	99.9	105.878	99.563	21.54	2.646	19.382	19.432		长4+5!1^(1_3)
耿207	2333.375	49.989	50.011	19.486	19.331	226.145	0.01	0.1	99.9	105.249	102.568	21.542	2.639	18.611	19.57		长4+5!1^(1_3)
耿207	2333.500	49.114	50.886	19.633	19.708	224.42	0.01	0.1	99.9	104.613	102.334	21.542	2.625	17.843	19.752		长4+5!1^(1_3)
耿207	2333.625	45.661	54.339	19.865	20.111	223.178	0.01	0.1	99.9	103.976	97.845	21.539	2.612	18.33	20.078		长4+5!1^(1_3)
耿207	2333.750	43.601	56.399	20.278	20.595	222.363	0.01	0.1	99.9	103.342	94.227	21.532	2.604	20.314	20.638	干层	长4+5!1^(1_3)
耿207	2333.875	45.422	54.578	20.957	21.416	221.521	0.01	0.1	99.9	102.716	95.428	21.518	2.605	21.974	21.473	干层	长4+5!1^(1_3)
耿207	2334.000	51.081	48.919	21.865	22.812	220.28	0.01	0.1	99.9	102.103	102.27	21.499	2.612	21.767	22.459	干层	长4+5!1^(1_3)
耿207	2334.125	56.675	43.325	22.863	24.759	218.547	0.01	0.1	99.9	101.51	109.899	21.483	2.621	19.449	23.437	干层	长4+5!1^(1_3)
耿207	2334.250	56.977	43.023	23.779	26.899	216.592	0.01	0.1	99.9	100.939	111.979	21.485	2.62	16.5	24.223	干层	长4+5!1^(1_3)
耿207	2334.375	49.922	50.078	24.429	28.552	214.706	0.01	0.1	99.9	100.393	105.151	21.506	2.605	14.816	24.677	干层	长4+5!1^(1_3)
耿207	2334.500	38.668	61.332	24.763	29.24	213.202	0.01	0.1	99.9	99.876	90.741	21.527	2.579	14.565	24.851	干层	长4+5!1^(1_3)
耿207	2334.625	28.789	71.211	24.857	28.935	212.595	0.01	0.1	99.9	99.396	74.884	21.536	2.553	14.943	24.848	干层	长4+5!1^(1_3)
耿207	2334.750	23.318	76.682	24.819	27.931	213.379	0.01	0.1	99.9	98.95	64.343	21.539	2.532	15.589	24.767	干层	长4+5!1^(1_3)
耿207	2334.875	21.601	78.399	24.721	26.661	215.691	0.01	0.1	99.9	98.539	60.35	21.538	2.522	16.832	24.635	干层	长4+5!1^(1_3)
耿207	2335.000	22.326	77.674	24.553	25.449	218.829	0.01	0.1	99.9	98.164	60.867	21.538	2.526	18.513	24.394	干层	长4+5!1^(1_3)
耿207	2335.125	25.161	74.839	24.239	24.389	221.794	0.01	0.1	99.9	97.831	65.349	21.539	2.538	19.923	23.96	干层	长4+5!1^(1_3)
耿207	2335.250	29.497	70.503	23.711	23.443	223.763	0.01	0.1	99.9	97.534	72.401	21.542	2.55	20.709	23.299	干层	长4+5!1^(1_3)
耿207	2335.375	34.348	65.652	22.971	22.549	224.271	0.01	0.1	99.9	97.273	80.252	21.541	2.555	21.091	22.479	干层	长4+5!1^(1_3)
耿207	2335.500	37.861	62.139	22.148	21.699	223.85	0.01	0.1	99.9	97.045	86.489	21.54	2.552	20.881	21.681	干层	长4+5!1^(1_3)
耿207	2335.625	37.779	62.221	21.407	20.958	223.279	0.01	0.1	99.9	96.855	87.226	21.546	2.541	20.076	21.042		长4+5!1^(1_3)
耿207	2335.750	35.315	64.685	20.859	20.424	223.137	0.01	0.1	99.9	96.696	83.627	21.562	2.529	19.513	20.637		长4+5!1^(1_3)
耿207	2335.875	33.724	66.276	20.556	20.174	223.917	0.01	0.1	99.9	96.566	80.222	21.597	2.528	19.957	20.46		长4+5!1^(1_3)
耿207	2336.000	36.066	63.934	20.429	20.132	225.696	0.01	0.1	99.9	96.464	82.056	21.665	2.538	21.047	20.391		长4+5!1^(1_3)
耿207	2336.125	43.275	56.725	20.375	20.115	228.194	0.01	0.1	99.9	96.392	91.726	21.771	2.544	21.938	20.351		长4+5!1^(1_3)
耿207	2336.250	51.0	49.0	20.334	19.962	230.99	0.01	0.1	99.9	96.343	102.829	21.897	2.535	22.022	20.313		长4+5!1^(2_1)
耿207	2336.375	52.92	47.08	20.304	19.675	233.638	0.01	0.1	99.9	96.318	107.32	22.022	2.511	21.372	20.301		长4+5!1^(2_1)
耿207	2336.500	46.307	53.693	20.312	19.499	235.801	0.01	0.1	99.9	96.313	100.582	22.164	2.484	20.447	20.34		长4+5!1^(2_1)
耿207	2336.625	36.456	63.544	20.372	19.725	237.307	0.01	0.1	99.9	96.331	86.662	22.313	2.473	19.98	20.424		长4+5!1^(2_1)
耿207	2336.750	30.248	69.752	20.464	20.436	238.013	0.01	0.1	99.9	96.367	75.984	22.309	2.486	20.269	20.515		长4+5!1^(2_1)
耿207	2336.875	28.644	71.356	20.536	21.376	237.78	0.01	0.1	99.9	96.421	72.063	22.007	2.521	20.944	20.552		长4+5!1^(2_1)
耿207	2337.000	31.329	68.671	20.541	22.085	236.908	0.01	0.1	99.9	96.491	74.893	21.568	2.569	21.831	20.507		长4+5!1^(2_1)
耿207	2337.125	38.354	61.646	20.464	22.251	235.727	0.01	0.1	99.9	96.578	84.671	21.271	2.606	22.372	20.391		长4+5!1^(2_1)
耿207	2337.250	47.509	52.491	20.331	21.884	234.284	0.01	0.1	99.9	96.681	97.377	21.181	2.622	21.862	20.247		长4+5!1^(2_1)
耿207	2337.375	54.706	45.294	20.198	21.24	232.546	0.01	0.1	99.9	96.798	107.473	21.182	2.622	20.709	20.142		长4+5!1^(2_1)
耿207	2337.500	55.921	44.079	20.129	20.619	230.733	0.01	0.1	99.9	96.93	110.497	21.189	2.617	19.991	20.135		长4+5!1^(2_1)
耿207	2337.625	51.103	48.897	20.174	20.17	229.102	0.01	0.1	99.9	97.08	105.219	21.187	2.605	20.023	20.266		长4+5!1^(2_1)
耿207	2337.750	45.885	54.115	20.371	19.919	227.859	0.01	0.1	99.9	97.246	98.223	21.177	2.587	20.134	20.563		长4+5!1^(2_1)
耿207	2337.875	43.218	56.782	20.74	19.917	227.074	0.01	0.1	99.9	97.428	94.129	21.166	2.572	20.027	21.032		长4+5!1^(2_1)
耿207	2338.000	42.445	57.555	21.261	20.241	226.42	0.01	0.1	99.9	97.629	93.287	21.159	2.561	19.662	21.627		长4+5!1^(2_1)
耿207	2338.125	40.791	59.209	21.903	20.986	225.507	0.01	0.1	99.9	97.853	91.518	21.159	2.554	18.835	22.339	干层	长4+5!1^(2_1)
耿207	2338.250	37.756	62.244	22.661	22.252	224.029	0.01	0.1	99.9	98.098	87.384	21.163	2.553	17.625	23.167	干层	长4+5!1^(2_1)
耿207	2338.375	34.602	65.398	23.537	24.154	221.497	0.01	0.1	99.9	98.365	82.798	21.165	2.562	16.421	24.104	干层	长4+5!1^(2_1)
耿207	2338.500	31.554	68.446	24.498	26.608	217.64	0.01	0.1	99.9	98.656	78.231	21.163	2.575	15.323	25.085	干层	长4+5!1^(2_1)
耿207	2338.625	28.566	71.434	25.471	29.309	212.691	0.01	0.1	99.9	98.975	73.305	21.161	2.588	14.113	26.02	干层	长4+5!1^(2_1)
耿207	2338.750	26.283	73.717	26.349	31.77	207.225	0.01	0.1	99.9	99.318	69.237	21.158	2.602	12.827	26.777	干层	长4+5!1^(2_1)
耿207	2338.875	24.792	75.208	26.975	33.247	202.364	0.01	0.1	99.9	99.684	66.574	21.158	2.621	11.937	27.2	干层	长4+5!1^(2_1)
耿207	2339.000	23.771	76.229	27.254	33.306	199.294	0.01	0.1	99.9	100.074	64.448	21.167	2.64	11.983	27.263	干层	长4+5!1^(2_1)
耿207	2339.125	24.027	75.973	27.171	31.996	198.613	0.01	0.1	99.9	100.489	64.027	21.191	2.654	13.21	26.967	干层	长4+5!1^(2_1)
耿207	2339.250	26.917	73.083	26.741	29.715	200.388	0.01	0.1	99.9	100.922	67.929	21.226	2.661	15.176	26.337	干层	长4+5!1^(2_1)
耿207	2339.375	32.874	67.126	25.978	27.096	204.3	0.01	0.1	99.9	101.373	76.896	21.259	2.66	17.233	25.396	干层	长4+5!1^(2_1)
耿207	2339.500	40.442	59.558	24.948	24.681	209.396	0.01	0.1	99.9	101.837	88.43	21.285	2.651	18.978	24.247	干层	长4+5!1^(2_1)
耿207	2339.625	46.329	53.671	23.74	22.699	214.67	0.01	0.1	99.9	102.314	97.168	21.321	2.641	20.016	22.974	干层	长4+5!1^(2_1)
耿207	2339.750	49.202	50.798	22.455	21.144	219.33	0.01	0.1	99.9	102.799	101.203	21.369	2.631	20.544	21.709	干层	长4+5!1^(2_1)
耿207	2339.875	50.653	49.347	21.253	19.977	222.574	0.01	0.1	99.9	103.289	102.997	21.412	2.626	20.873	20.626	干层	长4+5!1^(2_1)
耿207	2340.000	51.933	48.067	20.28	19.153	224.184	0.01	0.1	99.9	103.781	104.622	21.436	2.62	20.892	19.821	干层	长4+5!1^(2_1)
耿207	2340.125	52.626	47.374	19.596	18.663	224.667	0.01	0.1	99.9	104.274	105.763	21.45	2.61	20.494	19.305		长4+5!1^(2_1)
耿207	2340.250	51.902	48.098	19.175	18.514	224.712	0.01	0.1	99.9	104.764	105.289	21.466	2.593	20.0	19.003		长4+5!1^(2_1)
耿207	2340.375	49.688	50.312	18.921	18.649	224.743	0.01	0.1	99.9	105.25	102.878	21.485	2.577	19.547	18.791		长4+5!1^(2_1)
耿207	2340.500	46.56	53.44	18.697	18.883	224.787	0.01	0.1	99.9	105.732	99.2	21.504	2.558	18.769	18.533		长4+5!1^(2_1)
耿207	2340.625	42.759	57.241	18.394	18.97	225.079	0.01	0.1	99.9	106.208	94.48	21.522	2.526	17.814	18.157		长4+5!1^(2_1)
耿207	2340.750	38.497	61.503	17.96	18.697	226.745	0.01	0.1	99.9	106.677	88.706	21.541	2.477	17.397	17.638		长4+5!1^(2_1)
耿207	2340.875	34.803	65.197	17.388	17.907	231.106	0.01	0.1	99.9	107.141	82.68	21.575	2.428	18.66	17.007		长4+5!1^(2_1)
耿207	2341.000	34.588	65.412	16.745	16.722	238.563	0.01	0.1	99.9	107.597	80.258	21.652	2.384	23.055	16.365		长4+5!1^(2_1)
耿207	2341.125	41.447	58.553	16.128	15.486	248.642	0.01	0.1	99.9	108.046	88.16	21.778	2.35	30.42	15.8		长4+5!1^(2_1)
耿207	2341.250	55.48	44.52	15.615	14.571	259.968	0.01	0.1	99.9	108.487	104.35	21.903	2.337	36.937	15.373		长4+5!1^(2_1)
耿207	2341.375	76.641	23.359	15.256	14.296	270.25	0.01	0.1	99.9	108.922	125.651	21.906	2.357	39.06	15.105		长4+5!1^(2_1)
耿207	2341.500	98.036	1.964	15.037	14.606	277.5	0.01	0.1	99.9	109.348	148.144	21.776	2.393	36.87	14.952		长4+5!1^(2_1)
耿207	2341.625	99.9	0.1	14.918	15.192	280.617	0.01	0.1	99.9	109.765	164.33	21.62	2.436	33.107	14.882		长4+5!1^(2_1)
耿207	2341.750	99.9	0.1	14.876	15.755	279.024	0.01	0.1	99.9	110.173	169.305	21.534	2.486	30.151	14.877		长4+5!1^(2_1)
耿207	2341.875	99.9	0.1	14.893	16.096	272.793	0.01	0.1	99.9	110.571	163.651	21.52	2.536	28.08	14.918		长4+5!1^(2_1)
耿207	2342.000	97.877	2.123	14.937	16.208	263.728	0.01	0.1	99.9	110.958	153.205	21.52	2.564	26.471	14.957		长4+5!1^(2_1)
耿207	2342.125	86.903	13.097	14.958	16.147	253.661	0.01	0.1	99.9	111.33	141.918	21.52	2.576	24.702	14.935		长4+5!1^(2_1)
耿207	2342.250	72.626	27.374	14.89	15.884	244.095	0.01	0.1	99.9	111.689	129.477	21.539	2.569	22.723	14.785		长4+5!1^(2_1)
耿207	2342.375	58.585	41.415	14.665	15.261	236.866	0.01	0.1	99.9	112.032	115.224	21.621	2.526	20.75	14.458		长4+5!1^(2_1)
耿207	2342.500	46.317	53.683	14.284	14.195	233.251	0.01	0.1	99.9	112.36	100.388	21.846	2.444	19.284	14.009		长4+5!1^(2_1)
耿207	2342.625	37.465	62.535	13.808	12.798	233.542	0.01	0.1	99.9	112.666	87.621	22.252	2.353	19.704	13.508		长4+5!1^(2_2)
耿207	2342.750	32.944	67.056	13.311	11.371	237.08	0.01	0.1	99.9	112.953	79.599	22.742	2.281	23.112	13.03		长4+5!1^(2_2)
耿207	2342.875	33.358	66.642	12.862	10.406	242.4	0.01	0.1	99.9	113.218	78.642	23.103	2.244	27.64	12.617		长4+5!1^(2_2)
耿207	2343.000	38.551	61.449	12.464	10.189	247.868	0.01	0.1	99.9	113.46	85.455	23.266	2.261	30.642	12.229		长4+5!1^(2_2)
耿207	2343.125	46.048	53.952	12.064	10.625	252.066	0.01	0.1	99.9	113.673	95.834	23.354	2.316	31.022	11.801		长4+5!1^(2_2)
耿207	2343.250	52.709	47.291	11.604	11.316	254.151	0.01	0.1	99.9	113.86	104.536	23.405	2.38	29.597	11.292		长4+5!1^(2_2)
耿207	2343.375	57.432	42.568	11.061	11.683	253.658	0.01	0.1	99.9	114.018	110.564	23.276	2.441	27.429	10.715		长4+5!1^(2_2)
耿207	2343.500	59.618	40.382	10.483	11.433	250.835	0.01	0.1	99.9	114.147	113.53	22.991	2.496	25.112	10.151		长4+5!1^(2_2)
耿207	2343.625	59.587	40.413	9.951	10.675	246.933	0.01	0.1	99.9	114.239	113.709	22.791	2.523	24.082	9.683		长4+5!1^(2_2)
耿207	2343.750	58.864	41.136	9.545	9.722	243.859	0.01	0.1	99.9	114.299	112.815	22.853	2.514	25.95	9.379		长4+5!1^(2_2)
耿207	2343.875	58.546	41.454	9.326	8.94	243.559	0.01	0.1	99.9	114.326	112.454	23.026	2.492	29.109	9.274		长4+5!1^(2_2)
耿207	2344.000	58.376	41.624	9.278	8.492	245.708	0.01	0.1	99.9	114.32	112.154	23.085	2.469	30.84	9.317		长4+5!1^(2_2)
耿207	2344.125	58.949	41.051	9.387	8.409	250.56	0.01	0.1	99.9	114.275	112.422	23.013	2.438	30.303	9.498		长4+5!1^(2_2)
耿207	2344.250	61.322	38.678	9.581	8.669	256.075	0.01	0.1	99.9	114.198	114.486	22.935	2.406	29.304	9.712		长4+5!1^(2_2)
耿207	2344.375	65.798	34.202	9.81	9.299	260.048	0.01	0.1	99.9	114.03	118.994	23.016	2.384	29.794	9.969		长4+5!1^(2_2)
耿207	2344.500	71.398	28.602	10.09	10.335	262.106	0.01	0.1	99.9	113.86	124.263	23.149	2.383	30.483	10.286		长4+5!1^(2_2)
耿207	2344.625	77.401	22.599	10.436	11.709	261.759	0.01	0.1	99.9	113.68	130.879	23.017	2.402	29.036	10.677		长4+5!1^(2_2)
耿207	2344.750	77.797	22.203	10.861	13.23	258.496	0.01	0.1	99.9	113.481	132.701	22.515	2.431	25.135	11.158		长4+5!1^(2_2)
耿207	2344.875	70.751	29.249	11.387	14.589	252.634	0.01	0.1	99.9	113.267	127.079	21.939	2.47	21.151	11.757		长4+5!1^(2_2)
耿207	2345.000	59.966	40.034	12.041	15.559	245.582	0.01	0.1	99.9	113.044	116.13	21.624	2.518	18.59	12.5		长4+5!1^(2_2)
耿207	2345.125	50.59	49.41	12.855	16.114	238.641	0.01	0.1	99.9	112.818	104.641	21.548	2.564	17.486	13.425		长4+5!1^(2_2)
耿207	2345.250	46.098	53.902	13.858	16.399	232.832	0.01	0.1	99.9	112.595	97.441	21.542	2.599	17.514	14.539		长4+5!1^(2_2)
耿207	2345.375	48.264	51.736	15.038	16.67	229.007	0.01	0.1	99.9	112.38	98.693	21.539	2.628	18.4	15.792		长4+5!1^(2_2)
耿207	2345.500	55.658	44.342	16.301	17.133	227.127	0.01	0.1	99.9	112.181	107.026	21.537	2.648	19.91	17.045		长4+5!1^(2_2)
耿207	2345.625	64.338	35.662	17.516	17.857	226.34	0.01	0.1	99.9	112.005	117.351	21.536	2.655	21.224	18.179		长4+5!1^(2_2)
耿207	2345.750	68.659	31.341	18.567	18.801	225.556	0.01	0.1	99.9	111.856	123.316	21.54	2.652	21.219	19.093		长4+5!1^(2_2)
耿207	2345.875	65.184	34.816	19.369	19.837	223.631	0.01	0.1	99.9	111.737	121.412	21.544	2.647	20.087	19.75		长4+5!1^(2_2)
耿207	2346.000	55.098	44.902	19.962	20.813	220.432	0.01	0.1	99.9	111.651	111.093	21.549	2.639	18.687	20.278		长4+5!1^(2_2)
耿207	2346.125	44.564	55.436	20.484	21.645	216.791	0.01	0.1	99.9	111.609	97.523	21.554	2.63	17.81	20.812		长4+5!1^(2_2)
耿207	2346.250	38.372	61.628	21.055	22.332	213.633	0.01	0.1	99.9	111.604	88.141	21.56	2.627	17.466	21.424		长4+5!1^(2_2)
耿207	2346.375	36.158	63.842	21.675	22.883	212.135	0.01	0.1	99.9	111.638	84.147	21.562	2.625	17.338	22.004		长4+5!1^(2_2)
耿207	2346.500	36.626	63.374	22.159	23.235	212.482	0.01	0.1	99.9	111.708	84.364	21.573	2.618	17.367	22.291		长4+5!1^(2_2)
耿207	2346.625	38.468	61.532	22.246	23.197	214.513	0.01	0.1	99.9	111.821	86.87	21.604	2.612	17.629	22.051		长4+5!1^(2_2)
耿207	2346.750	41.01	58.99	21.748	22.531	218.186	0.01	0.1	99.9	111.965	89.96	21.652	2.611	18.348	21.159		长4+5!1^(2_2)
耿207	2346.875	45.393	54.607	20.585	21.011	223.167	0.01	0.1	99.9	112.137	95.108	21.703	2.6	19.44	19.661		长4+5!1^(2_2)
耿207	2347.000	52.054	47.946	18.957	18.733	229.306	0.01	0.1	99.9	112.334	103.29	21.741	2.554	20.637	17.892		长4+5!1^(2_2)
耿207	2347.125	58.699	41.301	17.169	16.041	236.819	0.01	0.1	99.9	112.552	111.568	21.775	2.468	21.832	16.116		长4+5!1^(2_2)
耿207	2347.250	62.489	37.511	15.455	13.369	245.594	0.01	0.1	99.9	112.784	116.467	21.902	2.36	24.225	14.525		长4+5!1^(2_2)
耿207	2347.375	63.338	36.662	13.986	11.261	254.567	0.01	0.1	99.9	113.023	117.323	22.481	2.259	28.756	13.228		长4+5!1^(2_2)
耿207	2347.500	65.168	34.832	12.788	9.992	262.073	0.01	0.1	99.9	113.266	118.351	23.252	2.194	33.284	12.16		长4+5!1^(2_2)
耿207	2347.625	70.681	29.319	11.783	9.48	267.712	0.01	0.1	99.9	113.507	123.617	23.625	2.181	34.905	11.228		长4+5!1^(2_2)
耿207	2347.750	76.535	23.465	10.872	9.406	271.373	0.01	0.1	99.9	113.741	130.008	23.446	2.21	33.27	10.342		长4+5!1^(2_2)
耿207	2347.875	77.606	22.394	9.991	9.319	272.819	0.01	0.1	99.9	113.964	132.219	23.083	2.265	31.429	9.48		长4+5!1^(2_2)
耿207	2348.000	73.196	26.804	9.156	8.946	272.098	0.01	0.1	99.9	114.174	128.2	22.919	2.316	30.268	8.699		长4+5!1^(2_2)
耿207	2348.125	69.424	30.576	8.434	8.311	269.733	0.01	0.1	99.9	114.364	123.779	22.941	2.34	29.658	8.079		长4+5!1^(2_2)
耿207	2348.250	69.453	30.547	7.899	7.626	267.113	0.01	0.1	99.9	114.533	123.349	23.172	2.328	30.633	7.689		长4+5!1^(2_2)
耿207	2348.375	70.521	29.479	7.628	7.178	265.0	0.01	0.1	99.9	114.681	125.211	23.475	2.308	33.581	7.585		长4+5!1^(2_2)
耿207	2348.500	67.129	32.871	7.621	7.115	263.242	0.01	0.1	99.9	114.803	122.958	23.459	2.316	36.313	7.71		长4+5!1^(2_2)
耿207	2348.625	59.681	40.319	7.818	7.427	260.475	0.01	0.1	99.9	114.893	114.951	22.979	2.36	36.002	8.0		长4+5!1^(2_2)
耿207	2348.750	54.232	45.768	8.15	8.013	255.959	0.01	0.1	99.9	114.951	108.157	22.312	2.425	32.078	8.386		长4+5!1^(2_2)
耿207	2348.875	51.846	48.154	8.558	8.711	249.873	0.01	0.1	99.9	114.977	105.009	21.876	2.506	27.225	8.823		长4+5!1^(2_2)
耿207	2349.000	50.565	49.435	9.01	9.39	242.707	0.01	0.1	99.9	114.964	103.686	21.724	2.578	23.467	9.301		长4+5!1^(2_2)
耿207	2349.125	48.311	51.689	9.51	10.021	234.758	0.01	0.1	99.9	114.904	101.307	21.699	2.618	21.171	9.839		长4+5!1^(2_2)
耿207	2349.250	44.57	55.43	10.078	10.626	226.525	0.01	0.1	99.9	114.798	97.018	21.766	2.63	19.776	10.45		长4+5!1^(2_2)
耿207	2349.375	39.88	60.12	10.715	11.156	220.536	0.01	0.1	99.9	114.641	90.384	21.899	2.632	18.502	11.104		长4+5!1^(2_2)
耿207	2349.500	37.72	62.28	11.354	11.5	218.345	0.01	0.1	99.9	114.431	85.658	22.007	2.632	17.657	11.697		长4+5!1^(2_2)
耿207	2349.625	41.038	58.962	11.884	11.565	220.287	0.01	0.1	99.9	114.152	89.501	22.036	2.618	17.85	12.114		长4+5!1^(2_2)
耿207	2349.750	46.433	53.567	12.2	11.344	225.551	0.01	0.1	99.9	113.811	97.018	22.019	2.587	19.388	12.27		长4+5!1^(2_2)
耿207	2349.875	50.473	49.527	12.235	10.93	233.331	0.01	0.1	99.9	113.406	102.418	22.04	2.54	21.599	12.147		长4+5!1^(2_2)
耿207	2350.000	53.632	46.368	12.039	10.489	242.629	0.01	0.1	99.9	112.935	105.829	22.101	2.485	23.872	11.862		长4+5!1^(2_2)
耿207	2350.125	57.809	42.191	11.721	10.169	252.673	0.01	0.1	99.9	112.387	110.82	22.194	2.443	26.227	11.516		长4+5!1^(2_2)
耿207	2350.250	60.471	39.529	11.387	10.057	262.619	0.01	0.1	99.9	111.774	114.582	22.31	2.422	28.669	11.223		长4+5!1^(2_2)
耿207	2350.375	60.05	39.95	11.154	10.251	270.423	0.01	0.1	99.9	111.101	114.113	22.368	2.418	30.69	11.09		长4+5!1^(2_2)
耿207	2350.500	61.098	38.902	11.097	10.797	275.101	0.01	0.1	99.9	110.372	113.716	22.395	2.428	32.016	11.152		长4+5!1^(2_3)
耿207	2350.625	68.929	31.071	11.245	11.67	276.576	0.01	0.1	99.9	109.587	120.77	22.37	2.451	32.23	11.432		长4+5!1^(2_3)
耿207	2350.750	80.449	19.551	11.62	12.785	275.202	0.01	0.1	99.9	108.764	132.444	22.223	2.471	30.533	11.964		长4+5!1^(2_3)
耿207	2350.875	86.421	13.579	12.278	14.01	271.45	0.01	0.1	99.9	107.914	139.959	21.944	2.48	27.396	12.811		长4+5!1^(2_3)
耿207	2351.000	78.853	21.147	13.252	15.248	265.468	0.01	0.1	99.9	107.048	135.844	21.705	2.481	24.619	13.987		长4+5!1^(2_3)
耿207	2351.125	56.488	43.512	14.577	16.518	258.211	0.727	2.779	90.499	106.182	118.167	21.636	2.486	23.405	15.544		长4+5!1^(2_3)
耿207	2351.250	25.397	74.603	16.302	17.965	250.709	3.497	13.446	52.385	105.33	97.653	21.648	2.488	23.313	17.526	干层	长4+5!1^(2_3)
耿207	2351.375	20.584	79.416	18.461	19.828	244.54	2.985	12.973	50.658	104.508	83.942	21.653	2.486	23.286	19.905	干层	长4+5!1^(2_3)
耿207	2351.500	18.693	81.307	20.926	22.174	240.501	2.713	12.696	48.558	103.727	78.24	21.651	2.491	22.856	22.462	干层	长4+5!1^(2_3)
耿207	2351.625	17.967	82.033	23.499	24.826	238.354	2.606	12.581	46.35	103.013	76.246	21.652	2.498	22.099	25.03	干层	长4+5!1^(2_3)
耿207	2351.750	17.527	82.473	26.025	27.467	237.666	2.607	12.582	44.252	102.371	74.394	21.652	2.498	21.691	27.448	干层	长4+5!1^(2_3)
耿207	2351.875	17.848	82.152	28.306	29.726	238.073	2.696	12.678	42.412	101.809	74.532	21.643	2.493	22.272	29.492	干层	长4+5!1^(2_3)
耿207	2352.000	18.941	81.059	30.15	31.46	239.425	2.858	12.847	40.899	101.336	77.637	21.636	2.484	23.585	31.004	干层	长4+5!1^(2_3)
耿207	2352.125	19.732	80.268	31.399	32.72	241.235	3.025	13.015	39.916	100.976	80.081	21.641	2.469	24.862	31.838	干层	长4+5!1^(2_3)
耿207	2352.250	19.767	80.233	31.925	33.553	242.668	3.107	13.094	39.698	100.717	79.989	21.656	2.449	25.332	31.862	干层	长4+5!1^(2_3)
耿207	2352.375	19.681	80.319	31.558	33.735	242.848	3.022	13.011	40.501	100.561	79.564	21.655	2.434	24.82	30.957	干层	长4+5!1^(2_3)
耿207	2352.500	20.077	79.923	30.357	32.88	241.181	2.783	12.769	42.252	100.505	81.338	21.625	2.428	23.471	29.366	干层	长4+5!1^(2_3)
耿207	2352.625	20.682	79.318	28.58	30.703	238.658	2.572	12.543	44.423	100.564	84.492	21.58	2.42	21.491	27.38	干层	长4+5!1^(2_3)
耿207	2352.750	23.676	76.324	26.548	27.342	236.79	1.984	9.977	56.865	100.714	85.006	21.544	2.407	19.54	25.355		长4+5!1^(2_3)
耿207	2352.875	35.772	64.228	24.632	23.701	236.637	0.01	0.1	99.9	100.949	83.46	21.578	2.397	18.87	23.636		长4+5!1^(2_3)
耿207	2353.000	37.568	62.432	23.088	21.011	237.641	0.01	0.1	99.9	101.259	84.301	21.695	2.398	20.569	22.348		长4+5!1^(2_3)
耿207	2353.125	45.466	54.534	21.96	19.922	238.942	0.01	0.1	99.9	101.646	93.583	21.795	2.417	23.753	21.418		长4+5!1^(2_3)
耿207	2353.250	58.14	41.86	21.109	20.146	240.148	0.01	0.1	99.9	102.086	109.168	21.776	2.458	25.42	20.642		长4+5!1^(2_3)
耿207	2353.375	68.473	31.527	20.324	20.674	240.617	0.01	0.1	99.9	102.57	122.405	21.658	2.511	24.328	19.836		长4+5!1^(2_3)
耿207	2353.500	67.931	32.069	19.494	20.593	239.736	0.01	0.1	99.9	103.086	124.15	21.56	2.556	21.733	18.99		长4+5!1^(2_3)
耿207	2353.625	58.277	41.723	18.664	19.737	236.777	0.01	0.1	99.9	103.627	114.045	21.53	2.588	19.559	18.212		长4+5!1^(2_3)
耿207	2353.750	50.47	49.53	17.959	18.53	231.825	0.01	0.1	99.9	104.179	103.869	21.531	2.603	18.537	17.651		长4+5!1^(2_3)
耿207	2353.875	47.791	52.209	17.54	17.543	226.576	0.01	0.1	99.9	104.734	99.962	21.538	2.608	18.448	17.439		长4+5!1^(2_3)
耿207	2354.000	47.033	52.967	17.457	16.992	222.929	0.01	0.1	99.9	105.285	99.261	21.539	2.614	18.848	17.53		长4+5!1^(2_3)
耿207	2354.125	45.569	54.431	17.638	16.765	221.51	0.01	0.1	99.9	105.822	97.306	21.532	2.625	19.072	17.814		长4+5!1^(2_3)
耿207	2354.250	44.864	55.136	17.949	16.708	221.672	0.01	0.1	99.9	106.342	95.847	21.523	2.635	18.976	18.128		长4+5!1^(2_3)
耿207	2354.375	46.256	53.744	18.216	16.69	222.659	0.01	0.1	99.9	106.839	97.166	21.52	2.64	19.25	18.309		长4+5!1^(2_3)
耿207	2354.500	49.112	50.888	18.318	16.606	224.145	0.01	0.1	99.9	107.312	100.76	21.523	2.637	19.989	18.286		长4+5!1^(2_3)
耿207	2354.625	51.802	48.198	18.205	16.408	225.931	0.01	0.1	99.9	107.751	104.19	21.529	2.634	20.674	18.049		长4+5!1^(2_3)
耿207	2354.750	53.717	46.283	17.897	16.107	227.605	0.01	0.1	99.9	108.16	106.704	21.534	2.634	20.879	17.657		长4+5!1^(2_3)
耿207	2354.875	54.358	45.642	17.478	15.759	228.853	0.01	0.1	99.9	108.536	107.891	21.537	2.633	20.804	17.223		长4+5!1^(2_3)
耿207	2355.000	53.085	46.915	17.07	15.425	229.988	0.01	0.1	99.9	108.879	106.84	21.536	2.63	20.69	16.866		长4+5!1^(2_3)
耿207	2355.125	50.379	49.621	16.764	15.134	231.4	0.01	0.1	99.9	109.182	103.618	21.533	2.629	20.717	16.644		长4+5!1^(2_3)
耿207	2355.250	48.19	51.81	16.606	14.909	233.419	0.01	0.1	99.9	109.449	100.441	21.527	2.634	21.168	16.599		长4+5!1^(2_3)
耿207	2355.375	48.405	51.595	16.66	14.824	236.736	0.01	0.1	99.9	109.679	99.819	21.525	2.634	21.939	16.797		长4+5!1^(2_3)
耿207	2355.500	52.022	47.978	16.952	14.947	241.388	0.01	0.1	99.9	109.871	103.598	21.531	2.624	22.886	17.218		长4+5!1^(2_3)
耿207	2355.625	57.909	42.091	17.44	15.292	246.408	0.01	0.1	99.9	110.018	110.237	21.537	2.608	24.199	17.772		长4+5!1^(2_3)
耿207	2355.750	64.291	35.709	17.996	15.808	250.492	0.01	0.1	99.9	110.126	117.336	21.539	2.592	26.071	18.282		长4+5!1^(2_3)
耿207	2355.875	69.303	30.697	18.41	16.348	252.512	0.01	0.1	99.9	110.193	123.14	21.536	2.578	27.317	18.535		长4+5!1^(2_3)
耿207	2356.000	70.289	29.711	18.53	16.724	252.239	0.01	0.1	99.9	110.219	125.308	21.534	2.574	26.566	18.452		长4+5!1^(2_3)
耿207	2356.125	65.952	34.048	18.307	16.771	250.323	0.01	0.1	99.9	110.196	121.398	21.535	2.579	24.323	18.033		长4+5!1^(2_3)
耿207	2356.250	60.526	39.474	17.775	16.344	247.631	0.01	0.1	99.9	110.131	115.358	21.54	2.583	22.78	17.361		长4+5!1^(2_3)
耿207	2356.375	57.329	42.671	17.047	15.311	246.7	0.01	0.1	99.9	110.024	111.224	21.548	2.571	22.661	16.592		长4+5!1^(2_3)
耿207	2356.500	56.772	43.228	16.306	13.842	249.278	0.01	0.1	99.9	109.876	110.334	21.56	2.53	23.266	15.917		长4+5!1^(2_3)
耿207	2356.625	57.444	42.556	15.711	12.446	254.931	0.01	0.1	99.9	109.681	110.793	21.611	2.471	25.13	15.454		长4+5!1^(2_3)
耿207	2356.750	59.654	40.346	15.354	11.805	261.359	0.01	0.1	99.9	109.448	112.702	21.732	2.433	28.229	15.255		长4+5!1^(2_3)
耿207	2356.875	64.148	35.852	15.259	12.515	265.243	0.01	0.1	99.9	109.178	117.153	21.82	2.429	29.639	15.282		长4+5!1^(2_3)
耿207	2357.000	69.369	30.631	15.32	14.298	264.923	0.01	0.1	99.9	108.873	123.126	21.773	2.451	27.597	15.372		长4+5!1^(2_3)
耿207	2357.125	70.708	29.292	15.398	16.276	260.263	0.01	0.1	99.9	108.532	125.678	21.633	2.495	23.619	15.43		长4+5!1^(2_3)
耿207	2357.250	66.199	33.801	15.441	17.666	251.713	0.01	0.1	99.9	108.163	121.96	21.534	2.552	20.596	15.482		长4+5!1^(2_3)
耿207	2357.375	58.893	41.107	15.539	18.085	239.939	0.01	0.1	99.9	107.768	114.269	21.513	2.598	18.91	15.677		长4+5!1^(2_3)
耿207	2357.500	52.209	47.791	15.84	17.863	227.112	0.01	0.1	99.9	107.353	106.536	21.52	2.622	17.817	16.154		长4+5!1^(2_3)
耿207	2357.625	46.354	53.646	16.456	17.543	216.827	0.01	0.1	99.9	106.916	99.525	21.527	2.639	16.726	16.977		长4+5!1^(2_3)
耿207	2357.750	40.692	59.308	17.416	17.394	211.218	0.01	0.1	99.9	106.466	91.72	21.531	2.653	15.499	18.127		长4+5!1^(2_3)
耿207	2357.875	37.403	62.597	18.674	17.413	210.158	0.01	0.1	99.9	106.007	85.836	21.531	2.66	14.659	19.493		长4+5!1^(2_3)
耿207	2358.000	39.12	60.88	20.041	17.52	211.27	0.01	0.1	99.9	105.54	86.577	21.529	2.657	14.753	20.816		长4+5!1^(2_3)
耿207	2358.125	45.781	54.219	21.27	17.717	212.983	0.01	0.1	99.9	105.071	95.439	21.532	2.648	15.806	21.863		长4+5!1^(2_3)
耿207	2358.250	52.329	47.671	22.142	18.027	214.877	0.01	0.1	99.9	104.603	104.399	21.539	2.642	17.154	22.436		长4+5!1^(2_3)
耿207	2358.375	55.465	44.535	22.466	18.432	216.379	0.01	0.1	99.9	104.14	108.931	21.544	2.642	17.687	22.421		长4+5!1^(2_3)
耿207	2358.500	55.181	44.819	22.27	18.864	216.873	0.01	0.1	99.9	103.686	109.022	21.544	2.649	17.091	21.993		长4+5!1^(2_3)
耿207	2358.625	53.72	46.28	21.738	19.236	216.104	0.01	0.1	99.9	103.246	107.018	21.542	2.653	16.015	21.343		长4+5!1^(2_3)
耿207	2358.750	53.823	46.177	21.06	19.44	214.315	0.01	0.1	99.9	102.822	106.654	21.539	2.647	15.309	20.647		长4+5!1^(2_3)
耿207	2358.875	55.842	44.158	20.385	19.331	213.185	0.01	0.1	99.9	102.418	108.695	21.536	2.635	15.064	20.009		长4+5!2^(1_1)
耿207	2359.000	58.979	41.021	19.778	18.873	213.918	0.01	0.1	99.9	102.036	112.074	21.536	2.626	15.511	19.449		长4+5!2^(1_1)
耿207	2359.125	62.99	37.01	19.252	18.15	216.354	0.01	0.1	99.9	101.687	116.0	21.539	2.618	17.268	18.973		长4+5!2^(1_1)
耿207	2359.250	68.583	31.417	18.807	17.313	219.841	0.01	0.1	99.9	101.367	121.714	21.541	2.614	20.124	18.565		长4+5!2^(1_1)
耿207	2359.375	73.276	26.724	18.41	16.553	223.589	0.01	0.1	99.9	101.08	127.361	21.538	2.61	22.334	18.169		长4+5!2^(1_1)
耿207	2359.500	71.726	28.274	17.996	15.963	226.809	0.01	0.1	99.9	100.827	127.611	21.534	2.6	23.013	17.722		长4+5!2^(1_1)
耿207	2359.625	62.348	37.652	17.521	15.52	228.777	0.01	0.1	99.9	100.618	118.884	21.532	2.582	22.465	17.212		长4+5!2^(1_1)
耿207	2359.750	47.02	52.98	16.996	15.162	229.15	0.361	2.375	92.316	100.445	106.245	21.53	2.563	21.33	16.684		长4+5!2^(1_1)
耿207	2359.875	21.656	78.344	16.492	14.846	227.706	1.74	11.477	62.165	100.309	93.491	21.527	2.547	19.916	16.233	干层	长4+5!2^(1_1)
耿207	2360.000	17.671	82.329	16.099	14.574	225.437	1.621	11.294	63.589	100.208	81.118	21.525	2.537	18.284	15.937	干层	长4+5!2^(1_1)
耿207	2360.125	15.193	84.807	15.881	14.376	224.404	1.657	11.347	63.544	100.146	71.487	21.524	2.536	16.78	15.837	干层	长4+5!2^(1_1)
耿207	2360.250	14.607	85.393	15.864	14.288	226.415	1.947	11.762	61.473	100.111	66.86	21.528	2.543	16.034	15.941	干层	长4+5!2^(1_1)
耿207	2360.375	16.035	83.965	16.042	14.342	232.305	2.612	12.561	57.7	100.101	67.814	21.535	2.549	16.563	16.21	干层	长4+5!2^(1_1)
耿207	2360.500	20.172	79.828	16.341	14.53	242.017	3.836	13.699	53.112	100.108	75.422	21.541	2.537	18.576	16.536	干层	长4+5!2^(1_1)
耿207	2360.625	32.425	67.575	16.663	14.826	254.823	4.238	11.853	59.444	100.128	92.294	21.541	2.511	21.277	16.838		长4+5!2^(1_1)
耿207	2360.750	60.719	39.281	16.934	15.199	268.739	0.01	0.1	99.9	100.152	111.9	21.537	2.474	23.005	17.047		长4+5!2^(1_1)
耿207	2360.875	72.319	27.681	17.08	15.57	280.224	0.01	0.1	99.9	100.173	125.479	21.536	2.432	23.279	17.095		长4+5!2^(1_1)
耿207	2361.000	76.588	23.412	17.059	15.796	286.606	0.01	0.1	99.9	100.185	130.504	21.539	2.409	23.686	16.972		长4+5!2^(1_1)
耿207	2361.125	76.025	23.975	16.871	15.699	288.084	0.01	0.1	99.9	100.179	130.486	21.541	2.402	25.973	16.703		长4+5!2^(1_1)
耿207	2361.250	72.685	27.315	16.569	15.179	286.655	0.01	0.1	99.9	100.151	127.933	21.538	2.398	28.985	16.385		长4+5!2^(1_1)
耿207	2361.375	67.521	32.479	16.283	14.39	284.407	0.01	0.1	99.9	100.101	122.372	21.559	2.391	29.632	16.167		长4+5!2^(1_1)
耿207	2361.500	66.35	33.65	16.141	13.837	282.068	0.01	0.1	99.9	100.025	119.503	21.646	2.389	27.077	16.141		长4+5!2^(1_1)
耿207	2361.625	72.417	27.583	16.193	14.051	279.214	0.01	0.1	99.9	99.92	125.024	21.743	2.39	23.437	16.292		长4+5!2^(1_1)
耿207	2361.750	79.268	20.732	16.385	15.189	275.921	0.01	0.1	99.9	99.793	132.666	21.754	2.403	21.132	16.512		长4+5!2^(1_1)
耿207	2361.875	78.135	21.865	16.581	16.853	272.305	0.01	0.1	99.9	99.649	133.998	21.665	2.43	20.351	16.663		长4+5!2^(1_1)
耿207	2362.000	65.096	34.904	16.691	18.27	267.888	0.01	0.1	99.9	99.493	123.064	21.573	2.461	20.157	16.73		长4+5!2^(1_1)
耿207	2362.125	44.669	55.331	16.754	18.887	261.688	0.776	2.82	90.386	99.334	102.862	21.531	2.481	19.877	16.822		长4+5!2^(1_1)
耿207	2362.250	21.457	78.543	16.91	18.682	253.431	3.698	13.613	52.431	99.183	84.898	21.507	2.481	19.417	17.114	差油层	长4+5!2^(1_1)
耿207	2362.375	18.495	81.505	17.348	18.064	245.492	2.992	12.979	53.57	99.049	76.518	21.478	2.466	19.015	17.764	差油层	长4+5!2^(1_1)
耿207	2362.500	17.707	82.293	18.132	17.554	240.317	2.686	12.667	53.253	98.942	75.145	21.45	2.452	18.974	18.731	差油层	长4+5!2^(1_1)
耿207	2362.625	16.893	83.107	19.194	17.413	238.306	2.642	12.62	51.83	98.881	73.045	21.436	2.447	19.249	19.9	差油层	长4+5!2^(1_1)
耿207	2362.750	15.747	84.253	20.389	17.637	238.473	2.713	12.697	50.087	98.869	68.565	21.448	2.448	20.276	21.089	差油层	长4+5!2^(1_1)
耿207	2362.875	15.078	84.922	21.514	18.138	239.202	2.757	12.743	48.772	98.917	65.473	21.481	2.451	21.007	22.103	差油层	长4+5!2^(1_1)
耿207	2363.000	14.922	85.078	22.435	18.776	239.282	2.712	12.695	48.057	99.03	65.267	21.512	2.458	20.451	22.908	差油层	长4+5!2^(1_1)
耿207	2363.125	14.305	85.695	23.192	19.435	238.433	2.6	12.574	47.679	99.228	64.078	21.523	2.465	18.825	23.655	差油层	长4+5!2^(1_1)
耿207	2363.250	12.96	87.04	24.012	20.084	237.095	2.475	12.434	47.154	99.503	59.604	21.52	2.471	17.548	24.647	差油层	长4+5!2^(1_1)
耿207	2363.375	11.78	88.22	25.206	20.84	235.636	2.342	12.279	46.33	99.856	54.662	21.531	2.473	17.307	26.082	差油层	长4+5!2^(1_1)
耿207	2363.500	11.812	88.188	26.72	21.91	233.788	2.168	12.064	45.719	100.286	54.131	21.573	2.484	17.846	27.588	差油层	长4+5!2^(1_1)
耿207	2363.625	13.304	86.696	28.051	23.341	231.34	1.963	11.794	45.833	100.803	60.442	21.627	2.508	18.8	28.522	差油层	长4+5!2^(1_1)
耿207	2363.750	15.16	84.84	28.535	24.812	228.335	1.738	11.472	47.195	101.389	68.693	21.666	2.537	19.767	28.209	差油层	长4+5!2^(1_1)
耿207	2363.875	16.568	83.432	27.527	25.468	224.813	1.513	11.115	50.262	102.037	75.318	21.685	2.567	20.01	26.267	差油层	长4+5!2^(1_1)
耿207	2364.000	17.468	82.532	25.103	24.558	221.237	1.347	10.829	54.623	102.739	79.517	21.702	2.595	19.322	23.256	差油层	长4+5!2^(1_1)
耿207	2364.125	18.514	81.486	21.885	21.904	219.357	1.368	10.861	58.942	103.491	82.752	21.725	2.612	18.333	19.873	差油层	长4+5!2^(1_1)
耿207	2364.250	20.451	79.549	18.587	17.964	221.967	1.759	11.473	61.166	104.275	86.375	21.751	2.587	17.965	16.826	差油层	长4+5!2^(1_1)
耿207	2364.375	23.895	76.105	15.871	13.833	231.119	2.772	12.707	60.239	105.079	91.804	21.787	2.482	18.898	14.601	差油层	长4+5!2^(1_1)
耿207	2364.500	33.289	66.711	13.965	10.698	245.302	3.261	11.168	66.569	105.893	99.446	21.849	2.346	22.371	13.135		长4+5!2^(1_1)
耿207	2364.625	57.892	42.108	12.743	9.199	260.198	0.01	0.1	99.9	106.704	109.457	21.932	2.229	28.992	12.216		长4+5!2^(1_1)
耿207	2364.750	67.721	32.279	11.944	9.24	272.504	0.01	0.1	99.9	107.501	120.119	22.012	2.16	36.05	11.538		长4+5!2^(1_1)
耿207	2364.875	75.981	24.019	11.268	10.088	279.925	0.01	0.1	99.9	108.275	129.254	22.068	2.155	38.6	10.854		长4+5!2^(1_1)
耿207	2365.000	77.635	22.365	10.565	10.768	282.025	0.01	0.1	99.9	109.019	132.658	22.102	2.21	35.794	10.151		长4+5!2^(1_1)
耿207	2365.125	70.85	29.15	9.9	10.75	279.643	0.01	0.1	99.9	109.716	126.481	22.124	2.297	30.693	9.58		长4+5!2^(1_1)
耿207	2365.250	64.623	35.377	9.441	10.159	273.648	0.01	0.1	99.9	110.369	119.276	22.16	2.392	27.203	9.325		长4+5!2^(1_1)
耿207	2365.375	63.405	36.595	9.372	9.568	267.073	0.01	0.1	99.9	110.973	117.18	22.32	2.479	26.456	9.524		长4+5!2^(1_1)
耿207	2365.500	64.954	35.046	9.733	9.489	263.772	0.01	0.1	99.9	111.526	119.262	22.531	2.523	28.325	10.107		长4+5!2^(1_1)
耿207	2365.625	64.258	35.742	10.44	10.039	265.148	0.01	0.1	99.9	112.017	118.966	22.545	2.539	31.465	10.97		长4+5!2^(1_1)
耿207	2365.750	62.091	37.909	11.365	11.06	268.991	0.01	0.1	99.9	112.455	116.529	22.263	2.541	33.246	11.952		长4+5!2^(1_1)
耿207	2365.875	60.939	39.061	12.335	12.339	271.417	0.01	0.1	99.9	112.841	114.957	21.891	2.54	32.709	12.881		长4+5!2^(1_1)
耿207	2366.000	61.16	38.84	13.207	13.655	270.491	0.01	0.1	99.9	113.177	115.127	21.677	2.538	30.806	13.661		长4+5!2^(1_1)
耿207	2366.125	61.37	38.63	13.918	14.795	267.029	0.01	0.1	99.9	113.456	115.629	21.61	2.535	28.87	14.27		长4+5!2^(1_1)
耿207	2366.250	60.067	39.933	14.461	15.568	263.83	0.01	0.1	99.9	113.691	114.737	21.59	2.53	27.002	14.716		长4+5!2^(1_1)
耿207	2366.375	56.656	43.344	14.844	15.824	264.602	0.01	0.1	99.9	113.883	111.252	21.583	2.521	25.234	15.009		长4+5!2^(1_1)
耿207	2366.500	53.156	46.844	15.081	15.648	270.38	0.01	0.1	99.9	114.036	106.355	21.607	2.489	24.526	15.148		长4+5!2^(1_1)
耿207	2366.625	54.077	45.923	15.137	15.24	280.411	0.01	0.1	99.9	114.145	106.022	21.703	2.448	26.481	15.064		长4+5!2^(1_1)
耿207	2366.750	60.949	39.051	14.936	14.721	293.727	0.01	0.1	99.9	114.22	112.558	21.858	2.421	32.158	14.673		长4+5!2^(1_1)
耿207	2366.875	72.647	27.353	14.399	14.038	308.067	0.01	0.1	99.9	114.262	124.271	21.99	2.415	39.22	13.945		长4+5!2^(1_1)
耿207	2367.000	84.816	15.184	13.584	13.075	320.43	0.01	0.1	99.9	114.274	136.434	22.086	2.43	44.442	13.031		长4+5!2^(1_1)
耿207	2367.125	91.287	8.713	12.645	11.832	328.001	0.01	0.1	99.9	114.252	143.067	22.241	2.463	44.946	12.086		长4+5!2^(1_1)
耿207	2367.250	91.012	8.988	11.739	10.5	329.327	0.01	0.1	99.9	114.202	143.608	22.541	2.501	41.128	11.273		长4+5!2^(1_2)
耿207	2367.375	86.577	13.423	11.034	9.478	324.689	0.01	0.1	99.9	114.126	140.272	22.842	2.526	37.109	10.729		长4+5!2^(1_2)
耿207	2367.500	80.474	19.526	10.598	9.074	317.465	0.01	0.1	99.9	114.026	135.212	22.893	2.537	35.238	10.449		长4+5!2^(1_2)
耿207	2367.625	73.711	26.289	10.413	9.356	310.896	0.01	0.1	99.9	113.898	129.022	22.68	2.546	35.734	10.396		长4+5!2^(1_2)
耿207	2367.750	67.744	32.256	10.433	10.199	306.225	0.01	0.1	99.9	113.749	122.848	22.369	2.553	37.445	10.521		长4+5!2^(1_2)
耿207	2367.875	64.392	35.608	10.622	11.344	302.751	0.01	0.1	99.9	113.582	118.669	22.094	2.555	38.893	10.801		长4+5!2^(1_2)
耿207	2368.000	64.825	35.175	10.957	12.516	298.888	0.01	0.1	99.9	113.399	118.445	21.862	2.543	39.652	11.228		长4+5!2^(1_2)
耿207	2368.125	67.621	32.379	11.457	13.57	293.34	0.01	0.1	99.9	113.2	121.545	21.688	2.519	39.235	11.852		长4+5!2^(1_2)
耿207	2368.250	68.402	31.598	12.184	14.506	285.226	0.01	0.1	99.9	112.993	123.345	21.601	2.496	36.078	12.757		长4+5!2^(1_2)
耿207	2368.375	63.852	36.148	13.242	15.407	274.402	0.01	0.1	99.9	112.78	119.984	21.56	2.482	30.544	14.033		长4+5!2^(1_2)
耿207	2368.500	53.996	46.004	14.647	16.363	261.538	0.01	0.1	99.9	112.566	109.954	21.536	2.486	24.736	15.605		长4+5!2^(1_2)
耿207	2368.625	42.787	57.213	16.297	17.388	248.139	0.01	0.1	99.9	112.355	95.674	21.526	2.513	20.944	17.325		长4+5!2^(1_2)
耿207	2368.750	34.954	65.046	18.0	18.416	236.523	0.01	0.1	99.9	112.15	83.663	21.525	2.551	19.094	18.932		长4+5!2^(1_2)
耿207	2368.875	31.443	68.557	19.447	19.295	229.299	0.01	0.1	99.9	111.954	77.294	21.528	2.582	17.894	20.112		长4+5!2^(1_2)
耿207	2369.000	31.452	68.548	20.412	19.886	227.103	0.01	0.1	99.9	111.771	76.29	21.527	2.591	17.58	20.759		长4+5!2^(1_2)
耿207	2369.125	34.704	65.296	20.854	20.147	227.497	0.01	0.1	99.9	111.605	80.337	21.52	2.587	18.766	20.953		长4+5!2^(1_2)
耿207	2369.250	40.123	59.877	20.958	20.123	229.977	0.01	0.1	99.9	111.453	88.678	21.512	2.576	21.115	20.92		长4+5!2^(1_2)
耿207	2369.375	44.539	55.461	20.832	19.78	234.696	0.01	0.1	99.9	111.375	94.161	21.507	2.564	23.069	20.683		长4+5!2^(1_2)
耿207	2369.500	50.013	49.987	20.559	19.203	239.349	0.01	0.1	99.9	111.267	101.617	21.501	2.557	24.066	20.351		长4+5!2^(1_2)
耿207	2369.625	53.338	46.662	20.185	18.559	242.397	0.01	0.1	99.9	111.153	106.221	21.487	2.555	24.317	19.9		长4+5!2^(1_2)
耿207	2369.750	54.108	45.892	19.66	17.923	243.593	0.01	0.1	99.9	111.05	107.619	21.468	2.555	23.892	19.241		长4+5!2^(1_2)
耿207	2369.875	52.453	47.547	18.882	17.233	242.947	0.01	0.1	99.9	110.955	106.484	21.452	2.559	22.994	18.3		长4+5!2^(1_2)
耿207	2370.000	47.664	52.336	17.851	16.334	241.961	0.01	0.1	99.9	110.863	101.262	21.446	2.562	22.248	17.159		长4+5!2^(1_2)
耿207	2370.125	41.888	58.112	16.671	15.109	242.746	0.01	0.1	99.9	110.768	92.968	21.453	2.559	22.646	15.951		长4+5!2^(1_2)
耿207	2370.250	40.449	59.551	15.487	13.585	246.837	0.01	0.1	99.9	110.665	89.009	21.464	2.545	24.779	14.834		长4+5!2^(1_2)
耿207	2370.375	46.25	53.75	14.456	12.018	253.955	0.01	0.1	99.9	110.546	95.05	21.44	2.512	28.799	13.936		长4+5!2^(1_2)
耿207	2370.500	56.781	43.219	13.65	10.781	261.851	0.01	0.1	99.9	110.406	108.539	21.378	2.467	34.295	13.261		长4+5!2^(1_2)
耿207	2370.625	63.751	36.249	13.056	10.134	268.145	0.01	0.1	99.9	110.233	117.717	21.329	2.451	38.934	12.773		长4+5!2^(1_2)
耿207	2370.750	63.848	36.152	12.618	10.085	271.123	0.01	0.1	99.9	110.025	118.925	21.335	2.463	38.877	12.394		长4+5!2^(1_2)
耿207	2370.875	59.113	40.887	12.257	10.402	270.176	0.01	0.1	99.9	109.775	114.503	21.373	2.493	33.83	12.058		长4+5!2^(1_2)
耿207	2371.000	52.26	47.74	11.931	10.739	265.904	0.01	0.1	99.9	109.479	106.805	21.401	2.538	27.105	11.758		长4+5!2^(1_2)
耿207	2371.125	46.351	53.649	11.666	10.899	259.304	0.01	0.1	99.9	109.124	98.681	21.406	2.584	22.71	11.56		长4+5!2^(1_2)
耿207	2371.250	44.66	55.34	11.534	10.918	251.664	0.01	0.1	99.9	108.714	95.279	21.395	2.602	21.877	11.544		长4+5!2^(1_2)
耿207	2371.375	47.125	52.875	11.619	10.98	245.141	0.01	0.1	99.9	108.247	98.095	21.379	2.605	22.258	11.776		长4+5!2^(1_2)
耿207	2371.500	49.973	50.027	11.939	11.221	241.039	0.01	0.1	99.9	107.722	102.505	21.368	2.609	22.634	12.22		长4+5!2^(1_2)
耿207	2371.625	49.626	50.374	12.455	11.649	238.723	0.01	0.1	99.9	107.133	102.494	21.364	2.619	22.731	12.83		长4+5!2^(1_2)
耿207	2371.750	48.147	51.853	13.111	12.208	236.845	0.01	0.1	99.9	106.489	100.405	21.363	2.631	22.217	13.538		长4+5!2^(1_2)
耿207	2371.875	47.902	52.098	13.833	12.84	234.459	0.01	0.1	99.9	105.797	99.697	21.364	2.643	21.162	14.27		长4+5!2^(1_2)
耿207	2372.000	48.926	51.074	14.556	13.497	231.685	0.01	0.1	99.9	105.061	101.011	21.369	2.64	20.289	14.978		长4+5!2^(1_2)
耿207	2372.125	49.721	50.279	15.249	14.152	229.047	0.01	0.1	99.9	104.284	102.076	21.38	2.632	20.111	15.65		长4+5!2^(1_2)
耿207	2372.250	50.264	49.736	15.911	14.8	226.846	0.01	0.1	99.9	103.481	102.682	21.395	2.621	20.658	16.301		长4+5!2^(1_2)
耿207	2372.375	50.822	49.178	16.563	15.46	225.369	0.01	0.1	99.9	102.664	103.544	21.408	2.613	21.229	16.962		长4+5!2^(1_2)
耿207	2372.500	50.445	49.555	17.238	16.161	224.582	0.01	0.1	99.9	101.842	103.455	21.415	2.612	21.638	17.655		长4+5!2^(1_2)
耿207	2372.625	48.919	51.081	17.94	16.928	224.297	0.01	0.1	99.9	101.032	101.524	21.418	2.61	21.828	18.363		长4+5!2^(1_2)
耿207	2372.750	47.829	52.171	18.639	17.757	224.533	0.01	0.1	99.9	100.245	99.972	21.414	2.602	21.853	19.035		长4+5!2^(1_2)
耿207	2372.875	47.421	52.579	19.273	18.57	225.303	0.01	0.1	99.9	99.495	99.455	21.408	2.586	21.617	19.605		长4+5!2^(1_2)
耿207	2373.000	46.637	53.363	19.794	19.237	226.477	0.01	0.1	99.9	98.793	98.977	21.403	2.566	20.947	20.05		长4+5!2^(1_2)
耿207	2373.125	40.036	59.964	20.184	19.64	227.929	0.404	2.437	90.732	98.163	95.917	21.402	2.545	20.11	20.359		长4+5!2^(1_2)
耿207	2373.250	20.627	79.373	20.442	19.731	229.424	2.006	11.855	53.761	97.607	88.679	21.401	2.531	19.411	20.547	干层	长4+5!2^(1_2)
耿207	2373.375	17.651	82.349	20.592	19.561	230.746	2.094	11.97	53.176	97.136	78.739	21.394	2.525	19.202	20.66	干层	长4+5!2^(1_2)
耿207	2373.500	15.177	84.823	20.706	19.308	231.858	2.168	12.066	52.653	96.756	69.257	21.386	2.524	19.317	20.791	干层	长4+5!2^(1_2)
耿207	2373.625	13.801	86.199	20.872	19.184	232.755	2.224	12.136	52.1	96.492	63.238	21.386	2.523	19.288	21.028	干层	长4+5!2^(1_2)
耿207	2373.750	13.388	86.612	21.18	19.383	233.313	2.24	12.155	51.51	96.332	61.152	21.391	2.523	18.845	21.457	干层	长4+5!2^(1_2)
耿207	2373.875	13.435	86.565	21.711	20.171	233.109	2.17	12.068	51.042	96.279	61.462	21.395	2.525	18.561	22.122	干层	长4+5!2^(1_2)
耿207	2374.000	13.578	86.422	22.438	21.666	231.606	1.987	11.825	51.025	96.332	62.592	21.396	2.533	19.201	22.912	干层	长4+5!2^(1_2)
耿207	2374.125	13.91	86.09	23.23	23.739	228.304	1.691	11.395	51.803	96.507	64.878	21.399	2.544	20.247	23.667	干层	长4+5!2^(1_2)
耿207	2374.250	14.45	85.55	23.909	25.995	223.223	1.35	10.824	53.528	96.784	69.199	21.402	2.557	20.052	24.186	干层	长4+5!2^(1_2)
耿207	2374.375	14.148	85.852	24.257	27.696	217.011	0.874	10.203	56.154	97.155	71.546	21.402	2.575	18.009	24.283	干层	长4+5!2^(1_2)
耿207	2374.500	12.313	87.687	24.19	28.263	210.872	0.01	9.671	59.101	97.614	66.984	21.402	2.592	14.992	23.988	干层	长4+5!2^(1_2)
耿207	2374.625	10.526	89.474	23.766	27.565	206.174	0.01	9.348	61.574	98.166	59.279	21.407	2.605	12.42	23.395	干层	长4+5!2^(1_2)
耿207	2374.750	11.219	88.781	23.096	25.872	204.012	0.01	9.322	62.752	98.786	59.812	21.413	2.616	11.213	22.63	干层	长4+5!2^(1_2)
耿207	2374.875	14.954	85.046	22.295	23.711	205.216	0.203	9.637	62.205	99.465	71.822	21.412	2.625	11.721	21.783	干层	长4+5!2^(1_2)
耿207	2375.000	25.629	74.371	21.428	21.591	209.624	0.786	8.084	68.687	100.193	89.06	21.405	2.62	13.978	20.887		长4+5!2^(1_2)
耿207	2375.125	52.154	47.846	20.51	19.752	216.77	0.01	0.1	99.9	100.964	103.255	21.4	2.601	17.083	19.935		长4+5!2^(1_2)
耿207	2375.250	59.337	40.663	19.538	18.235	225.605	0.01	0.1	99.9	101.76	112.25	21.402	2.572	19.602	18.939		长4+5!2^(1_2)
耿207	2375.375	63.511	36.489	18.535	17.081	233.928	0.01	0.1	99.9	102.573	117.222	21.404	2.545	21.499	17.94		长4+5!2^(1_2)
耿207	2375.500	65.577	34.423	17.554	16.292	239.796	0.01	0.1	99.9	103.394	119.645	21.405	2.533	23.327	16.993		长4+5!2^(1_2)
耿207	2375.625	66.162	33.838	16.641	15.81	242.542	0.01	0.1	99.9	104.212	120.624	21.405	2.541	25.082	16.132		长4+5!2^(1_3)
耿207	2375.750	64.606	35.394	15.818	15.504	242.785	0.01	0.1	99.9	105.021	119.676	21.408	2.567	25.494	15.372		长4+5!2^(1_3)
耿207	2375.875	59.866	40.134	15.107	15.167	241.601	0.01	0.1	99.9	105.814	115.432	21.42	2.605	24.001	14.73		长4+5!2^(1_3)
耿207	2376.000	52.672	47.328	14.507	14.676	239.852	0.01	0.1	99.9	106.587	107.149	21.446	2.64	21.653	14.196		长4+5!2^(1_3)
耿207	2376.125	47.687	52.313	14.017	14.061	237.868	0.01	0.1	99.9	107.33	99.778	21.473	2.662	20.143	13.77		长4+5!2^(1_3)
耿207	2376.250	48.381	51.619	13.633	13.442	236.1	0.01	0.1	99.9	108.045	99.344	21.494	2.673	20.356	13.446		长4+5!2^(1_3)
耿207	2376.375	53.36	46.64	13.346	12.922	235.675	0.01	0.1	99.9	108.729	105.272	21.528	2.673	21.377	13.209		长4+5!2^(1_3)
耿207	2376.500	57.63	42.37	13.134	12.501	236.876	0.01	0.1	99.9	109.383	111.418	21.577	2.666	22.587	13.032		长4+5!2^(1_3)
耿207	2376.625	57.043	42.957	12.979	12.124	238.979	0.01	0.1	99.9	109.999	111.236	21.621	2.657	23.555	12.91		长4+5!2^(1_3)
耿207	2376.750	55.169	44.831	12.876	11.782	241.008	0.01	0.1	99.9	110.583	108.661	21.639	2.645	23.926	12.832		长4+5!2^(1_3)
耿207	2376.875	55.521	44.479	12.808	11.538	242.535	0.01	0.1	99.9	111.137	108.417	21.643	2.628	23.817	12.767		长4+5!2^(1_3)
耿207	2377.000	58.258	41.742	12.73	11.443	244.232	0.01	0.1	99.9	111.661	111.375	21.649	2.604	23.667	12.658		长4+5!2^(1_3)
耿207	2377.125	61.003	38.997	12.585	11.461	247.318	0.01	0.1	99.9	112.152	114.852	21.658	2.573	23.953	12.453		长4+5!2^(1_3)
耿207	2377.250	61.606	38.394	12.333	11.46	253.09	0.01	0.1	99.9	112.617	115.888	21.664	2.536	24.622	12.13		长4+5!2^(1_3)
耿207	2377.375	60.917	39.083	11.965	11.226	262.594	0.01	0.1	99.9	113.056	114.958	21.686	2.486	25.281	11.718		长4+5!2^(1_3)
耿207	2377.500	61.908	38.092	11.551	10.666	274.918	0.01	0.1	99.9	113.471	115.009	21.795	2.403	26.3	11.321		长4+5!2^(1_3)
耿207	2377.625	67.828	32.172	11.193	9.891	288.176	0.01	0.1	99.9	113.858	120.002	22.179	2.295	28.579	11.035		长4+5!2^(1_3)
耿207	2377.750	78.842	21.158	10.975	9.186	300.661	0.01	0.1	99.9	114.222	130.184	22.86	2.19	32.161	10.927		长4+5!2^(1_3)
耿207	2377.875	90.74	9.26	10.95	8.996	310.591	0.01	0.1	99.9	114.563	141.539	23.468	2.127	36.119	11.005		长4+5!2^(1_3)
耿207	2378.000	95.878	4.122	11.07	9.538	316.718	0.01	0.1	99.9	114.882	147.386	23.502	2.127	40.182	11.168		长4+5!2^(1_3)
耿207	2378.125	92.053	7.947	11.235	10.65	318.212	0.01	0.1	99.9	115.173	144.557	22.912	2.174	43.758	11.324		长4+5!2^(1_3)
耿207	2378.250	88.25	11.75	11.365	11.918	315.011	0.01	0.1	99.9	115.44	140.664	22.16	2.25	44.722	11.412		长4+5!2^(1_3)
耿207	2378.375	89.091	10.909	11.425	12.829	307.974	0.01	0.1	99.9	115.682	140.763	21.683	2.34	42.085	11.452		长4+5!2^(1_3)
耿207	2378.500	92.226	7.774	11.48	13.201	298.888	0.01	0.1	99.9	115.898	143.82	21.535	2.422	37.291	11.553		长4+5!2^(1_3)
耿207	2378.625	92.185	7.815	11.644	13.213	289.005	0.01	0.1	99.9	116.081	144.385	21.513	2.483	32.913	11.828		长4+5!2^(1_3)
耿207	2378.750	88.857	11.143	12.015	13.163	278.632	0.01	0.1	99.9	116.237	141.928	21.502	2.523	29.725	12.35		长4+5!2^(1_3)
耿207	2378.875	84.029	15.971	12.645	13.284	268.053	0.01	0.1	99.9	116.363	138.153	21.503	2.547	26.621	13.114		长4+5!2^(1_3)
耿207	2379.000	78.144	21.856	13.46	13.584	257.954	0.01	0.1	99.9	116.46	132.832	21.511	2.565	23.427	13.977		长4+5!2^(1_3)
耿207	2379.125	73.921	26.079	14.32	13.951	249.145	0.01	0.1	99.9	116.522	128.169	21.518	2.586	21.272	14.802		长4+5!2^(1_3)
耿207	2379.250	73.778	26.222	15.083	14.3	241.995	0.01	0.1	99.9	116.555	127.418	21.517	2.611	20.692	15.443		长4+5!2^(1_3)
耿207	2379.375	75.856	24.144	15.601	14.569	236.875	0.01	0.1	99.9	116.56	129.741	21.51	2.633	20.671	15.78		长4+5!2^(1_3)
耿207	2379.500	75.393	24.607	15.823	14.717	234.031	0.01	0.1	99.9	116.538	130.163	21.502	2.649	20.643	15.842		长4+5!2^(1_3)
耿207	2379.625	71.407	28.593	15.793	14.721	233.207	0.01	0.1	99.9	116.486	126.256	21.498	2.659	20.411	15.695		长4+5!2^(1_3)
耿207	2379.750	68.767	31.233	15.597	14.603	233.628	0.01	0.1	99.9	116.411	123.046	21.499	2.662	20.117	15.449		长4+5!2^(1_3)
耿207	2379.875	69.234	30.766	15.351	14.426	234.767	0.01	0.1	99.9	116.316	123.048	21.501	2.659	20.082	15.224		长4+5!2^(1_3)
耿207	2380.000	71.375	28.625	15.164	14.253	237.139	0.01	0.1	99.9	116.203	125.334	21.502	2.654	20.545	15.1		长4+5!2^(1_3)
耿207	2380.125	71.992	28.008	15.092	14.122	241.464	0.01	0.1	99.9	116.073	126.629	21.503	2.645	21.382	15.107		长4+5!2^(1_3)
耿207	2380.250	69.304	30.696	15.153	14.08	247.345	0.01	0.1	99.9	115.93	124.389	21.504	2.624	22.838	15.248		长4+5!2^(1_3)
耿207	2380.375	65.596	34.404	15.347	14.249	252.745	0.01	0.1	99.9	115.777	120.246	21.508	2.601	25.271	15.506		长4+5!2^(1_3)
耿207	2380.500	64.346	35.654	15.628	14.701	255.456	0.01	0.1	99.9	115.617	118.296	21.516	2.586	27.786	15.808		长4+5!2^(1_3)
耿207	2380.625	65.375	34.625	15.925	15.372	254.71	0.01	0.1	99.9	115.45	119.694	21.523	2.583	28.344	16.081		长4+5!2^(1_3)
耿207	2380.750	64.004	35.996	16.16	16.065	250.94	0.01	0.1	99.9	115.28	119.395	21.523	2.594	25.638	16.243		长4+5!2^(1_3)
耿207	2380.875	57.693	42.307	16.251	16.473	244.916	0.01	0.1	99.9	115.106	113.361	21.517	2.621	21.336	16.232		长4+5!2^(1_3)
耿207	2381.000	49.723	50.277	16.178	16.424	237.902	0.01	0.1	99.9	114.929	103.394	21.508	2.65	17.385	16.072		长4+5!2^(1_3)
耿207	2381.125	46.075	53.925	15.967	15.949	231.585	0.01	0.1	99.9	114.749	97.247	21.5	2.669	15.198	15.792		长4+5!2^(1_3)
耿207	2381.250	48.614	51.386	15.65	15.183	227.942	0.01	0.1	99.9	114.565	99.318	21.495	2.671	15.39	15.422		长4+5!2^(1_3)
耿207	2381.375	54.796	45.204	15.248	14.29	228.893	0.01	0.1	99.9	114.377	106.745	21.496	2.659	16.99	14.975		长4+5!2^(1_3)
耿207	2381.500	60.196	39.804	14.778	13.396	233.82	0.01	0.1	99.9	114.183	113.778	21.501	2.64	19.073	14.475		长4+5!2^(1_3)
耿207	2381.625	61.705	38.295	14.261	12.581	240.461	0.01	0.1	99.9	113.98	115.835	21.509	2.623	20.894	13.939		长4+5!2^(1_3)
耿207	2381.750	61.661	38.339	13.72	11.913	246.753	0.01	0.1	99.9	113.768	115.698	21.52	2.613	22.048	13.401		长4+5!2^(1_3)
耿207	2381.875	62.139	37.861	13.198	11.476	251.319	0.01	0.1	99.9	113.544	116.014	21.559	2.612	22.755	12.908		长4+5!2^(1_3)
耿207	2382.000	63.387	36.613	12.734	11.273	253.931	0.01	0.1	99.9	113.306	117.279	21.607	2.613	23.324	12.49		长4+5!2^(1_3)
耿207	2382.125	64.576	35.424	12.35	11.233	254.925	0.01	0.1	99.9	113.051	118.778	21.616	2.614	23.948	12.158		长4+5!2^(2_1)
耿207	2382.250	64.67	35.33	12.053	11.263	254.599	0.01	0.1	99.9	112.778	118.953	21.57	2.614	24.179	11.916		长4+5!2^(2_1)
耿207	2382.375	64.764	35.236	11.851	11.266	253.181	0.01	0.1	99.9	112.487	118.74	21.504	2.615	23.739	11.769		长4+5!2^(2_1)
耿207	2382.500	66.347	33.653	11.736	11.21	251.1	0.01	0.1	99.9	112.176	120.078	21.466	2.615	23.066	11.702		长4+5!2^(2_1)
耿207	2382.625	68.931	31.069	11.7	11.12	248.976	0.01	0.1	99.9	111.84	122.789	21.452	2.618	22.765	11.712		长4+5!2^(2_1)
耿207	2382.750	70.48	29.52	11.739	11.039	247.341	0.01	0.1	99.9	111.484	124.88	21.447	2.629	22.718	11.794		长4+5!2^(2_1)
耿207	2382.875	69.409	30.591	11.852	10.998	246.499	0.01	0.1	99.9	111.106	124.111	21.446	2.641	22.421	11.948		长4+5!2^(2_1)
耿207	2383.000	67.281	32.719	12.027	11.004	246.423	0.01	0.1	99.9	110.708	121.925	21.443	2.65	22.027	12.154		长4+5!2^(2_1)
耿207	2383.125	65.697	34.303	12.252	11.068	246.788	0.01	0.1	99.9	110.287	120.109	21.441	2.646	22.106	12.407		长4+5!2^(2_1)
耿207	2383.250	64.967	35.033	12.523	11.225	247.02	0.01	0.1	99.9	109.849	119.373	21.435	2.626	22.704	12.707		长4+5!2^(2_1)
耿207	2383.375	63.757	36.243	12.845	11.55	246.416	0.01	0.1	99.9	109.394	118.58	21.399	2.604	23.18	13.06		长4+5!2^(2_1)
耿207	2383.500	60.4	39.6	13.215	12.061	244.8	0.01	0.1	99.9	108.925	115.458	21.328	2.591	23.166	13.458		长4+5!2^(2_1)
耿207	2383.625	55.469	44.531	13.632	12.707	242.495	0.01	0.1	99.9	108.444	110.097	21.252	2.588	22.407	13.902		长4+5!2^(2_1)
耿207	2383.750	50.606	49.394	14.095	13.404	239.864	0.01	0.1	99.9	107.955	104.225	21.206	2.596	21.101	14.399		长4+5!2^(2_1)
耿207	2383.875	47.057	52.943	14.622	14.061	237.4	0.01	0.1	99.9	107.46	99.32	21.193	2.607	20.129	14.973		长4+5!2^(2_1)
耿207	2384.000	46.224	53.776	15.233	14.645	235.807	0.01	0.1	99.9	106.963	97.213	21.191	2.613	20.33	15.645		长4+5!2^(2_1)
耿207	2384.125	49.15	50.85	15.95	15.195	235.82	0.01	0.1	99.9	106.466	100.383	21.185	2.612	21.484	16.427		长4+5!2^(2_1)
耿207	2384.250	53.569	46.431	16.774	15.798	237.843	0.01	0.1	99.9	105.972	105.87	21.179	2.6	22.5	17.304		长4+5!2^(2_1)
耿207	2384.375	57.31	42.69	17.672	16.566	241.851	0.01	0.1	99.9	105.481	110.31	21.178	2.578	23.41	18.209		长4+5!2^(2_1)
耿207	2384.500	60.418	39.582	18.549	17.515	246.64	0.01	0.1	99.9	104.994	113.857	21.181	2.553	24.604	19.019		长4+5!2^(2_1)
耿207	2384.625	62.609	37.391	19.28	18.528	250.643	0.01	0.1	99.9	104.512	116.706	21.183	2.528	25.568	19.612		长4+5!2^(2_1)
耿207	2384.750	62.256	37.744	19.754	19.38	252.962	0.01	0.1	99.9	104.032	116.998	21.18	2.509	25.556	19.89		长4+5!2^(2_1)
耿207	2384.875	59.307	40.693	19.877	19.754	252.885	0.01	0.1	99.9	103.553	113.918	21.173	2.505	24.717	19.8		长4+5!2^(2_1)
耿207	2385.000	56.2	43.8	19.67	19.52	250.376	0.01	0.1	99.9	103.071	110.402	21.167	2.515	23.544	19.431		长4+5!2^(2_1)
耿207	2385.125	53.223	46.777	19.212	18.755	245.92	0.01	0.1	99.9	102.582	107.254	21.163	2.53	22.28	18.855		长4+5!2^(2_1)
耿207	2385.250	49.404	50.596	18.579	17.613	240.931	0.01	0.1	99.9	102.08	102.726	21.164	2.544	21.158	18.156		长4+5!2^(2_1)
耿207	2385.375	46.188	53.812	17.86	16.288	237.237	0.01	0.1	99.9	101.561	98.04	21.172	2.553	20.271	17.427		长4+5!2^(2_1)
耿207	2385.500	46.1	53.9	17.15	14.993	235.585	0.01	0.1	99.9	101.019	96.861	21.183	2.554	19.668	16.76		长4+5!2^(2_1)
耿207	2385.625	49.807	50.193	16.532	13.941	235.922	0.01	0.1	99.9	100.445	100.979	21.189	2.558	19.776	16.229		长4+5!2^(2_1)
耿207	2385.750	55.39	44.61	16.077	13.309	237.531	0.01	0.1	99.9	99.837	107.448	21.174	2.573	20.839	15.903		长4+5!2^(2_1)
耿207	2385.875	60.964	39.036	15.858	13.236	239.481	0.01	0.1	99.9	99.192	114.362	21.135	2.597	21.917	15.84		长4+5!2^(2_1)
耿207	2386.000	62.775	37.225	15.892	13.65	240.933	0.01	0.1	99.9	98.505	117.607	21.087	2.616	22.148	16.02		长4+5!2^(2_1)
耿207	2386.125	58.996	41.004	16.175	14.394	241.171	0.01	0.1	99.9	97.768	114.209	21.054	2.626	21.576	16.471		长4+5!2^(2_1)
耿207	2386.250	52.571	47.429	16.755	15.402	239.851	0.01	0.1	99.9	96.985	107.396	21.041	2.621	20.968	17.286		长4+5!2^(2_1)
耿207	2386.375	41.313	58.687	17.783	16.774	236.824	0.428	2.468	90.715	96.16	98.056	21.049	2.595	20.429	18.651		长4+5!2^(2_1)
耿207	2386.500	20.269	79.731	19.397	18.663	233.098	2.053	11.914	53.419	95.292	87.227	21.078	2.561	19.261	20.669	油层	长4+5!2^(2_2)
耿207	2386.625	17.215	82.785	21.728	21.21	229.364	1.79	11.549	51.45	94.379	77.995	21.113	2.54	17.417	23.497	油层	长4+5!2^(2_2)
耿207	2386.750	15.209	84.791	24.925	24.506	225.569	1.546	11.168	49.135	93.435	72.23	21.128	2.537	15.801	27.277	油层	长4+5!2^(2_2)
耿207	2386.875	13.383	86.617	29.134	28.607	221.455	1.3	10.735	46.872	92.473	67.091	21.112	2.548	14.84	32.04	油层	长4+5!2^(2_2)
耿207	2387.000	11.606	88.394	34.149	33.341	216.655	0.881	10.229	45.213	91.517	61.474	21.084	2.571	14.028	37.337	油层	长4+5!2^(2_2)
耿207	2387.125	10.438	89.562	39.506	38.344	211.284	0.01	9.696	44.235	90.601	58.031	21.06	2.601	12.945	42.667	油层	长4+5!2^(2_2)
耿207	2387.250	11.805	88.195	44.659	43.116	205.862	0.01	7.452	55.028	89.739	57.022	21.038	2.628	11.729	47.341		长4+5!2^(2_2)
耿207	2387.375	19.373	80.627	48.725	48.204	201.082	0.01	0.1	99.9	88.919	56.352	21.009	2.648	10.786	50.262		长4+5!2^(2_2)
耿207	2387.500	19.284	80.716	50.566	54.524	198.066	0.01	0.1	99.9	88.1	55.947	20.979	2.657	10.146	50.715		长4+5!2^(2_2)
耿207	2387.625	17.717	82.283	50.403	54.489	198.567	0.01	1.93	88.548	87.225	56.717	20.959	2.653	9.587	49.812		长4+5!2^(2_2)
耿207	2387.750	10.509	89.491	49.253	48.916	202.04	0.01	9.387	42.68	86.293	57.901	20.947	2.637	9.435	48.375	油层	长4+5!2^(2_2)
耿207	2387.875	12.539	87.461	47.734	43.235	206.915	0.224	9.896	41.505	85.354	64.105	20.934	2.614	10.192	46.782	油层	长4+5!2^(2_2)
耿207	2388.000	14.811	85.189	46.157	38.879	212.163	1.126	10.392	40.498	84.488	71.421	20.928	2.588	12.119	45.239	油层	长4+5!2^(2_2)
耿207	2388.125	16.493	83.507	44.647	36.38	217.004	1.341	10.815	39.802	83.775	76.403	20.926	2.564	14.775	43.776	油层	长4+5!2^(2_2)
耿207	2388.250	17.487	82.513	43.216	35.688	220.951	1.521	11.13	39.468	83.176	78.955	20.917	2.547	17.286	42.408	油层	长4+5!2^(2_2)
耿207	2388.375	18.057	81.943	41.909	36.186	223.634	1.636	11.318	39.472	82.628	80.217	20.868	2.535	19.043	41.218	油层	长4+5!2^(2_2)
耿207	2388.500	18.456	81.544	40.829	36.832	225.205	1.703	11.422	39.589	82.073	81.399	20.762	2.523	20.007	40.344	油层	长4+5!2^(2_2)
耿207	2388.625	18.31	81.69	40.151	36.781	226.005	1.731	11.464	39.633	81.486	81.418	20.657	2.507	20.331	40.006	油层	长4+5!2^(2_2)
耿207	2388.750	17.197	82.803	40.103	35.767	226.238	1.729	11.461	39.429	80.899	78.224	20.64	2.49	20.184	40.445	油层	长4+5!2^(2_2)
耿207	2388.875	15.619	84.381	40.938	34.248	226.07	1.712	11.435	38.85	80.338	72.569	20.745	2.476	19.865	41.822	油层	长4+5!2^(2_2)
耿207	2389.000	14.749	85.251	42.607	33.288	225.895	1.708	11.429	37.952	79.816	68.579	20.882	2.473	19.537	43.867	油层	长4+5!2^(2_2)
耿207	2389.125	15.072	84.928	44.824	33.751	225.882	1.713	11.437	36.934	79.336	69.195	20.954	2.476	19.198	46.266	油层	长4+5!2^(2_2)
耿207	2389.250	15.906	84.094	47.242	35.676	226.052	1.73	11.463	35.956	78.886	72.385	20.916	2.483	18.777	48.626	油层	长4+5!2^(2_2)
耿207	2389.375	16.152	83.848	49.444	38.179	226.334	1.751	11.494	35.179	78.467	73.926	20.769	2.493	18.459	50.562	油层	长4+5!2^(2_2)
耿207	2389.500	15.386	84.614	51.165	40.082	226.697	1.777	11.533	34.601	78.078	71.503	20.632	2.501	18.321	51.964	油层	长4+5!2^(2_2)
耿207	2389.625	14.291	85.709	52.357	40.881	227.083	1.8	11.566	34.224	77.726	67.059	20.64	2.501	18.274	52.858	油层	长4+5!2^(2_2)
耿207	2389.750	13.799	86.201	53.075	40.957	227.358	1.812	11.583	34.037	77.406	64.586	20.793	2.498	18.199	53.304	油层	长4+5!2^(2_2)
耿207	2389.875	13.984	86.016	53.329	41.076	227.48	1.815	11.588	34.035	77.116	65.119	20.957	2.495	17.912	53.268	油层	长4+5!2^(2_2)
耿207	2390.000	14.238	85.762	53.095	41.495	227.517	1.815	11.588	34.212	76.856	66.324	21.043	2.486	17.32	52.727	油层	长4+5!2^(2_2)
耿207	2390.125	14.284	85.716	52.335	41.854	227.46	1.807	11.577	34.594	76.628	66.212	21.072	2.476	16.787	51.657	油层	长4+5!2^(2_2)
耿207	2390.250	14.951	85.049	51.08	41.76	227.33	1.796	11.561	35.143	76.422	67.686	21.081	2.471	16.839	50.172	油层	长4+5!2^(2_2)
耿207	2390.375	17.008	82.992	49.505	41.213	227.131	1.78	11.537	35.793	76.235	74.047	21.087	2.472	17.474	48.536	油层	长4+5!2^(2_2)
耿207	2390.500	23.683	76.317	47.929	40.674	226.855	1.415	9.24	48.977	76.064	84.592	21.092	2.479	18.241	47.098		长4+5!2^(2_2)
耿207	2390.625	36.237	63.763	46.646	40.706	226.458	0.343	2.348	87.438	75.903	90.016	21.088	2.487	18.735	46.072		长4+5!2^(2_2)
耿207	2390.750	19.417	80.583	45.827	41.79	225.765	1.659	11.353	37.427	75.747	86.316	21.074	2.497	19.262	45.603	油层	长4+5!2^(2_2)
耿207	2390.875	16.788	83.212	45.646	44.388	224.397	1.544	11.169	37.842	75.591	77.978	21.068	2.506	19.954	45.863	油层	长4+5!2^(2_2)
耿207	2391.000	14.918	85.082	46.213	48.22	222.125	1.384	10.892	38.223	75.432	71.525	21.081	2.511	20.27	46.903	油层	长4+5!2^(2_2)
耿207	2391.125	14.134	85.866	47.589	52.306	218.857	1.189	10.521	38.609	75.266	69.509	21.083	2.514	19.836	48.75	油层	长4+5!2^(2_2)
耿207	2391.250	13.813	86.187	49.706	55.465	214.744	0.824	10.101	39.0	75.094	69.641	21.033	2.526	19.068	51.183	油层	长4+5!2^(2_2)
耿207	2391.375	13.514	86.486	52.23	56.623	210.536	0.01	9.731	39.276	74.914	70.304	20.937	2.548	18.39	53.727	油层	长4+5!2^(2_2)
耿207	2391.500	12.611	87.389	54.633	55.91	207.284	0.01	9.508	39.276	74.728	68.265	20.846	2.573	17.367	55.871	油层	长4+5!2^(2_2)
耿207	2391.625	11.287	88.713	56.539	54.273	205.772	0.01	9.48	38.828	74.537	62.885	20.792	2.595	15.728	57.45	油层	长4+5!2^(2_2)
耿207	2391.750	10.595	89.405	57.937	52.614	206.364	0.01	9.664	37.815	74.345	58.707	20.759	2.605	14.342	58.654	油层	长4+5!2^(2_2)
耿207	2391.875	10.877	89.123	59.119	51.642	209.123	0.233	10.036	36.265	74.155	58.171	20.724	2.597	14.226	59.847	油层	长4+5!2^(2_2)
耿207	2392.000	11.664	88.336	60.379	51.684	213.389	1.179	10.499	34.534	73.97	59.802	20.694	2.573	15.224	61.169	油层	长4+5!2^(2_2)
耿207	2392.125	12.49	87.51	61.688	52.799	218.3	1.433	10.977	32.932	73.795	61.39	20.674	2.542	16.184	62.38	油层	长4+5!2^(2_2)
耿207	2392.250	13.322	86.678	62.726	54.689	222.968	1.67	11.369	31.791	73.63	63.24	20.661	2.516	16.26	63.065	油层	长4+5!2^(2_2)
耿207	2392.375	14.037	85.963	63.05	56.493	226.269	1.814	11.587	31.33	73.478	65.162	20.649	2.497	16.037	62.88	油层	长4+5!2^(2_2)
耿207	2392.500	14.683	85.317	62.567	57.31	227.893	1.868	11.665	31.368	73.34	67.151	20.64	2.486	16.186	62.023	油层	长4+5!2^(2_2)
耿207	2392.625	15.387	84.613	61.56	56.666	228.298	1.863	11.657	31.677	73.219	69.711	20.639	2.482	17.001	60.889	油层	长4+5!2^(2_2)
耿207	2392.750	15.976	84.024	60.472	54.608	228.04	1.832	11.612	32.024	73.112	72.203	20.643	2.481	17.999	59.961	油层	长4+5!2^(2_2)
耿207	2392.875	16.198	83.802	59.772	51.816	227.53	1.798	11.563	32.238	73.022	73.357	20.649	2.481	18.367	59.594	油层	长4+5!2^(2_2)
耿207	2393.000	16.233	83.767	59.615	49.531	227.128	1.783	11.541	32.255	72.946	73.423	20.656	2.479	17.973	59.721	油层	长4+5!2^(2_2)
耿207	2393.125	16.48	83.52	59.89	48.839	227.051	1.789	11.551	32.11	72.89	74.126	20.661	2.474	17.22	60.182	油层	长4+5!2^(2_2)
耿207	2393.250	16.816	83.184	60.429	50.052	227.196	1.797	11.562	31.915	72.852	75.414	20.664	2.466	16.465	60.813	油层	长4+5!2^(2_2)
耿207	2393.375	16.8	83.2	61.088	52.511	227.173	1.775	11.529	31.814	72.832	75.792	20.658	2.457	15.926	61.495	油层	长4+5!2^(2_2)
耿207	2393.500	16.257	83.743	61.761	55.032	226.485	1.694	11.407	31.936	72.833	74.566	20.633	2.45	15.637	62.143	油层	长4+5!2^(2_2)
耿207	2393.625	15.334	84.666	62.375	57.232	224.758	1.552	11.181	32.338	72.861	72.208	20.602	2.445	15.026	62.687	油层	长4+5!2^(2_2)
耿207	2393.750	14.232	85.768	62.847	59.965	222.169	1.392	10.908	32.932	72.915	69.285	20.594	2.449	13.467	63.021	油层	长4+5!2^(2_2)
耿207	2393.875	13.042	86.958	63.048	64.392	219.439	1.26	10.665	33.56	72.998	65.697	20.615	2.466	11.701	63.038	油层	长4+5!2^(2_2)
耿207	2394.000	12.02	87.98	62.967	69.812	217.192	1.173	10.493	34.075	73.112	61.881	20.625	2.492	10.773	62.847	油层	长4+5!2^(2_2)
耿207	2394.125	11.735	88.265	62.75	73.944	215.836	1.148	10.441	34.27	73.264	60.286	20.586	2.516	11.036	62.65	油层	长4+5!2^(2_2)
耿207	2394.250	12.372	87.628	62.644	73.905	216.126	1.218	10.582	33.886	73.451	61.892	20.511	2.529	12.196	62.654	油层	长4+5!2^(2_2)
耿207	2394.375	13.476	86.524	62.684	69.763	218.27	1.368	10.864	33.131	73.746	65.592	20.448	2.525	13.626	62.702	油层	长4+5!2^(2_2)
耿207	2394.500	14.264	85.736	62.678	64.402	221.305	1.544	11.167	32.4	74.038	67.225	20.427	2.502	14.829	62.582	油层	长4+5!2^(2_2)
耿207	2394.625	15.462	84.538	62.441	59.904	224.357	1.715	11.439	31.858	74.347	70.172	20.443	2.478	15.372	62.152	油层	长4+5!2^(2_2)
耿207	2394.750	16.961	83.039	61.854	56.787	226.805	1.834	11.615	31.654	74.686	75.299	20.481	2.464	15.214	61.343	油层	长4+5!2^(2_2)
耿207	2394.875	17.434	82.566	60.912	54.622	228.075	1.875	11.674	31.802	75.056	77.788	20.523	2.464	15.035	60.261	油层	长4+5!2^(2_2)
耿207	2395.000	16.378	83.622	59.817	52.586	228.453	1.882	11.684	32.068	75.452	74.753	20.545	2.469	15.228	59.179	油层	长4+5!2^(2_2)
耿207	2395.125	14.799	85.201	58.789	50.165	228.461	1.872	11.67	32.358	75.88	68.738	20.534	2.475	15.707	58.244	油层	长4+5!2^(2_2)
耿207	2395.250	14.02	85.98	57.932	47.332	228.193	1.844	11.63	32.656	76.333	65.316	20.5	2.479	15.972	57.513	油层	长4+5!2^(2_2)
耿207	2395.375	14.155	85.845	57.297	44.691	227.748	1.813	11.585	32.906	76.811	65.497	20.469	2.482	15.852	57.014	油层	长4+5!2^(2_2)
耿207	2395.500	14.849	85.151	56.878	43.239	227.314	1.788	11.548	33.081	77.317	68.019	20.451	2.482	15.57	56.718	油层	长4+5!2^(2_2)
耿207	2395.625	15.559	84.441	56.669	43.632	226.971	1.768	11.519	33.172	77.857	71.209	20.439	2.485	15.422	56.647	油层	长4+5!2^(2_2)
耿207	2395.750	15.504	84.496	56.703	45.712	226.685	1.753	11.497	33.171	78.431	71.605	20.427	2.493	15.567	56.836	油层	长4+5!2^(2_2)
耿207	2395.875	14.88	85.12	56.991	48.821	226.544	1.752	11.495	33.062	79.042	69.395	20.411	2.498	15.796	57.228	油层	长4+5!2^(2_2)
耿207	2396.000	14.397	85.603	57.393	52.452	226.581	1.755	11.5	32.936	79.696	67.149	20.378	2.494	15.954	57.623	油层	长4+5!2^(2_2)
耿207	2396.125	14.494	85.506	57.754	56.485	226.552	1.749	11.491	32.861	80.407	67.312	20.342	2.486	16.128	57.967	油层	长4+5!2^(2_2)
耿207	2396.250	14.87	85.13	58.132	60.646	226.485	1.745	11.485	32.721	81.173	68.591	20.341	2.479	16.366	58.518	油层	长4+5!2^(2_2)
耿207	2396.375	15.419	84.581	58.961	64.106	226.373	1.728	11.459	32.423	81.999	70.383	20.385	2.472	16.372	59.825	油层	长4+5!2^(2_2)
耿207	2396.500	16.155	83.845	60.67	66.625	225.919	1.678	11.382	32.0	82.89	73.435	20.456	2.463	15.984	62.131	油层	长4+5!2^(2_2)
耿207	2396.625	16.384	83.616	63.367	69.315	224.826	1.578	11.224	31.583	83.86	75.429	20.533	2.455	15.425	65.312	油层	长4+5!2^(2_2)
耿207	2396.750	15.598	84.402	66.737	73.912	222.701	1.417	10.951	31.43	84.901	74.073	20.605	2.449	14.95	68.74	油层	长4+5!2^(2_2)
耿207	2396.875	14.18	85.82	69.9	81.062	219.508	1.23	10.605	31.705	86.011	70.356	20.648	2.445	14.435	71.311	油层	长4+5!2^(2_2)
耿207	2397.000	12.545	87.454	71.817	88.519	215.964	1.073	10.281	32.36	87.187	65.533	20.663	2.457	13.836	72.141	油层	长4+5!2^(2_2)
耿207	2397.125	10.869	89.131	71.775	92.857	212.97	0.787	10.051	33.302	88.434	59.381	20.667	2.485	13.166	70.782	油层	长4+5!2^(2_2)
耿207	2397.250	9.817	90.183	69.522	92.077	211.139	0.01	9.948	34.482	89.733	54.455	20.653	2.521	12.349	67.204	油层	长4+5!2^(2_2)
耿207	2397.375	9.92	90.08	65.076	86.46	210.532	0.201	9.958	35.985	91.073	53.974	20.606	2.557	11.866	61.629	油层	长4+5!2^(2_2)
耿207	2397.500	11.027	88.973	58.977	78.359	211.175	0.997	10.11	37.672	92.442	57.857	20.552	2.577	12.49	54.852	油层	长4+5!2^(2_2)
耿207	2397.625	12.524	87.476	51.89	69.436	213.528	1.161	10.461	39.388	93.827	62.808	20.528	2.575	14.186	47.41	油层	长4+5!2^(2_2)
耿207	2397.750	14.169	85.831	44.361	59.695	218.09	1.475	11.04	41.035	95.208	66.894	20.534	2.553	15.712	39.911	油层	长4+5!2^(2_2)
耿207	2397.875	16.494	83.506	37.097	48.798	224.975	1.982	11.807	42.57	96.568	71.784	20.568	2.531	16.015	33.112	油层	长4+5!2^(2_2)
耿207	2398.000	24.073	75.927	30.757	37.618	233.1	1.998	9.994	55.023	97.893	80.27	20.638	2.519	15.416	27.504		长4+5!2^(2_2)
耿207	2398.125	46.328	53.672	25.7	27.798	241.574	0.01	0.1	99.9	99.153	94.57	20.726	2.516	15.213	23.246		长4+5!2^(2_2)
耿207	2398.250	59.315	40.685	21.942	20.555	249.716	0.01	0.1	99.9	100.343	110.65	20.792	2.521	16.877	20.198		长4+5!2^(2_2)
耿207	2398.375	69.613	30.387	19.313	16.337	256.194	0.01	0.1	99.9	101.448	123.009	20.822	2.534	20.256	18.103		长4+5!2^(2_2)
耿207	2398.500	72.411	27.589	17.452	14.307	259.431	0.01	0.1	99.9	102.458	127.309	20.845	2.549	23.914	16.563		长4+5!2^(2_2)
耿207	2398.625	68.126	31.874	16.085	13.43	258.67	0.01	0.1	99.9	103.346	123.637	20.875	2.561	26.08	15.44		长4+5!2^(2_2)
耿207	2398.750	61.645	38.355	15.105	13.164	254.323	0.01	0.1	99.9	104.122	117.326	20.899	2.57	25.512	14.676		长4+5!2^(2_2)
耿207	2398.875	53.96	46.04	14.485	13.229	247.522	0.01	0.1	99.9	104.782	109.125	20.903	2.571	22.859	14.251		长4+5!2^(2_2)
耿207	2399.000	46.249	53.751	14.162	13.466	240.102	0.01	0.1	99.9	105.325	99.193	20.893	2.568	19.769	14.067		长4+5!2^(2_2)
耿207	2399.125	42.109	57.891	14.054	13.778	233.328	0.01	0.1	99.9	105.733	92.444	20.887	2.566	17.969	14.056		长4+5!2^(2_3)
耿207	2399.250	42.608	57.392	14.085	14.082	227.794	0.01	0.1	99.9	106.027	92.666	20.891	2.565	17.975	14.132		长4+5!2^(2_3)
耿207	2399.375	43.669	56.331	14.168	14.237	224.418	0.01	0.1	99.9	106.211	95.094	20.9	2.566	18.385	14.217		长4+5!2^(2_3)
耿207	2399.500	41.006	58.994	14.245	14.127	224.123	0.01	0.1	99.9	106.288	92.363	20.908	2.567	18.424	14.29		长4+5!2^(2_3)
耿207	2399.625	36.608	63.392	14.324	13.741	226.73	0.01	0.1	99.9	106.247	85.337	20.912	2.564	17.914	14.392		长4+5!2^(2_3)
耿207	2399.750	36.038	63.962	14.46	13.235	231.529	0.01	0.1	99.9	106.109	82.828	20.913	2.558	17.213	14.593		长4+5!2^(2_3)
耿207	2399.875	41.107	58.893	14.726	13.019	237.543	0.01	0.1	99.9	105.88	88.657	20.913	2.553	17.611	14.957		长4+5!2^(2_3)
耿207	2400.000	50.6	49.4	15.152	13.476	243.329	0.01	0.1	99.9	105.562	100.538	20.896	2.552	20.03	15.47		长4+5!2^(2_3)
耿207	2400.125	61.434	38.566	15.715	14.711	247.801	0.01	0.1	99.9	105.148	113.513	20.846	2.55	23.459	16.095		长4+5!2^(2_3)
耿207	2400.250	69.672	30.328	16.366	16.537	250.126	0.01	0.1	99.9	104.656	123.208	20.769	2.551	25.519	16.785		长4+5!2^(2_3)
耿207	2400.375	71.597	28.403	17.082	18.571	249.204	0.01	0.1	99.9	104.09	126.817	20.704	2.553	25.458	17.558		长4+5!2^(2_3)
耿207	2400.500	64.752	35.248	17.92	20.559	245.054	0.01	0.1	99.9	103.454	121.645	20.679	2.55	24.456	18.525		长4+5!2^(2_3)
耿207	2400.625	51.868	48.132	19.015	22.555	238.933	0.01	0.1	99.9	102.745	107.581	20.682	2.547	23.525	19.842		长4+5!2^(2_3)
耿207	2400.750	37.623	62.377	20.518	24.745	232.517	0.347	2.355	90.334	101.979	92.63	20.695	2.544	22.205	21.653		长4+5!2^(2_3)
耿207	2400.875	19.102	80.898	22.574	27.134	227.479	1.674	11.376	51.494	101.163	83.687	20.717	2.541	19.87	24.041	油层	长4+5!2^(2_3)
耿207	2401.000	19.111	80.889	25.14	29.445	224.369	1.539	11.162	49.528	100.303	83.411	20.742	2.538	17.201	26.833	油层	长4+5!2^(2_3)
耿207	2401.125	20.448	79.552	28.029	31.444	222.477	1.449	11.009	47.531	99.4	88.247	20.745	2.539	15.524	29.814	油层	长4+5!2^(2_3)
耿207	2401.250	21.519	78.481	30.998	33.211	220.901	1.361	10.854	45.925	98.47	92.392	20.706	2.544	15.351	32.695	油层	长4+5!2^(2_3)
耿207	2401.375	22.01	77.99	33.727	35.114	219.267	1.276	10.696	44.822	97.518	94.658	20.641	2.556	15.758	35.173	油层	长4+5!2^(2_3)
耿207	2401.500	21.988	78.012	36.004	37.421	217.74	1.211	10.57	44.044	96.552	95.546	20.588	2.572	16.074	37.156	油层	长4+5!2^(2_3)
耿207	2401.625	21.139	78.861	37.8	40.094	216.705	1.183	10.513	43.347	95.579	93.786	20.552	2.584	15.871	38.712	油层	长4+5!2^(2_3)
耿207	2401.750	19.54	80.46	39.251	42.905	216.482	1.197	10.542	42.507	94.608	89.069	20.5	2.585	14.992	40.073	油层	长4+5!2^(2_3)
耿207	2401.875	17.755	82.245	40.643	45.422	217.088	1.248	10.641	41.416	93.647	82.814	20.402	2.572	14.116	41.557	油层	长4+5!2^(2_3)
耿207	2402.000	16.447	83.553	42.248	47.201	218.324	1.327	10.791	40.078	92.702	77.436	20.289	2.554	13.801	43.352	油层	长4+5!2^(2_3)
耿207	2402.125	15.882	84.118	44.18	48.0	220.043	1.429	10.974	38.579	91.786	74.457	20.213	2.536	14.031	45.471	油层	长4+5!2^(2_3)
耿207	2402.250	15.843	84.157	46.401	47.917	221.931	1.53	11.146	37.134	90.903	73.507	20.186	2.522	14.365	47.808	油层	长4+5!2^(2_3)
耿207	2402.375	16.019	83.981	48.771	47.449	223.472	1.599	11.258	35.935	90.061	73.721	20.205	2.516	14.659	50.188	油层	长4+5!2^(2_3)
耿207	2402.500	16.214	83.786	51.105	47.234	224.319	1.625	11.3	35.05	89.266	74.038	20.268	2.515	15.02	52.421	油层	长4+5!2^(2_3)
耿207	2402.625	16.755	83.245	53.226	47.698	224.541	1.624	11.299	34.428	88.535	75.428	20.352	2.51	15.531	54.339	油层	长4+5!2^(2_3)
耿207	2402.750	17.875	82.125	54.958	48.953	224.471	1.617	11.287	34.019	87.866	79.145	20.416	2.5	16.13	55.741	油层	长4+5!2^(2_3)
耿207	2402.875	18.982	81.018	56.071	50.788	224.377	1.612	11.28	33.823	87.263	83.186	20.434	2.492	16.424	56.451	油层	长4+5!2^(2_3)
耿207	2403.000	19.342	80.658	56.551	52.656	224.296	1.605	11.269	33.795	86.729	85.131	20.429	2.486	16.105	56.641	油层	长4+5!2^(2_3)
耿207	2403.125	18.663	81.337	56.62	53.951	224.113	1.589	11.244	33.871	86.28	83.247	20.425	2.484	15.461	56.599	油层	长4+5!2^(2_3)
耿207	2403.250	17.841	82.159	56.602	54.302	223.833	1.569	11.211	33.924	85.905	80.359	20.43	2.488	15.315	56.699	油层	长4+5!2^(2_3)
耿207	2403.375	17.464	82.536	56.892	53.839	223.435	1.539	11.162	33.873	85.603	79.089	20.453	2.499	15.736	57.297	油层	长4+5!2^(2_3)
耿207	2403.500	17.195	82.805	57.725	53.358	222.832	1.494	11.086	33.726	85.371	78.785	20.486	2.509	16.089	58.469	油层	长4+5!2^(2_3)
耿207	2403.625	16.378	83.622	59.106	53.745	221.87	1.424	10.965	33.574	85.219	76.759	20.51	2.513	15.913	60.104	油层	长4+5!2^(2_3)
耿207	2403.750	15.185	84.815	60.832	55.393	220.418	1.328	10.792	33.545	85.129	72.975	20.524	2.514	15.359	61.852	油层	长4+5!2^(2_3)
耿207	2403.875	14.323	85.677	62.44	58.099	218.371	1.21	10.566	33.794	85.096	70.188	20.558	2.512	14.686	63.159	油层	长4+5!2^(2_3)
耿207	2404.000	13.955	86.045	63.421	61.137	215.995	1.099	10.339	34.298	85.115	69.64	20.614	2.517	13.74	63.602	油层	长4+5!2^(2_3)
耿207	2404.125	13.561	86.439	63.439	63.833	213.837	1.02	10.164	34.964	85.185	68.891	20.665	2.532	12.517	62.989	油层	长4+5!2^(2_3)
耿207	2404.250	13.217	86.783	62.412	65.851	212.395	0.985	10.086	35.651	85.292	67.48	20.684	2.553	11.672	61.379	油层	长4+5!2^(2_3)
耿207	2404.375	13.565	86.435	60.463	66.873	212.144	1.009	10.14	36.194	85.429	67.983	20.663	2.572	11.915	59.02	油层	长4+5!2^(2_3)
耿207	2404.500	14.779	85.221	57.959	66.571	213.209	1.09	10.319	36.504	85.589	71.564	20.626	2.581	13.14	56.343	油层	长4+5!2^(2_3)
耿207	2404.625	16.425	83.575	55.228	64.567	215.587	1.239	10.621	36.534	85.77	76.509	20.605	2.573	14.578	53.575	油层	长4+5!2^(2_3)
耿207	2404.750	18.077	81.923	52.493	60.625	219.118	1.45	11.008	36.349	85.962	80.61	20.603	2.553	15.523	50.951	油层	长4+5!2^(2_3)
耿207	2404.875	20.114	79.886	50.028	55.074	223.195	1.689	11.397	36.083	86.161	85.312	20.602	2.532	15.99	48.756	油层	长4+5!2^(2_3)
耿207	2405.000	27.275	72.725	48.053	49.248	226.881	1.495	9.356	48.664	86.364	92.234	20.61	2.522	16.209	47.121		长4+5!2^(2_3)
耿207	2405.125	48.068	51.932	46.662	44.693	229.625	0.01	0.1	99.9	86.57	99.505	20.65	2.52	16.41	46.081		长4+5!2^(2_3)
耿207	2405.250	49.725	50.275	45.833	42.297	231.395	0.01	0.1	99.9	86.776	102.781	20.695	2.522	16.776	45.541		长4+5!2^(2_3)
耿207	2405.375	42.741	57.259	45.451	42.103	232.253	0.438	2.481	87.11	86.983	99.837	20.684	2.526	17.148	45.354		长4+5!2^(2_3)
耿207	2405.500	21.7	78.3	45.339	43.146	232.351	2.145	12.036	35.724	87.193	91.365	20.612	2.522	17.111	45.352	油层	长4+5!2^(2_3)
耿207	2405.625	18.448	81.552	45.406	44.505	231.815	2.082	11.955	35.861	87.41	80.992	20.536	2.508	16.632	45.528	油层	长4+5!2^(2_3)
耿207	2405.750	16.433	83.567	45.662	45.915	230.848	2.001	11.847	35.986	87.637	73.648	20.501	2.494	16.121	45.909	油层	长4+5!2^(2_3)
耿207	2405.875	15.922	84.078	46.135	47.38	229.696	1.914	11.729	36.058	87.878	71.459	20.512	2.485	15.828	46.504	油层	长4+5!2^(2_3)
耿207	2406.000	16.41	83.59	46.792	48.629	228.43	1.822	11.597	36.116	88.139	73.403	20.549	2.476	15.584	47.248	油层	长4+5!2^(2_3)
耿207	2406.125	17.071	82.929	47.586	49.137	226.991	1.721	11.449	36.181	88.431	76.303	20.6	2.472	15.344	48.114	油层	长4+5!2^(2_3)
耿207	2406.250	17.496	82.504	48.496	48.722	225.446	1.629	11.307	36.202	88.757	78.473	20.669	2.473	15.335	49.082	油层	长4+5!2^(2_3)
耿207	2406.375	17.543	82.457	49.491	48.21	224.168	1.569	11.21	36.094	89.122	79.328	20.73	2.473	15.513	50.096	油层	长4+5!2^(2_3)
耿207	2406.500	17.13	82.87	50.488	49.0	223.36	1.538	11.161	35.892	89.534	78.318	20.742	2.474	15.632	51.042	油层	长4+5!2^(2_3)
耿207	2406.625	16.567	83.433	51.364	51.768	223.066	1.539	11.162	35.631	90.008	76.279	20.694	2.475	15.555	51.778	油层	长4+5!2^(2_3)
耿207	2406.750	16.273	83.727	51.963	55.706	223.273	1.569	11.21	35.383	90.541	74.861	20.622	2.475	15.401	52.127	油层	长4+5!2^(2_3)
耿207	2406.875	16.38	83.62	52.086	58.573	223.967	1.628	11.304	35.2	91.139	74.676	20.571	2.477	15.376	51.933	油层	长4+5!2^(2_3)
耿207	2407.000	16.894	83.106	51.71	58.672	225.088	1.707	11.427	35.089	91.805	75.663	20.546	2.478	15.503	51.318	油层	长4+5!2^(2_3)
耿207	2407.125	17.803	82.197	50.976	56.003	226.345	1.782	11.54	35.1	92.554	78.396	20.535	2.478	15.688	50.443	油层	长4+5!2^(2_3)
耿207	2407.250	18.423	81.577	50.057	51.804	227.335	1.821	11.597	35.289	93.376	80.74	20.533	2.482	15.832	49.489	油层	长4+5!2^(2_3)
耿207	2407.375	18.218	81.782	49.122	47.739	227.472	1.784	11.542	35.765	94.272	80.552	20.541	2.489	15.803	48.577	油层	长4+5!2^(2_3)
耿207	2407.500	17.653	82.347	48.221	44.779	226.385	1.661	11.355	36.614	95.239	78.89	20.572	2.499	15.273	47.652	油层	长4+5!2^(2_3)
耿207	2407.625	17.586	82.414	47.223	43.121	223.82	1.455	11.016	38.041	96.284	79.441	20.646	2.516	14.073	46.483	油层	长4+5!2^(2_3)
耿207	2407.750	17.759	82.241	45.859	42.678	219.733	1.208	10.559	40.185	97.392	81.885	20.754	2.542	12.506	44.76	油层	长4+5!2^(2_3)
耿207	2407.875	17.373	82.627	43.806	43.071	214.958	0.825	10.113	42.904	98.554	82.699	20.846	2.573	11.163	42.243	油层	长4+5!2^(2_3)
耿207	2408.000	16.347	83.653	41.019	43.309	210.842	0.01	9.802	45.784	99.762	80.561	20.888	2.604	10.478	39.1	油层	长4+5!2^(2_3)
耿207	2408.125	15.33	84.67	37.702	42.25	208.492	0.01	9.704	48.392	101.012	76.953	20.895	2.633	11.072	35.592	油层	长4+5!2^(2_3)
耿207	2408.250	15.256	84.744	34.162	39.263	208.471	0.208	9.848	50.333	102.285	75.335	20.898	2.649	13.407	32.089	油层	长4+5!2^(2_3)
耿207	2408.375	16.698	83.302	30.798	34.58	211.004	1.052	10.229	51.316	103.57	78.019	20.906	2.651	16.422	28.957	油层	
耿207	2408.500	19.773	80.227	27.852	29.476	215.623	1.314	10.759	51.61	104.855	85.684	20.912	2.634	18.956	26.287	油层	
耿207	2408.625	28.8	71.2	25.36	25.189	221.395	1.269	9.014	61.222	106.126	95.964	20.913	2.615	20.455	24.046		
耿207	2408.750	53.272	46.728	23.269	22.139	227.109	0.01	0.1	99.9	107.373	104.96	20.919	2.601	21.072	22.18		
耿207	2408.875	59.192	40.808	21.552	20.123	231.247	0.01	0.1	99.9	108.585	112.104	20.928	2.591	21.115	20.662		
耿207	2409.000	63.031	36.969	20.136	18.684	233.27	0.01	0.1	99.9	109.754	117.018	20.933	2.586	20.589	19.379		
耿207	2409.125	63.671	36.329	18.915	17.559	233.626	0.01	0.1	99.9	110.865	117.964	20.931	2.587	19.674	18.236		
耿207	2409.250	63.515	36.485	17.802	16.648	233.28	0.01	0.1	99.9	111.919	117.522	20.93	2.591	18.939	17.157		
耿207	2409.375	64.774	35.226	16.736	15.822	233.607	0.01	0.1	99.9	112.91	118.479	20.951	2.597	18.862	16.111		
耿207	2409.500	67.312	32.688	15.703	14.93	235.294	0.01	0.1	99.9	113.837	121.155	20.999	2.605	19.365	15.104		
耿207	2312.625--2409.500(平均)	45.529	54.471	23.35	22.95	237.317	0.437	3.031	84.52	103.347	99.265	21.472	2.537	21.322	23.349		
耿207	2312.625--2409.500(最大)	99.9	90.183	71.817	92.857	329.327	4.238	13.699	99.9	116.56	186.359	23.625	2.673	47.986	72.141		
耿207	2312.625--2409.500(最小)	9.817	0.1	7.621	7.115	198.066	0.01	0.1	31.33	72.832	53.974	20.186	2.127	9.435	7.585		
