井名	深度	SH	SS	RT	RT.1	SP	AC	PERM2024	PERM	POR2024	POR	SW	SW2024	GR	CAL	DEN	CNL	RT.2	解释结论	层位
耿60	2359.750	16.661	83.339	9.976	11.012	58.558	246.058	0.936	5.079	12.207	15.022	63.729	0.637	75.743	22.31	2.486	19.23	9.763	水层	
耿60	2359.875	21.667	78.333	11.142	12.179	59.416	248.796	0.0	2.237	0.0	6.15	84.845	0.0	74.778	22.334	2.306	24.13	10.675	水层	
耿60	2360.000	26.814	73.186	15.598	14.624	60.499	251.978	0.0	0.01	0.0	0.1	99.9	0.0	78.179	22.371	2.193	29.9	13.814		
耿60	2360.125	31.487	68.513	10.602	9.33	61.75	254.367	0.0	0.01	0.0	0.1	99.9	0.0	85.697	22.801	2.124	36.38	12.602		
耿60	2360.250	39.172	60.828	6.339	5.857	63.108	263.338	0.0	0.01	0.0	0.1	99.9	0.0	95.408	23.72	2.096	40.41	8.046		
耿60	2360.375	47.821	52.179	9.079	7.9	64.534	276.921	0.0	0.01	0.0	0.1	99.9	0.0	103.893	24.751	2.166	35.35	7.982		长4+5!1^(1_1)
耿60	2360.500	52.392	47.608	19.515	17.383	65.662	281.177	0.0	0.01	0.0	0.1	99.9	0.0	105.652	24.816	2.213	29.22	15.337		长4+5!1^(1_1)
耿60	2360.625	52.87	47.13	28.758	27.143	66.873	275.166	0.0	0.01	0.0	0.1	99.9	0.0	105.22	23.76	2.289	24.29	25.057		长4+5!1^(1_1)
耿60	2360.750	51.724	48.276	65.581	59.232	67.861	263.256	0.0	0.01	0.0	0.1	99.9	0.0	103.732	22.692	2.392	20.68	50.837		长4+5!1^(1_1)
耿60	2360.875	50.195	49.805	50.947	30.433	68.604	253.858	0.0	0.01	0.0	0.1	99.9	0.0	102.325	22.128	2.496	18.34	56.807		长4+5!1^(1_1)
耿60	2361.000	48.942	51.058	26.024	19.689	69.219	247.705	0.0	0.01	0.0	0.1	99.9	0.0	101.266	22.125	2.568	17.05	36.003		长4+5!1^(1_1)
耿60	2361.125	46.454	53.546	14.929	15.428	69.835	239.11	0.0	0.01	0.0	0.1	99.9	0.0	97.884	22.125	2.577	16.18	19.371		长4+5!1^(1_1)
耿60	2361.250	41.585	58.415	10.839	11.393	69.779	227.23	0.0	0.01	0.0	0.1	99.9	0.0	91.743	22.125	2.58	15.76	12.476		长4+5!1^(1_1)
耿60	2361.375	37.194	62.806	7.891	8.22	70.373	219.761	0.0	0.01	0.0	0.1	99.9	0.0	87.91	22.125	2.585	15.05	9.072		长4+5!1^(1_1)
耿60	2361.500	35.391	64.609	8.047	8.516	71.219	215.797	0.0	0.01	0.0	0.1	99.9	0.0	87.079	22.127	2.592	14.84	7.985		长4+5!1^(1_1)
耿60	2361.625	36.684	63.316	8.916	9.752	72.139	215.516	0.0	0.01	0.0	0.1	99.9	0.0	90.079	22.128	2.598	15.42	8.568		长4+5!1^(1_1)
耿60	2361.750	42.115	57.885	9.298	10.295	73.321	215.432	0.0	0.01	0.0	0.1	99.9	0.0	97.832	22.128	2.588	16.63	9.145		长4+5!1^(1_1)
耿60	2361.875	50.582	49.418	12.297	13.752	74.551	209.38	0.0	0.01	0.0	0.1	99.9	0.0	106.686	22.17	2.48	21.29	11.096		长4+5!1^(1_1)
耿60	2362.000	66.048	33.952	14.861	16.274	76.297	212.084	0.0	0.01	0.0	0.1	99.9	0.0	122.715	22.205	2.388	27.29	13.834		长4+5!1^(1_1)
耿60	2362.125	89.49	10.51	8.97	10.217	77.571	220.515	0.0	0.01	0.0	0.1	99.9	0.0	142.378	22.249	2.293	34.37	11.329		长4+5!1^(1_1)
耿60	2362.250	99.9	0.1	8.109	9.923	78.371	223.109	0.0	0.01	0.0	0.1	99.9	0.0	161.621	22.354	2.254	36.21	8.454		长4+5!1^(1_1)
耿60	2362.375	99.9	0.1	8.052	10.699	79.005	222.404	0.0	0.01	0.0	0.1	99.9	0.0	176.192	22.578	2.302	29.5	8.075		长4+5!1^(1_1)
耿60	2362.500	99.9	0.1	10.554	12.62	79.722	221.447	0.0	0.01	0.0	0.1	99.9	0.0	181.839	22.982	2.346	23.24	9.552		长4+5!1^(1_1)
耿60	2362.625	99.9	0.1	13.041	13.931	81.229	217.906	0.0	0.01	0.0	0.1	99.9	0.0	173.124	22.742	2.492	20.06	12.045		长4+5!1^(1_1)
耿60	2362.750	99.9	0.1	13.44	13.645	82.006	212.32	0.0	0.01	0.0	0.1	99.9	0.0	160.099	22.703	2.564	19.85	13.28		长4+5!1^(1_1)
耿60	2362.875	99.9	0.1	14.526	10.49	82.545	206.727	0.0	0.01	0.0	0.1	99.9	0.0	147.687	22.561	2.596	20.44	14.091		长4+5!1^(1_1)
耿60	2363.000	99.731	0.269	16.745	11.559	83.249	202.693	0.0	0.01	0.0	0.1	99.9	0.0	139.772	22.337	2.617	20.56	15.856		长4+5!1^(1_1)
耿60	2363.125	98.624	1.376	11.74	10.804	84.222	201.34	0.0	0.01	0.0	0.1	99.9	0.0	138.777	22.31	2.635	19.98	13.744		长4+5!1^(1_1)
耿60	2363.250	99.124	0.876	9.026	9.024	84.632	202.015	0.0	0.01	0.0	0.1	99.9	0.0	144.362	22.314	2.642	19.76	10.113		长4+5!1^(1_1)
耿60	2363.375	99.9	0.1	8.143	8.435	84.821	201.558	0.0	0.01	0.0	0.1	99.9	0.0	147.641	22.311	2.648	20.31	8.497		长4+5!1^(1_1)
耿60	2363.500	99.9	0.1	6.192	6.762	85.007	202.161	0.0	0.01	0.0	0.1	99.9	0.0	149.845	22.312	2.647	21.02	6.973		长4+5!1^(1_1)
耿60	2363.625	99.9	0.1	6.301	6.886	85.103	204.279	0.0	0.01	0.0	0.1	99.9	0.0	150.902	22.313	2.642	21.91	6.257		长4+5!1^(1_1)
耿60	2363.750	99.9	0.1	7.465	8.281	85.041	205.291	0.0	0.01	0.0	0.1	99.9	0.0	152.107	22.309	2.631	23.34	6.999		长4+5!1^(1_1)
耿60	2363.875	99.9	0.1	8.674	10.144	84.939	207.23	0.0	0.01	0.0	0.1	99.9	0.0	157.729	22.31	2.603	25.93	8.19		长4+5!1^(1_1)
耿60	2364.000	99.9	0.1	10.168	11.773	85.09	215.112	0.0	0.01	0.0	0.1	99.9	0.0	167.212	22.31	2.387	27.07	9.57		长4+5!1^(1_1)
耿60	2364.125	99.9	0.1	10.965	13.533	84.809	222.557	0.0	0.01	0.0	0.1	99.9	0.0	174.513	22.345	2.272	26.49	10.646		长4+5!1^(1_1)
耿60	2364.250	99.9	0.1	6.567	7.516	83.694	220.743	0.0	0.01	0.0	0.1	99.9	0.0	173.426	23.738	2.208	23.73	8.328		长4+5!1^(1_1)
耿60	2364.375	99.9	0.1	5.217	6.121	82.308	218.32	0.0	0.01	0.0	0.1	99.9	0.0	162.864	25.92	2.218	20.0	5.757		长4+5!1^(1_1)
耿60	2364.500	99.9	0.1	4.538	5.852	81.619	219.878	0.0	0.01	0.0	0.1	99.9	0.0	145.239	27.137	2.342	17.27	4.809		长4+5!1^(1_1)
耿60	2364.625	84.018	15.982	11.652	10.996	81.568	220.48	0.0	0.01	0.0	0.1	99.9	0.0	122.353	25.717	2.427	15.74	8.803		长4+5!1^(1_1)
耿60	2364.750	59.25	40.75	11.673	12.914	80.281	217.628	0.0	0.01	0.0	0.1	99.9	0.0	102.509	23.066	2.517	16.68	11.664		长4+5!1^(1_1)
耿60	2364.875	41.905	58.095	19.87	20.933	79.605	218.427	0.0	0.01	0.0	0.1	99.9	0.0	88.837	22.116	2.57	17.55	16.588		长4+5!1^(1_1)
耿60	2365.000	34.197	65.803	23.694	17.208	79.624	220.744	0.0	0.01	0.0	0.1	99.9	0.0	84.083	22.072	2.592	18.27	22.163		长4+5!1^(1_1)
耿60	2365.125	34.841	65.159	19.745	17.415	80.263	223.026	0.0	0.01	0.0	0.1	99.9	0.0	88.522	22.047	2.6	19.02	21.326		长4+5!1^(1_1)
耿60	2365.250	42.261	57.739	14.286	16.901	81.634	226.209	0.0	0.01	0.0	0.1	99.9	0.0	99.004	22.049	2.609	19.68	16.471		长4+5!1^(1_1)
耿60	2365.375	51.975	48.025	14.103	15.237	82.198	227.815	0.0	0.01	0.0	0.1	99.9	0.0	108.072	22.047	2.622	19.26	14.176		长4+5!1^(1_1)
耿60	2365.500	58.738	41.262	12.819	14.366	82.476	231.475	0.0	0.01	0.0	0.1	99.9	0.0	112.275	22.048	2.634	19.11	13.333		长4+5!1^(1_1)
耿60	2365.625	62.009	37.991	11.829	13.447	82.414	235.82	0.0	0.01	0.0	0.1	99.9	0.0	114.123	22.048	2.641	19.55	12.225		长4+5!1^(1_1)
耿60	2365.750	63.182	36.818	11.84	13.407	81.938	239.578	0.0	0.01	0.0	0.1	99.9	0.0	114.515	22.047	2.64	20.39	11.836		长4+5!1^(1_1)
耿60	2365.875	63.409	36.591	12.943	14.382	81.145	242.817	0.0	0.01	0.0	0.1	99.9	0.0	114.565	22.047	2.634	21.1	12.501		长4+5!1^(1_1)
耿60	2366.000	67.239	32.761	12.214	12.594	80.837	244.08	0.0	0.01	0.0	0.1	99.9	0.0	119.606	22.044	2.624	21.01	12.505		长4+5!1^(1_1)
耿60	2366.125	76.312	23.688	11.187	10.214	81.001	243.079	0.0	0.01	0.0	0.1	99.9	0.0	127.574	22.046	2.609	18.61	11.598		长4+5!1^(1_1)
耿60	2366.250	87.47	12.53	10.483	10.586	79.913	239.806	0.0	0.01	0.0	0.1	99.9	0.0	135.096	22.047	2.602	16.3	10.765		长4+5!1^(1_1)
耿60	2366.375	94.326	5.674	15.498	14.651	76.791	235.814	0.0	0.01	0.0	0.1	99.9	0.0	137.506	22.046	2.606	14.43	13.49		长4+5!1^(1_1)
耿60	2366.500	90.95	9.05	21.531	23.271	73.084	232.049	0.0	0.01	0.0	0.1	99.9	0.0	132.295	22.046	2.619	13.45	19.115		长4+5!1^(1_1)
耿60	2366.625	77.444	22.556	16.572	18.705	72.248	227.606	0.0	0.01	0.0	0.1	99.9	0.0	120.251	22.047	2.632	13.99	18.558		长4+5!1^(1_1)
耿60	2366.750	62.302	37.698	13.022	16.266	72.197	221.645	0.0	0.01	0.0	0.1	99.9	0.0	108.883	22.049	2.633	14.27	14.444		长4+5!1^(1_1)
耿60	2366.875	52.117	47.883	13.24	14.62	72.019	215.802	0.0	0.01	0.0	0.1	99.9	0.0	101.773	22.048	2.635	13.35	13.153		长4+5!1^(1_1)
耿60	2367.000	46.017	53.983	15.421	16.706	70.046	211.144	0.0	0.01	0.0	0.1	99.9	0.0	96.784	22.047	2.638	11.61	14.548		长4+5!1^(1_1)
耿60	2367.125	41.298	58.702	21.047	22.873	66.998	206.902	0.0	0.01	0.0	0.1	99.9	0.0	92.009	22.047	2.637	10.01	18.794		长4+5!1^(1_1)
耿60	2367.250	36.613	63.387	30.4	33.593	64.324	203.677	0.0	0.01	0.0	0.1	99.9	0.0	86.6	22.048	2.628	9.5	26.655		长4+5!1^(1_1)
耿60	2367.375	32.706	67.294	48.919	49.862	62.888	201.794	0.0	0.01	0.0	0.1	99.9	0.0	82.64	22.056	2.605	10.34	41.504		长4+5!1^(1_1)
耿60	2367.500	32.13	67.87	21.996	22.739	59.996	199.917	0.0	0.01	0.0	0.1	99.9	0.0	84.159	22.099	2.58	13.31	32.775		长4+5!1^(1_1)
耿60	2367.625	35.263	64.737	16.674	18.413	57.023	203.388	0.0	0.01	0.0	0.1	99.9	0.0	89.272	22.15	2.545	16.48	18.805		长4+5!1^(1_1)
耿60	2367.750	40.135	59.865	20.208	22.402	54.728	211.574	0.0	0.01	0.0	0.1	99.9	0.0	94.924	22.226	2.513	19.4	18.793		长4+5!1^(1_1)
耿60	2367.875	44.731	55.269	24.566	23.743	53.087	218.559	0.0	0.01	0.0	0.1	99.9	0.0	99.214	22.3	2.488	21.27	22.821		长4+5!1^(1_2)
耿60	2368.000	47.968	52.032	16.074	15.788	51.476	223.004	0.0	0.01	0.0	0.1	99.9	0.0	101.755	22.309	2.471	21.32	19.474		长4+5!1^(1_2)
耿60	2368.125	50.262	49.738	14.295	13.63	50.246	226.051	0.0	0.01	0.0	0.1	99.9	0.0	103.746	22.31	2.469	21.43	15.007		长4+5!1^(1_2)
耿60	2368.250	53.686	46.314	13.011	13.184	48.884	227.466	0.0	0.01	0.0	0.1	99.9	0.0	107.7	22.312	2.469	20.77	13.525		长4+5!1^(1_2)
耿60	2368.375	57.493	42.507	11.17	11.678	47.63	227.808	0.0	0.01	0.0	0.1	99.9	0.0	110.741	22.313	2.477	20.51	11.907		长4+5!1^(1_2)
耿60	2368.500	60.334	39.666	10.931	11.195	46.747	227.993	0.0	0.01	0.0	0.1	99.9	0.0	112.799	22.311	2.488	20.32	11.027		长4+5!1^(1_2)
耿60	2368.625	62.239	37.761	10.407	10.475	46.256	227.985	0.0	0.01	0.0	0.1	99.9	0.0	114.096	22.31	2.497	19.92	10.617		长4+5!1^(1_2)
耿60	2368.750	62.582	37.418	11.324	11.359	45.641	227.987	0.0	0.01	0.0	0.1	99.9	0.0	113.709	22.313	2.503	20.1	10.957		长4+5!1^(1_2)
耿60	2368.875	59.702	40.298	12.992	12.903	44.576	228.662	0.0	0.01	0.0	0.1	99.9	0.0	109.896	22.311	2.509	19.49	12.324		长4+5!1^(1_2)
耿60	2369.000	38.324	61.676	14.951	14.845	43.964	229.384	0.11	0.163	7.847	7.109	83.838	0.487	100.947	22.31	2.509	19.15	14.167		长4+5!1^(1_2)
耿60	2369.125	22.47	77.53	16.638	16.535	43.64	231.061	0.212	0.337	9.18	11.933	70.131	0.444	89.819	22.309	2.508	18.61	15.963	水层	长4+5!1^(1_2)
耿60	2369.250	18.324	81.676	15.475	15.502	42.948	233.315	0.4	0.393	10.476	12.152	69.049	0.443	79.612	22.311	2.503	18.04	15.941	水层	长4+5!1^(1_2)
耿60	2369.375	15.382	84.618	15.328	15.667	41.27	234.694	0.606	0.427	11.322	12.285	69.607	0.454	72.861	22.314	2.493	17.88	15.387	水层	长4+5!1^(1_2)
耿60	2369.500	13.909	86.091	15.118	15.507	40.193	235.063	0.705	0.453	11.628	12.321	69.857	0.458	70.292	22.312	2.493	17.33	15.202	水层	长4+5!1^(1_2)
耿60	2369.625	13.503	86.497	14.753	15.071	39.612	235.629	0.744	0.459	11.739	12.376	70.302	0.465	69.787	22.31	2.496	17.05	14.899	水层	长4+5!1^(1_2)
耿60	2369.750	13.361	86.639	14.458	14.913	39.066	234.618	0.704	0.433	11.627	12.278	71.562	0.473	69.857	22.311	2.494	16.63	14.576	水层	长4+5!1^(1_2)
耿60	2369.875	13.051	86.949	14.452	14.932	38.457	232.098	0.635	0.397	11.417	12.034	73.088	0.476	69.351	22.311	2.489	16.44	14.455	水层	长4+5!1^(1_2)
耿60	2370.000	12.447	87.553	14.119	14.674	37.824	228.948	0.58	0.352	11.231	11.728	75.233	0.481	67.986	22.325	2.481	16.64	14.253	水层	长4+5!1^(1_2)
耿60	2370.125	11.797	88.203	14.381	14.847	37.313	225.951	0.527	0.323	11.038	11.437	76.766	0.481	66.841	22.393	2.48	16.9	14.276	水层	长4+5!1^(1_2)
耿60	2370.250	10.958	89.042	14.871	15.252	37.313	224.989	0.593	0.338	11.279	11.344	76.244	0.471	63.559	22.392	2.486	17.26	14.675	水层	长4+5!1^(1_2)
耿60	2370.375	10.806	89.194	14.855	15.438	37.513	226.353	0.611	0.366	11.337	11.476	75.022	0.466	64.361	22.391	2.495	17.76	14.861	水层	长4+5!1^(1_2)
耿60	2370.500	11.304	88.696	14.698	15.317	37.683	226.594	0.558	0.359	11.152	11.5	75.146	0.469	66.39	22.39	2.497	17.96	14.761	水层	长4+5!1^(1_2)
耿60	2370.625	11.814	88.186	14.65	15.301	37.732	225.188	0.47	0.33	10.804	11.363	76.143	0.471	68.325	22.39	2.503	17.73	14.669	水层	长4+5!1^(1_2)
耿60	2370.750	12.203	87.797	15.366	16.243	37.713	223.968	0.414	0.33	10.547	11.245	75.778	0.462	69.576	22.396	2.523	17.08	15.08	水层	长4+5!1^(1_2)
耿60	2370.875	12.027	87.973	16.25	17.265	37.918	223.033	0.423	0.354	10.589	11.154	74.316	0.444	68.231	22.424	2.523	15.9	15.896	水层	长4+5!1^(1_2)
耿60	2371.000	11.243	88.757	18.396	19.936	38.216	220.377	0.411	0.388	10.529	10.897	72.23	0.413	66.148	22.5	2.527	16.13	17.537	水层	长4+5!1^(1_2)
耿60	2371.125	10.421	89.579	17.779	19.456	38.77	218.557	0.42	0.383	10.574	10.72	72.157	0.404	63.888	22.528	2.517	16.7	18.026	水层	长4+5!1^(1_2)
耿60	2371.250	9.892	90.108	17.083	18.56	39.317	218.687	0.456	0.357	10.74	10.733	73.452	0.416	62.423	22.529	2.509	17.77	17.362	水层	长4+5!1^(1_2)
耿60	2371.375	9.793	90.207	16.216	17.637	39.65	219.802	0.484	0.337	10.862	10.841	74.575	0.43	62.371	22.536	2.511	18.82	16.563	水层	长4+5!1^(1_2)
耿60	2371.500	10.192	89.808	15.586	16.903	39.763	221.703	0.496	0.328	10.912	11.025	75.179	0.445	63.799	22.561	2.512	18.42	15.838	水层	长4+5!1^(1_2)
耿60	2371.625	11.394	88.606	14.974	15.7	40.225	223.958	0.441	0.32	10.676	11.244	75.432	0.459	68.324	22.641	2.499	18.33	15.219	水层	长4+5!1^(1_2)
耿60	2371.750	12.455	87.545	14.558	15.269	40.645	225.615	0.438	0.309	10.658	11.405	75.77	0.47	70.152	22.682	2.489	17.92	14.724	水层	长4+5!1^(1_2)
耿60	2371.875	12.74	87.26	14.149	14.937	40.994	226.533	0.462	0.297	10.77	11.494	76.35	0.48	69.992	22.696	2.482	17.57	14.312	水层	长4+5!1^(1_2)
耿60	2372.000	12.362	87.638	13.774	15.032	41.435	225.398	0.467	0.266	10.791	11.384	78.049	0.49	68.66	22.708	2.481	17.14	13.924	水层	长4+5!1^(1_2)
耿60	2372.125	11.794	88.206	14.662	16.364	42.187	224.791	0.496	0.273	10.913	11.325	77.352	0.48	66.873	22.752	2.487	16.82	14.306	水层	长4+5!1^(1_2)
耿60	2372.250	11.349	88.651	14.977	15.448	43.417	226.987	0.617	0.317	11.36	11.538	74.725	0.466	64.785	22.856	2.504	18.76	14.851	水层	长4+5!1^(1_2)
耿60	2372.375	10.781	89.219	12.963	15.243	44.839	227.949	0.721	0.275	11.675	11.631	77.211	0.493	62.712	22.878	2.512	24.23	13.769	水层	长4+5!1^(1_2)
耿60	2372.500	10.435	89.565	14.273	16.442	46.786	229.376	0.821	0.277	11.939	11.77	76.439	0.493	61.612	22.899	2.438	32.25	13.749	水层	长4+5!1^(1_2)
耿60	2372.625	10.975	89.025	12.397	14.418	49.37	232.134	0.834	0.259	11.971	12.037	76.729	0.51	64.065	22.947	2.376	38.02	13.148	水层	长4+5!1^(1_2)
耿60	2372.750	13.106	86.894	11.529	13.395	52.31	236.265	0.703	0.213	11.624	12.438	78.445	0.551	71.535	23.338	2.366	37.83	11.877	水层	长4+5!1^(1_2)
耿60	2372.875	17.277	82.723	5.531	5.751	55.03	240.559	0.464	0.112	10.776	12.854	91.346	0.746	83.985	24.55	2.375	30.52	7.933	水层	长4+5!1^(1_2)
耿60	2373.000	36.834	63.166	5.433	5.814	57.798	241.266	0.0	0.027	0.0	5.266	99.9	0.0	101.315	25.539	2.51	24.12	5.472	水层	长4+5!1^(1_2)
耿60	2373.125	56.702	43.298	11.275	13.292	60.781	236.989	0.0	0.01	0.0	0.1	99.9	0.0	113.501	24.781	2.568	20.34	8.936		长4+5!1^(1_2)
耿60	2373.250	67.404	32.596	16.648	18.995	62.824	235.621	0.0	0.01	0.0	0.1	99.9	0.0	120.475	23.72	2.604	18.31	14.497		长4+5!1^(1_2)
耿60	2373.375	71.791	28.209	12.603	15.595	64.627	234.686	0.0	0.01	0.0	0.1	99.9	0.0	121.578	23.1	2.629	17.21	14.222		长4+5!1^(1_2)
耿60	2373.500	69.696	30.304	10.763	16.175	66.948	231.236	0.0	0.01	0.0	0.1	99.9	0.0	118.151	23.12	2.641	16.51	11.499		长4+5!1^(1_2)
耿60	2373.625	66.692	33.308	14.703	20.564	69.101	228.748	0.0	0.01	0.0	0.1	99.9	0.0	116.547	23.202	2.636	16.53	13.126		长4+5!1^(1_2)
耿60	2373.750	63.846	36.154	14.688	21.817	70.565	229.581	0.0	0.01	0.0	0.1	99.9	0.0	113.785	23.242	2.63	17.63	14.694		长4+5!1^(1_2)
耿60	2373.875	63.983	36.017	14.198	34.902	72.191	232.927	0.0	0.01	0.0	0.1	99.9	0.0	115.824	23.252	2.616	19.05	14.394		长4+5!1^(1_2)
耿60	2374.000	67.902	32.098	28.167	33.59	73.829	239.232	0.0	0.01	0.0	0.1	99.9	0.0	119.661	23.256	2.601	20.62	22.574		长4+5!1^(1_2)
耿60	2374.125	74.3	25.7	16.869	18.66	75.48	245.673	0.0	0.01	0.0	0.1	99.9	0.0	125.17	23.277	2.584	23.25	21.393		长4+5!1^(1_2)
耿60	2374.250	84.72	15.28	10.677	9.842	77.291	256.004	0.0	0.01	0.0	0.1	99.9	0.0	133.617	23.327	2.541	28.49	13.156		长4+5!1^(1_2)
耿60	2374.375	90.322	9.678	10.082	7.81	79.291	270.997	0.0	0.01	0.0	0.1	99.9	0.0	134.29	23.331	2.333	37.37	10.32		长4+5!1^(1_2)
耿60	2374.500	91.376	8.624	8.469	6.538	80.98	262.118	0.0	0.01	0.0	0.1	99.9	0.0	134.964	23.344	2.152	51.18	9.115		长4+5!1^(1_2)
耿60	2374.625	89.948	10.052	4.384	3.375	82.488	255.083	0.0	0.01	0.0	0.1	99.9	0.0	132.981	24.387	2.062	54.57	6.02		长4+5!1^(1_2)
耿60	2374.750	86.828	13.172	4.688	3.621	83.749	258.411	0.0	0.01	0.0	0.1	99.9	0.0	130.912	25.537	2.07	47.54	4.566		长4+5!1^(1_2)
耿60	2374.875	84.675	15.325	12.14	6.464	84.774	258.851	0.0	0.01	0.0	0.1	99.9	0.0	129.909	26.119	2.164	35.33	9.156		长4+5!1^(1_2)
耿60	2375.000	80.572	19.428	21.457	10.343	85.799	258.437	0.0	0.01	0.0	0.1	99.9	0.0	125.856	26.912	2.337	25.2	17.726		长4+5!1^(1_2)
耿60	2375.125	73.87	26.13	32.134	14.622	87.027	259.457	0.0	0.01	0.0	0.1	99.9	0.0	120.506	26.786	2.399	23.9	27.859		长4+5!1^(1_2)
耿60	2375.250	68.851	31.149	35.675	25.949	88.021	255.7	0.0	0.01	0.0	0.1	99.9	0.0	117.787	25.183	2.414	25.76	34.257		长4+5!1^(1_2)
耿60	2375.375	66.072	33.928	30.663	25.61	89.056	248.648	0.0	0.01	0.0	0.1	99.9	0.0	115.965	23.92	2.417	27.71	32.67		长4+5!1^(1_2)
耿60	2375.500	64.691	35.309	10.019	12.943	90.083	243.732	0.0	0.01	0.0	0.1	99.9	0.0	115.338	23.617	2.429	27.17	18.285		长4+5!1^(1_2)
耿60	2375.625	65.289	34.711	6.818	11.468	90.869	241.161	0.0	0.01	0.0	0.1	99.9	0.0	116.559	23.939	2.469	22.95	8.099		长4+5!1^(1_2)
耿60	2375.750	64.28	35.72	8.294	13.61	91.382	239.102	0.0	0.01	0.0	0.1	99.9	0.0	114.375	24.088	2.546	18.85	7.703		长4+5!1^(1_2)
耿60	2375.875	64.184	35.816	11.379	16.288	92.488	235.042	0.0	0.01	0.0	0.1	99.9	0.0	115.71	23.375	2.601	17.2	10.144		长4+5!1^(1_3)
耿60	2376.000	64.227	35.773	10.696	17.376	92.978	232.262	0.0	0.01	0.0	0.1	99.9	0.0	114.879	23.018	2.647	16.48	10.97		长4+5!1^(1_3)
耿60	2376.125	62.452	37.548	10.101	14.634	93.179	233.579	0.0	0.01	0.0	0.1	99.9	0.0	112.998	22.911	2.672	16.24	10.339		长4+5!1^(1_3)
耿60	2376.250	60.724	39.276	8.998	12.325	93.471	235.019	0.0	0.01	0.0	0.1	99.9	0.0	111.851	22.849	2.673	16.61	9.44		长4+5!1^(1_3)
耿60	2376.375	60.517	39.483	9.272	12.489	93.879	235.525	0.0	0.01	0.0	0.1	99.9	0.0	112.328	22.831	2.673	18.23	9.162		长4+5!1^(1_3)
耿60	2376.500	65.461	34.539	8.979	11.324	94.135	239.088	0.0	0.01	0.0	0.1	99.9	0.0	118.701	22.798	2.659	20.06	9.096		长4+5!1^(1_3)
耿60	2376.625	74.325	25.675	9.067	11.622	94.065	245.276	0.0	0.01	0.0	0.1	99.9	0.0	125.792	22.776	2.644	21.59	9.032		长4+5!1^(1_3)
耿60	2376.750	82.902	17.098	9.988	12.417	94.207	248.69	0.0	0.01	0.0	0.1	99.9	0.0	131.252	22.763	2.625	22.1	9.619		长4+5!1^(1_3)
耿60	2376.875	89.716	10.284	9.969	12.285	94.474	249.018	0.0	0.01	0.0	0.1	99.9	0.0	135.18	22.745	2.606	21.77	9.976		长4+5!1^(1_3)
耿60	2377.000	95.046	4.954	10.557	11.996	94.499	246.868	0.0	0.01	0.0	0.1	99.9	0.0	138.185	22.717	2.593	21.08	10.321		长4+5!1^(1_3)
耿60	2377.125	96.427	3.573	10.49	11.938	94.038	242.148	0.0	0.01	0.0	0.1	99.9	0.0	137.617	22.702	2.583	19.6	10.517		长4+5!1^(1_3)
耿60	2377.250	89.251	10.749	10.682	14.034	88.303	237.401	0.0	0.01	0.0	0.1	99.9	0.0	130.335	22.662	2.578	18.09	10.605		长4+5!1^(1_3)
耿60	2377.375	75.606	24.394	11.729	14.592	85.47	231.792	0.0	0.01	0.0	0.1	99.9	0.0	119.411	22.633	2.577	16.71	11.31		长4+5!1^(1_3)
耿60	2377.500	61.675	38.325	12.492	13.362	84.75	226.513	0.0	0.01	0.0	0.1	99.9	0.0	108.606	22.594	2.579	15.85	12.186		长4+5!1^(1_3)
耿60	2377.625	51.832	48.168	13.939	15.18	84.803	221.675	0.0	0.01	0.0	0.1	99.9	0.0	101.517	22.52	2.586	15.28	13.36		长4+5!1^(1_3)
耿60	2377.750	48.143	51.857	13.417	13.55	84.992	218.709	0.0	0.01	0.0	0.1	99.9	0.0	100.516	22.403	2.593	14.22	13.626		长4+5!1^(1_3)
耿60	2377.875	46.325	53.675	11.792	11.522	84.786	220.33	0.0	0.01	0.0	0.1	99.9	0.0	98.186	22.392	2.603	14.1	12.443		长4+5!1^(1_3)
耿60	2378.000	44.701	55.299	10.433	10.131	84.286	218.752	0.0	0.01	0.0	0.1	99.9	0.0	97.027	22.389	2.602	14.17	10.977		长4+5!1^(1_3)
耿60	2378.125	42.872	57.128	10.913	9.86	83.722	219.74	0.0	0.01	0.0	0.1	99.9	0.0	94.651	22.39	2.584	15.23	10.72		长4+5!1^(1_3)
耿60	2378.250	41.005	58.995	10.737	10.918	83.08	225.466	0.0	0.01	0.0	0.1	99.9	0.0	92.962	22.391	2.551	17.78	10.807		长4+5!1^(1_3)
耿60	2378.375	41.001	58.999	9.389	9.494	82.378	233.141	0.0	0.01	0.0	0.1	99.9	0.0	94.087	22.391	2.506	22.02	9.928		长4+5!1^(1_3)
耿60	2378.500	42.539	57.461	8.589	7.802	82.02	239.45	0.0	0.01	0.0	0.1	99.9	0.0	96.039	22.388	2.454	27.76	8.909		长4+5!1^(1_3)
耿60	2378.625	47.334	52.666	9.086	11.224	82.242	235.39	0.0	0.01	0.0	0.1	99.9	0.0	102.743	22.389	2.303	35.5	8.887		长4+5!1^(1_3)
耿60	2378.750	54.75	45.25	8.342	10.712	82.052	231.261	0.0	0.01	0.0	0.1	99.9	0.0	109.889	22.984	2.2	40.84	8.64		长4+5!1^(1_3)
耿60	2378.875	62.498	37.502	6.843	8.087	81.745	233.722	0.0	0.01	0.0	0.1	99.9	0.0	116.299	24.219	2.138	39.58	7.443		长4+5!1^(1_3)
耿60	2379.000	67.779	32.221	7.247	9.006	80.987	237.319	0.0	0.01	0.0	0.1	99.9	0.0	119.199	25.532	2.131	32.53	7.085		长4+5!1^(1_3)
耿60	2379.125	66.107	33.893	3.859	4.793	79.009	240.377	0.0	0.01	0.0	0.1	99.9	0.0	115.033	26.041	2.216	24.96	5.216		长4+5!1^(1_3)
耿60	2379.250	58.122	41.878	4.659	5.012	77.317	242.209	0.0	0.01	0.0	0.1	99.9	0.0	106.602	26.678	2.32	19.35	4.339		长4+5!1^(1_3)
耿60	2379.375	46.935	53.065	10.839	11.898	77.237	234.759	0.0	0.01	0.0	0.1	99.9	0.0	94.79	25.106	2.441	18.03	8.365		长4+5!1^(1_3)
耿60	2379.500	37.284	62.716	17.323	18.131	76.925	229.686	0.0	0.01	0.0	0.1	99.9	0.0	85.88	23.305	2.534	17.04	14.727		长4+5!1^(1_3)
耿60	2379.625	31.242	68.758	28.264	29.095	76.014	226.23	0.0	0.01	0.0	0.1	99.9	0.0	80.109	22.277	2.578	16.36	23.883		长4+5!1^(1_3)
耿60	2379.750	27.703	72.297	29.998	18.057	74.652	222.704	0.0	0.01	0.0	0.1	99.9	0.0	76.558	22.22	2.575	16.41	29.304		长4+5!1^(1_3)
耿60	2379.875	26.26	73.74	20.7	16.589	73.165	223.281	0.0	0.01	0.0	0.1	99.9	0.0	75.793	22.166	2.572	16.13	24.423		长4+5!1^(1_3)
耿60	2380.000	24.976	75.024	14.337	15.632	72.177	224.099	0.0	0.01	0.0	0.1	99.9	0.0	73.41	22.139	2.563	16.28	16.885		长4+5!1^(1_3)
耿60	2380.125	23.79	76.21	12.683	15.421	71.822	226.868	0.0	0.01	0.0	0.1	99.9	0.0	72.291	22.131	2.556	16.94	13.345		长4+5!1^(1_3)
耿60	2380.250	23.12	76.88	10.615	14.526	71.64	231.39	0.0	0.01	0.0	0.1	99.9	0.0	71.479	22.1	2.554	17.91	11.443		长4+5!1^(1_3)
耿60	2380.375	23.141	76.859	9.462	14.012	71.742	234.826	0.0	0.01	0.0	0.1	99.9	0.0	72.071	22.043	2.555	19.21	9.923		长4+5!1^(1_3)
耿60	2380.500	25.282	74.718	10.505	13.024	72.482	236.963	0.0	0.01	0.0	0.1	99.9	0.0	76.55	21.992	2.559	20.85	10.087		长4+5!1^(1_3)
耿60	2380.625	31.52	68.48	12.32	12.59	72.943	238.018	0.0	0.01	0.0	0.1	99.9	0.0	86.734	21.97	2.567	21.21	11.593		长4+5!1^(1_3)
耿60	2380.750	42.076	57.924	12.99	13.61	73.225	237.074	0.0	0.01	0.0	0.1	99.9	0.0	99.728	21.967	2.579	20.02	12.722		长4+5!1^(1_3)
耿60	2380.875	52.61	47.39	13.718	14.134	73.784	236.12	0.0	0.01	0.0	0.1	99.9	0.0	108.58	21.957	2.593	18.25	13.426		长4+5!1^(1_3)
耿60	2381.000	58.67	41.33	15.033	14.611	73.805	235.061	0.0	0.01	0.0	0.1	99.9	0.0	111.854	21.933	2.608	16.92	14.506		长4+5!1^(1_3)
耿60	2381.125	58.739	41.261	16.109	15.857	72.979	233.449	0.0	0.01	0.0	0.1	99.9	0.0	109.783	21.907	2.617	16.57	15.678		长4+5!1^(1_3)
耿60	2381.250	53.511	46.489	15.338	16.777	72.313	233.296	0.0	0.01	0.0	0.1	99.9	0.0	103.336	21.911	2.611	16.86	15.647		长4+5!1^(1_3)
耿60	2381.375	48.425	51.575	14.938	16.003	72.415	236.54	0.0	0.01	0.0	0.1	99.9	0.0	99.728	21.912	2.615	17.98	15.098		长4+5!1^(1_3)
耿60	2381.500	45.673	54.327	15.038	16.103	72.277	240.637	0.0	0.01	0.0	0.1	99.9	0.0	97.628	21.907	2.609	19.72	14.998		长4+5!1^(1_3)
耿60	2381.625	44.162	55.838	14.801	16.582	72.188	245.908	0.0	0.01	0.0	0.1	99.9	0.0	96.483	21.907	2.592	21.97	14.896		长4+5!1^(1_3)
耿60	2381.750	44.499	55.501	14.941	16.449	72.029	251.986	0.0	0.01	0.0	0.1	99.9	0.0	97.82	21.908	2.567	23.86	14.885		长4+5!1^(1_3)
耿60	2381.875	48.374	51.626	15.012	15.944	71.606	256.25	0.0	0.01	0.0	0.1	99.9	0.0	103.287	21.906	2.543	24.39	14.983		长4+5!1^(1_3)
耿60	2382.000	54.976	45.024	14.587	15.407	71.452	259.451	0.0	0.01	0.0	0.1	99.9	0.0	109.884	21.911	2.544	23.69	14.757		长4+5!1^(1_3)
耿60	2382.125	64.37	35.63	14.852	15.147	71.252	267.369	0.0	0.01	0.0	0.1	99.9	0.0	118.768	21.904	2.554	22.82	14.746		长4+5!1^(1_3)
耿60	2382.250	72.928	27.072	14.435	14.713	70.907	273.793	0.0	0.01	0.0	0.1	99.9	0.0	124.075	21.906	2.55	23.55	14.602		长4+5!1^(1_3)
耿60	2382.375	76.709	23.291	14.108	14.143	70.329	276.532	0.0	0.01	0.0	0.1	99.9	0.0	125.225	21.909	2.528	25.04	14.239		长4+5!1^(1_3)
耿60	2382.500	76.226	23.774	13.436	13.852	69.535	276.672	0.0	0.01	0.0	0.1	99.9	0.0	123.873	21.909	2.495	25.8	13.705		长4+5!1^(1_3)
耿60	2382.625	74.971	25.029	13.08	13.534	68.657	273.615	0.0	0.01	0.0	0.1	99.9	0.0	123.255	21.908	2.468	24.28	13.223		长4+5!1^(1_3)
耿60	2382.750	73.095	26.905	14.674	15.428	67.529	268.762	0.0	0.01	0.0	0.1	99.9	0.0	121.347	21.903	2.479	22.19	14.036		长4+5!1^(1_3)
耿60	2382.875	69.41	30.59	17.907	19.949	66.277	262.474	0.0	0.01	0.0	0.1	99.9	0.0	117.938	21.907	2.514	20.13	16.612		长4+5!1^(1_3)
耿60	2383.000	65.212	34.788	16.688	18.819	65.176	255.718	0.0	0.01	0.0	0.1	99.9	0.0	114.696	21.909	2.554	19.2	17.176		长4+5!1^(1_3)
耿60	2383.125	62.185	37.815	16.677	18.317	64.089	243.47	0.0	0.01	0.0	0.1	99.9	0.0	112.751	21.907	2.584	18.51	16.682		长4+5!1^(1_3)
耿60	2383.250	61.096	38.904	15.255	19.57	62.668	229.972	0.0	0.01	0.0	0.1	99.9	0.0	112.541	21.905	2.595	16.77	15.824		长4+5!1^(1_3)
耿60	2383.375	61.437	38.563	19.257	20.922	60.464	223.209	0.0	0.01	0.0	0.1	99.9	0.0	113.156	21.906	2.599	14.25	17.655		长4+5!1^(1_3)
耿60	2383.500	56.287	43.713	24.18	23.934	57.019	220.243	0.0	0.01	0.0	0.1	99.9	0.0	105.193	21.898	2.581	12.77	22.209		长4+5!1^(1_3)
耿60	2383.625	33.756	66.244	32.767	32.266	55.014	218.696	0.088	0.584	7.394	6.458	65.4	0.283	94.598	21.861	2.55	12.45	29.329		长4+5!1^(1_3)
耿60	2383.750	18.663	81.337	34.348	37.519	53.15	218.295	0.146	1.096	8.424	10.695	41.799	0.255	84.299	21.821	2.516	13.1	33.715	油层	长4+5!1^(1_3)
耿60	2383.875	15.466	84.534	33.004	35.273	50.498	219.457	0.229	1.34	9.338	10.807	41.535	0.255	76.671	21.794	2.484	14.22	33.542	油层	长4+5!1^(2_1)
耿60	2384.000	13.932	86.068	30.176	31.79	47.175	222.373	0.315	1.609	9.99	11.09	42.084	0.268	73.331	21.767	2.464	15.12	31.308	油层	长4+5!1^(2_1)
耿60	2384.125	13.867	86.133	27.183	28.977	45.791	225.962	0.371	1.769	10.325	11.438	43.072	0.288	73.704	21.646	2.461	15.98	28.382	油层	长4+5!1^(2_1)
耿60	2384.250	14.245	85.755	25.594	27.458	44.963	229.171	0.433	1.855	10.638	11.75	43.775	0.305	73.906	21.58	2.463	16.53	26.23	油层	长4+5!1^(2_1)
耿60	2384.375	14.715	85.285	24.329	26.168	44.024	231.061	0.447	1.883	10.701	11.933	44.4	0.318	75.195	21.653	2.471	17.13	24.836	油层	长4+5!1^(2_1)
耿60	2384.500	15.176	84.824	24.184	26.035	42.541	232.272	0.457	1.949	10.745	12.05	44.562	0.324	75.988	21.763	2.481	17.57	24.242	油层	长4+5!1^(2_1)
耿60	2384.625	15.264	84.736	26.033	28.021	40.594	233.341	0.497	2.204	10.916	12.154	43.336	0.314	75.411	21.8	2.486	17.69	25.293	油层	长4+5!1^(2_1)
耿60	2384.750	15.524	84.476	27.438	30.243	39.364	233.582	0.466	2.426	10.787	12.178	41.959	0.3	76.896	21.8	2.481	17.95	26.875	油层	长4+5!1^(2_1)
耿60	2384.875	15.894	84.106	27.047	30.072	38.232	232.03	0.401	2.394	10.481	12.027	42.14	0.297	78.275	21.779	2.47	17.69	27.204	油层	长4+5!1^(2_1)
耿60	2385.000	15.88	84.12	28.414	32.038	38.127	230.003	0.364	2.336	10.282	11.83	42.222	0.292	78.165	21.755	2.455	17.09	27.867	油层	长4+5!1^(2_1)
耿60	2385.125	15.691	84.309	30.119	34.904	37.077	228.254	0.333	2.378	10.103	11.661	41.587	0.281	78.128	21.738	2.454	16.65	29.437	油层	长4+5!1^(2_1)
耿60	2385.250	15.662	84.338	32.805	36.066	35.253	226.586	0.297	2.498	9.866	11.499	40.544	0.265	78.735	21.691	2.47	16.44	31.73	油层	长4+5!1^(2_1)
耿60	2385.375	15.98	84.02	30.406	32.507	34.517	226.059	0.27	2.496	9.678	11.448	40.929	0.268	80.015	21.578	2.493	16.21	31.367	油层	长4+5!1^(2_1)
耿60	2385.500	17.763	82.237	28.149	28.899	34.722	227.346	0.208	2.327	9.146	11.573	42.138	0.284	86.422	21.724	2.524	16.41	29.053	干层	长4+5!1^(2_1)
耿60	2385.625	19.51	80.49	27.214	27.351	33.954	228.029	0.186	2.183	8.916	11.639	43.019	0.295	89.318	21.744	2.526	16.9	27.588	干层	长4+5!1^(2_1)
耿60	2385.750	20.554	79.446	26.314	27.02	32.998	228.153	0.167	2.12	8.694	11.651	43.711	0.303	91.577	21.744	2.511	17.54	26.675	干层	长4+5!1^(2_1)
耿60	2385.875	21.347	78.653	26.226	27.304	31.981	229.322	0.167	2.178	8.697	11.764	43.693	0.307	92.717	21.744	2.498	18.14	26.261	干层	长4+5!1^(2_1)
耿60	2386.000	21.674	78.326	25.999	26.529	30.936	230.265	0.174	2.27	8.783	11.856	43.549	0.308	92.834	21.744	2.5	18.31	26.09	干层	长4+5!1^(2_1)
耿60	2386.125	22.149	77.851	26.026	26.043	30.013	230.107	0.157	2.289	8.577	11.84	43.659	0.309	94.657	21.744	2.513	17.37	26.016	干层	长4+5!1^(2_1)
耿60	2386.250	22.824	77.176	25.971	25.162	28.888	230.103	0.147	2.314	8.435	11.84	43.679	0.309	96.014	21.744	2.526	17.12	25.993	干层	长4+5!1^(2_1)
耿60	2386.375	24.16	75.84	26.414	25.75	27.996	230.426	0.122	2.335	8.064	11.871	43.38	0.307	99.909	21.746	2.525	16.76	26.237	干层	长4+5!1^(2_1)
耿60	2386.500	25.129	74.871	26.114	26.402	27.092	230.735	0.119	2.355	8.013	11.901	43.289	0.307	100.711	21.742	2.511	16.67	26.234	干层	长4+5!1^(2_1)
耿60	2386.625	24.366	75.634	26.194	26.504	26.118	230.629	0.14	2.46	8.341	11.891	43.379	0.308	97.447	21.73	2.49	16.56	26.162	干层	长4+5!1^(2_1)
耿60	2386.750	22.255	77.745	26.381	26.762	25.172	230.342	0.184	2.674	8.897	11.863	43.346	0.306	91.816	21.714	2.472	15.94	26.306	干层	长4+5!1^(2_1)
耿60	2386.875	18.753	81.247	26.966	27.569	24.454	230.406	0.316	3.096	9.997	11.869	42.983	0.302	81.31	21.682	2.466	15.83	26.732	干层	长4+5!1^(2_1)
耿60	2387.000	16.206	83.794	26.924	28.024	24.238	230.374	0.385	3.405	10.397	11.866	42.823	0.3	77.431	21.587	2.466	15.15	26.941	干层	长4+5!1^(2_1)
耿60	2387.125	16.004	83.996	26.821	27.767	24.222	230.04	0.344	3.395	10.17	11.834	42.985	0.3	79.277	21.532	2.476	15.24	26.862	干层	长4+5!1^(2_1)
耿60	2387.250	17.354	82.646	25.741	26.708	24.551	229.684	0.263	3.129	9.623	11.799	43.661	0.307	84.181	21.575	2.494	15.46	26.173	干层	长4+5!1^(2_1)
耿60	2387.375	19.4	80.6	24.601	25.837	25.063	228.697	0.186	2.717	8.912	11.704	44.935	0.317	90.024	21.686	2.517	15.57	25.058	干层	长4+5!1^(2_1)
耿60	2387.500	21.763	78.237	25.669	27.119	25.065	227.047	0.124	2.42	8.088	11.544	45.29	0.316	96.293	21.718	2.535	16.4	25.241	干层	长4+5!1^(2_1)
耿60	2387.625	22.788	77.212	26.925	28.675	25.27	225.85	0.114	2.355	7.929	11.427	44.647	0.306	96.625	21.72	2.545	16.34	26.422	干层	长4+5!1^(2_1)
耿60	2387.750	23.195	76.805	27.853	29.623	25.679	225.525	0.105	2.36	7.744	11.396	43.877	0.297	98.071	21.719	2.542	16.05	27.481	干层	长4+5!1^(2_1)
耿60	2387.875	23.353	76.647	28.459	30.777	25.934	224.958	0.102	2.338	7.698	11.341	43.476	0.291	97.946	21.718	2.536	15.54	28.216	干层	长4+5!1^(2_1)
耿60	2388.000	23.136	76.864	29.078	31.637	26.091	224.155	0.1	2.322	7.654	11.263	43.262	0.287	97.563	21.719	2.53	15.2	28.83	干层	长4+5!1^(2_1)
耿60	2388.125	23.454	76.546	29.758	32.033	26.34	224.274	0.094	2.332	7.523	11.275	42.742	0.282	98.95	21.718	2.525	15.46	29.486	干层	长4+5!1^(2_1)
耿60	2388.250	23.775	76.225	30.343	32.078	26.545	225.626	0.102	2.418	7.696	11.406	41.888	0.278	98.636	21.718	2.526	16.04	30.109	干层	长4+5!1^(2_1)
耿60	2388.375	23.786	76.214	29.994	31.438	26.563	227.053	0.112	2.508	7.883	11.544	41.443	0.277	98.272	21.722	2.528	16.51	30.134	干层	长4+5!1^(2_1)
耿60	2388.500	23.57	76.43	29.54	30.25	26.241	228.37	0.127	2.608	8.137	11.672	41.344	0.28	97.144	21.69	2.523	16.67	29.722	干层	长4+5!1^(2_1)
耿60	2388.625	23.34	76.66	29.221	29.5	25.706	229.724	0.141	2.737	8.349	11.803	41.215	0.282	96.461	21.662	2.513	16.72	29.348	干层	长4+5!1^(2_1)
耿60	2388.750	23.357	76.643	28.358	28.198	25.157	230.737	0.148	2.813	8.446	11.902	41.386	0.287	96.545	21.653	2.502	16.8	28.704	干层	长4+5!1^(2_1)
耿60	2388.875	23.373	76.627	28.565	28.042	24.798	231.285	0.154	2.876	8.528	11.955	41.389	0.289	96.31	21.641	2.494	16.92	28.482	干层	长4+5!1^(2_1)
耿60	2389.000	22.632	77.368	28.372	28.765	24.439	231.454	0.178	2.982	8.828	11.971	41.365	0.289	93.589	21.623	2.484	16.62	28.449	干层	长4+5!1^(2_1)
耿60	2389.125	20.936	79.064	26.441	26.4	24.207	231.056	0.221	3.021	9.269	11.932	42.429	0.298	88.959	21.539	2.478	16.41	27.214	干层	长4+5!1^(2_1)
耿60	2389.250	18.68	81.32	28.629	27.807	24.094	229.754	0.275	3.191	9.716	11.806	42.394	0.293	83.356	21.445	2.477	16.25	27.753	油层	长4+5!1^(2_1)
耿60	2389.375	16.694	83.306	27.97	28.214	24.18	228.184	0.314	3.293	9.986	11.654	42.478	0.29	79.19	21.389	2.485	15.93	28.234	油层	长4+5!1^(2_1)
耿60	2389.500	15.759	84.241	24.983	26.112	24.504	227.293	0.317	3.07	9.999	11.568	44.441	0.306	78.166	21.404	2.506	15.42	26.179	油层	长4+5!1^(2_1)
耿60	2389.625	15.657	84.343	23.355	25.44	24.914	227.462	0.317	2.817	10.002	11.584	46.314	0.327	78.311	21.492	2.532	15.57	24.007	油层	长4+5!1^(2_1)
耿60	2389.750	16.105	83.895	25.443	27.927	24.889	228.463	0.309	2.924	9.948	11.681	45.442	0.321	79.826	21.603	2.545	15.72	24.607	油层	长4+5!1^(2_1)
耿60	2389.875	15.992	84.008	26.045	28.813	24.652	229.499	0.36	3.19	10.262	11.782	44.025	0.309	77.853	21.639	2.537	16.05	25.804	油层	长4+5!1^(2_1)
耿60	2390.000	15.316	84.684	26.119	27.333	24.059	230.257	0.417	3.417	10.562	11.855	43.552	0.307	75.728	21.639	2.517	15.97	26.09	油层	长4+5!1^(2_1)
耿60	2390.125	14.79	85.21	27.038	28.063	23.335	230.813	0.458	3.682	10.753	11.909	42.916	0.302	74.446	21.623	2.498	15.71	26.67	油层	长4+5!1^(2_1)
耿60	2390.250	14.26	85.74	29.562	28.966	22.983	231.343	0.519	4.105	11.006	11.96	41.353	0.286	72.542	21.578	2.49	16.16	28.551	油层	长4+5!1^(2_1)
耿60	2390.375	14.252	85.748	32.786	30.628	22.727	231.994	0.511	4.545	10.975	12.024	39.209	0.266	73.498	21.488	2.47	16.51	31.495	油层	长4+5!1^(2_1)
耿60	2390.500	14.254	85.746	33.132	31.317	22.122	232.423	0.545	4.825	11.104	12.065	38.158	0.257	72.683	21.472	2.458	16.62	32.994	油层	长4+5!1^(2_1)
耿60	2390.625	13.879	86.121	31.275	31.564	21.682	232.887	0.601	4.936	11.306	12.11	38.623	0.263	71.211	21.471	2.455	16.56	32.018	油层	长4+5!1^(2_1)
耿60	2390.750	13.106	86.894	29.955	31.645	21.542	232.338	0.668	4.872	11.52	12.057	39.73	0.272	68.603	21.473	2.459	16.38	30.483	油层	长4+5!1^(2_1)
耿60	2390.875	11.892	88.108	29.538	31.519	21.703	230.502	0.734	4.735	11.711	11.879	40.75	0.278	64.928	21.485	2.466	16.01	29.705	油层	长4+5!1^(2_1)
耿60	2391.000	10.695	89.305	28.229	32.0	22.113	227.221	0.704	4.32	11.627	11.561	42.399	0.284	62.448	21.532	2.468	15.23	28.753	油层	长4+5!1^(2_1)
耿60	2391.125	9.805	90.195	28.583	32.361	22.971	221.392	0.542	3.596	11.095	10.995	44.478	0.287	61.722	21.554	2.475	12.9	28.441	油层	长4+5!1^(2_1)
耿60	2391.250	9.483	90.517	29.294	31.902	23.766	217.804	0.446	3.191	10.697	10.647	45.225	0.283	61.953	21.576	2.504	10.92	29.009	油层	长4+5!1^(2_1)
耿60	2391.375	9.298	90.702	29.527	31.953	24.152	216.794	0.441	3.095	10.672	10.549	45.248	0.28	61.18	21.639	2.534	9.92	29.434	油层	长4+5!1^(2_1)
耿60	2391.500	8.866	91.134	29.631	32.424	24.702	215.915	0.457	3.024	10.747	10.464	45.439	0.279	59.584	21.708	2.55	10.71	29.59	油层	长4+5!1^(2_1)
耿60	2391.625	8.547	91.453	29.367	32.222	26.246	215.607	0.465	2.919	10.784	10.434	45.638	0.28	58.922	21.718	2.54	13.67	29.473	油层	长4+5!1^(2_1)
耿60	2391.750	8.855	91.145	27.368	30.569	26.861	217.139	0.464	2.829	10.78	10.583	46.147	0.289	60.494	21.722	2.499	15.69	28.168	油层	长4+5!1^(2_1)
耿60	2391.875	9.903	90.097	25.491	28.517	27.162	221.767	0.508	2.933	10.961	11.031	46.173	0.305	63.388	21.718	2.471	16.58	26.243	油层	长4+5!1^(2_1)
耿60	2392.000	11.036	88.964	23.754	26.57	27.384	226.807	0.59	3.063	11.266	11.52	46.11	0.321	65.502	21.718	2.46	16.63	24.449	油层	长4+5!1^(2_1)
耿60	2392.125	11.644	88.356	21.238	25.633	27.993	229.721	0.665	2.917	11.51	11.803	47.387	0.345	66.079	21.72	2.458	16.64	22.245	油层	长4+5!1^(2_1)
耿60	2392.250	11.658	88.342	19.064	23.656	29.098	231.118	0.748	2.594	11.75	11.939	49.577	0.374	65.167	21.72	2.459	16.98	19.934	油层	长4+5!1^(2_1)
耿60	2392.375	11.332	88.668	17.223	22.146	30.123	231.982	0.844	2.269	11.995	12.022	51.919	0.404	63.677	21.718	2.463	16.97	17.96	油层	长4+5!1^(2_1)
耿60	2392.500	11.115	88.885	16.026	21.389	30.841	232.623	0.891	2.012	12.107	12.085	53.9	0.43	63.245	21.72	2.461	17.21	16.505	油层	长4+5!1^(2_1)
耿60	2392.625	11.165	88.835	15.398	21.253	31.759	233.093	0.897	1.835	12.119	12.13	55.161	0.448	63.599	21.719	2.454	17.44	15.65	油层	长4+5!1^(2_1)
耿60	2392.750	11.242	88.758	15.559	21.837	33.049	233.796	0.936	1.784	12.206	12.198	55.169	0.451	63.469	21.718	2.449	17.63	15.494	油层	长4+5!1^(2_1)
耿60	2392.875	11.212	88.788	16.254	23.048	34.569	233.905	0.947	1.804	12.229	12.209	54.299	0.441	63.353	21.744	2.446	17.63	15.976	油层	长4+5!1^(2_1)
耿60	2393.000	11.337	88.663	17.589	24.847	36.087	234.039	0.92	1.905	12.172	12.222	52.53	0.42	64.036	21.817	2.442	17.43	17.054	油层	长4+5!1^(2_1)
耿60	2393.125	11.245	88.755	18.664	25.238	37.83	235.231	1.054	2.087	12.449	12.337	50.392	0.399	62.571	21.873	2.448	17.78	18.234	油层	长4+5!1^(2_1)
耿60	2393.250	11.523	88.477	22.225	27.124	39.434	235.685	0.962	2.362	12.262	12.382	47.146	0.362	64.82	21.934	2.46	17.91	20.799	油层	长4+5!1^(2_1)
耿60	2393.375	12.889	87.111	24.295	30.95	41.198	236.101	0.75	2.503	11.755	12.422	44.181	0.331	70.114	22.068	2.476	18.49	23.466	油层	长4+5!1^(2_1)
耿60	2393.500	15.685	84.315	28.139	27.226	43.615	237.397	0.5	2.483	10.931	12.548	41.201	0.302	79.333	22.23	2.49	18.91	26.6	油层	长4+5!1^(2_1)
耿60	2393.625	31.016	68.984	15.896	21.584	46.954	238.056	0.0	0.993	0.0	5.108	75.841	0.0	92.921	22.357	2.501	19.37	20.798	油层	长4+5!1^(2_1)
耿60	2393.750	51.091	48.909	15.077	23.694	51.091	241.602	0.0	0.01	0.0	0.1	99.9	0.0	110.219	22.395	2.506	21.36	15.405		长4+5!1^(2_2)
耿60	2393.875	67.314	32.686	13.448	16.368	54.628	253.416	0.0	0.01	0.0	0.1	99.9	0.0	122.306	22.554	2.314	28.29	14.1		长4+5!1^(2_2)
耿60	2394.000	78.18	21.82	10.914	11.372	56.966	262.302	0.0	0.01	0.0	0.1	99.9	0.0	128.082	22.666	2.236	33.61	11.929		长4+5!1^(2_2)
耿60	2394.125	80.712	19.288	9.622	10.332	58.595	267.25	0.0	0.01	0.0	0.1	99.9	0.0	127.278	23.667	2.192	36.1	10.139		长4+5!1^(2_2)
耿60	2394.250	77.106	22.894	11.325	11.6	59.758	271.207	0.0	0.01	0.0	0.1	99.9	0.0	123.529	25.135	2.207	33.16	10.643		长4+5!1^(2_2)
耿60	2394.375	73.131	26.869	8.233	7.055	60.607	278.635	0.0	0.01	0.0	0.1	99.9	0.0	121.204	26.137	2.302	25.21	9.471		长4+5!1^(2_2)
耿60	2394.500	71.704	28.296	7.875	6.925	61.325	291.163	0.0	0.01	0.0	0.1	99.9	0.0	120.984	26.132	2.339	25.29	8.018		长4+5!1^(2_2)
耿60	2394.625	71.96	28.04	8.991	7.567	62.042	296.444	0.0	0.01	0.0	0.1	99.9	0.0	121.454	25.388	2.346	27.15	8.544		长4+5!1^(2_2)
耿60	2394.750	74.189	25.811	9.473	8.376	63.051	288.06	0.0	0.01	0.0	0.1	99.9	0.0	123.898	23.804	2.365	31.03	9.28		长4+5!1^(2_2)
耿60	2394.875	80.389	19.611	12.138	9.066	64.33	283.214	0.0	0.01	0.0	0.1	99.9	0.0	129.617	22.815	2.372	32.11	11.071		长4+5!1^(2_2)
耿60	2395.000	92.728	7.272	12.266	9.813	65.612	287.026	0.0	0.01	0.0	0.1	99.9	0.0	139.278	22.788	2.373	29.87	12.215		长4+5!1^(2_2)
耿60	2395.125	99.457	0.543	11.52	10.867	66.459	289.895	0.0	0.01	0.0	0.1	99.9	0.0	152.214	22.794	2.409	28.69	11.819		长4+5!1^(2_2)
耿60	2395.250	99.9	0.1	10.877	10.402	66.869	285.518	0.0	0.01	0.0	0.1	99.9	0.0	158.552	22.716	2.435	27.74	11.134		长4+5!1^(2_2)
耿60	2395.375	99.9	0.1	11.586	12.628	67.792	277.129	0.0	0.01	0.0	0.1	99.9	0.0	162.556	22.452	2.45	27.23	11.302		长4+5!1^(2_2)
耿60	2395.500	99.9	0.1	11.598	18.315	68.628	269.173	0.0	0.01	0.0	0.1	99.9	0.0	162.773	22.261	2.475	25.83	11.593		长4+5!1^(2_2)
耿60	2395.625	99.9	0.1	15.826	19.161	69.225	261.476	0.0	0.01	0.0	0.1	99.9	0.0	157.848	22.175	2.505	23.48	14.133		长4+5!1^(2_2)
耿60	2395.750	99.9	0.1	12.745	15.958	69.662	252.532	0.0	0.01	0.0	0.1	99.9	0.0	147.092	22.141	2.534	20.74	13.978		长4+5!1^(2_2)
耿60	2395.875	91.343	8.657	11.745	13.485	70.226	242.935	0.0	0.01	0.0	0.1	99.9	0.0	130.95	22.099	2.566	18.77	12.145		长4+5!1^(2_2)
耿60	2396.000	73.39	26.61	9.102	9.894	69.907	235.891	0.0	0.01	0.0	0.1	99.9	0.0	116.015	22.069	2.569	19.09	10.16		长4+5!1^(2_2)
耿60	2396.125	42.947	57.053	8.822	10.022	69.17	231.846	0.0	0.087	0.0	7.167	84.806	0.0	106.537	22.024	2.556	19.05	8.934		长4+5!1^(2_2)
耿60	2396.250	25.942	74.058	10.793	12.311	68.75	229.12	0.0	0.178	0.0	11.745	71.123	0.0	99.74	21.996	2.535	18.68	10.004		长4+5!1^(2_2)
耿60	2396.375	22.665	77.335	14.968	16.795	68.658	227.85	0.0	0.308	0.0	11.622	62.622	0.0	92.887	21.991	2.514	18.21	13.296		长4+5!1^(2_2)
耿60	2396.500	19.399	80.601	15.236	18.471	68.313	227.819	0.0	0.406	0.0	11.619	58.175	0.0	84.493	21.994	2.495	17.93	15.129		长4+5!1^(2_2)
耿60	2396.625	16.753	83.247	17.095	21.315	67.544	227.69	0.0	0.493	0.0	11.606	56.072	0.0	78.882	21.992	2.483	18.94	16.351		长4+5!1^(2_2)
耿60	2396.750	15.05	84.95	18.522	23.736	67.482	226.519	0.0	0.571	0.0	11.492	53.926	0.0	75.385	21.994	2.492	19.42	17.951		长4+5!1^(2_2)
耿60	2396.875	14.263	85.737	22.194	25.933	67.467	224.377	0.0	0.656	0.0	11.285	51.076	0.0	74.936	22.046	2.506	19.02	20.724		长4+5!1^(2_2)
耿60	2397.000	13.953	86.047	27.313	30.144	67.567	220.184	0.0	0.719	0.0	10.878	47.746	0.0	75.545	22.099	2.528	17.72	25.263		长4+5!1^(2_2)
耿60	2397.125	13.779	86.221	39.823	37.076	67.969	217.766	0.0	0.85	0.0	10.643	41.81	0.0	75.331	22.112	2.559	15.51	34.814		长4+5!1^(2_2)
耿60	2397.250	13.677	86.323	60.303	49.779	68.738	219.285	0.0	0.981	0.0	10.791	33.917	0.0	74.321	22.113	2.588	12.19	52.103		长4+5!1^(2_2)
耿60	2397.375	12.739	87.261	49.029	60.826	69.204	219.81	0.0	1.047	0.0	10.842	32.916	0.0	70.057	22.117	2.61	12.81	53.543		长4+5!1^(2_2)
耿60	2397.500	11.127	88.873	46.009	61.939	69.744	215.354	0.0	0.965	0.0	10.409	36.182	0.0	66.43	22.116	2.584	14.99	47.218		长4+5!1^(2_2)
耿60	2397.625	10.927	89.073	41.34	50.454	70.615	216.31	0.0	0.959	0.0	10.502	37.523	0.0	67.416	22.117	2.546	19.41	43.209		长4+5!1^(2_2)
耿60	2397.750	12.964	87.036	34.078	35.933	71.994	220.577	0.0	0.916	0.0	10.916	39.334	0.0	75.35	22.121	2.513	23.26	36.985		长4+5!1^(2_2)
耿60	2397.875	17.657	82.343	28.472	32.322	73.803	223.51	0.0	0.732	0.0	11.201	42.217	0.0	90.302	22.133	2.497	22.6	30.716		长4+5!1^(2_2)
耿60	2398.000	40.944	59.056	15.126	17.635	74.879	227.954	0.0	0.265	0.0	4.589	77.267	0.0	107.252	22.185	2.555	19.47	20.469		长4+5!1^(2_2)
耿60	2398.125	62.622	37.378	15.142	14.988	75.319	233.459	0.0	0.01	0.0	0.1	99.9	0.0	118.044	22.399	2.607	17.23	15.135		长4+5!1^(2_2)
耿60	2398.250	71.967	28.033	19.816	20.128	75.54	234.37	0.0	0.01	0.0	0.1	99.9	0.0	123.355	22.502	2.641	16.32	17.944		长4+5!1^(2_2)
耿60	2398.375	75.905	24.095	16.978	17.114	75.786	229.616	0.0	0.01	0.0	0.1	99.9	0.0	124.733	22.547	2.656	16.45	18.114		长4+5!1^(2_2)
耿60	2398.500	76.079	23.921	16.162	15.742	76.122	226.18	0.0	0.01	0.0	0.1	99.9	0.0	124.027	22.595	2.658	16.89	16.489		长4+5!1^(2_2)
耿60	2398.625	74.752	25.248	14.861	15.635	76.377	225.912	0.0	0.01	0.0	0.1	99.9	0.0	122.882	22.618	2.655	16.63	15.382		长4+5!1^(2_2)
耿60	2398.750	70.438	29.562	14.167	15.026	76.582	223.874	0.0	0.01	0.0	0.1	99.9	0.0	118.204	22.637	2.652	16.97	14.445		长4+5!1^(2_2)
耿60	2398.875	65.602	34.398	12.352	14.125	76.584	223.41	0.0	0.01	0.0	0.1	99.9	0.0	115.042	22.656	2.652	16.44	13.079		长4+5!1^(2_2)
耿60	2399.000	61.931	38.069	12.369	14.665	76.504	223.488	0.0	0.01	0.0	0.1	99.9	0.0	112.154	22.685	2.649	15.88	12.362		长4+5!1^(2_2)
耿60	2399.125	58.922	41.078	12.962	15.675	76.419	223.257	0.0	0.01	0.0	0.1	99.9	0.0	109.843	22.721	2.646	15.68	12.724		长4+5!1^(2_2)
耿60	2399.250	57.163	42.837	13.926	15.955	76.341	224.353	0.0	0.01	0.0	0.1	99.9	0.0	108.851	22.755	2.646	15.93	13.54		长4+5!1^(2_2)
耿60	2399.375	56.454	43.546	14.043	16.312	76.084	226.411	0.0	0.01	0.0	0.1	99.9	0.0	108.474	22.792	2.632	16.7	13.996		长4+5!1^(2_2)
耿60	2399.500	57.896	42.104	14.085	16.063	76.203	228.742	0.0	0.01	0.0	0.1	99.9	0.0	110.82	22.801	2.629	18.51	14.068		长4+5!1^(2_2)
耿60	2399.625	59.875	40.125	13.824	15.455	76.643	231.686	0.0	0.01	0.0	0.1	99.9	0.0	112.103	22.798	2.635	19.48	13.929		长4+5!1^(2_2)
耿60	2399.750	61.686	38.314	12.934	14.193	76.962	235.114	0.0	0.01	0.0	0.1	99.9	0.0	113.79	22.796	2.64	20.02	13.291		长4+5!1^(2_2)
耿60	2399.875	64.392	35.608	14.111	15.136	76.947	238.446	0.0	0.01	0.0	0.1	99.9	0.0	116.37	22.798	2.634	20.59	13.64		长4+5!1^(2_2)
耿60	2400.000	67.239	32.761	13.438	14.884	76.76	241.692	0.0	0.01	0.0	0.1	99.9	0.0	118.453	22.796	2.6	21.34	13.708		长4+5!1^(2_2)
耿60	2400.125	70.389	29.611	15.663	16.377	77.016	244.51	0.0	0.01	0.0	0.1	99.9	0.0	121.136	22.798	2.579	21.15	14.772		长4+5!1^(2_2)
耿60	2400.250	70.622	29.378	15.865	16.597	77.482	243.847	0.0	0.01	0.0	0.1	99.9	0.0	119.654	22.8	2.572	20.31	15.784		长4+5!1^(2_2)
耿60	2400.375	68.374	31.626	13.33	14.148	77.226	243.617	0.0	0.01	0.0	0.1	99.9	0.0	117.748	22.798	2.593	19.09	14.345		长4+5!1^(2_2)
耿60	2400.500	66.155	33.845	12.03	13.649	76.652	241.417	0.0	0.01	0.0	0.1	99.9	0.0	116.104	22.795	2.62	18.03	12.55		长4+5!1^(2_2)
耿60	2400.625	64.365	35.635	13.225	15.635	76.471	236.661	0.0	0.01	0.0	0.1	99.9	0.0	114.801	22.797	2.626	17.2	12.746		长4+5!1^(2_2)
耿60	2400.750	64.49	35.51	14.896	16.963	76.676	233.971	0.0	0.01	0.0	0.1	99.9	0.0	115.842	22.799	2.622	15.08	14.227		长4+5!1^(2_2)
耿60	2400.875	59.509	40.491	17.038	18.335	76.881	234.731	0.0	0.01	0.0	0.1	99.9	0.0	108.082	22.798	2.602	14.04	16.18		长4+5!1^(2_2)
耿60	2401.000	51.582	48.418	22.178	21.419	76.53	238.228	0.0	0.01	0.0	0.1	99.9	0.0	101.496	22.799	2.582	15.05	20.12		长4+5!1^(2_2)
耿60	2401.125	46.388	53.612	25.175	23.008	75.707	243.234	0.0	0.01	0.0	0.1	99.9	0.0	97.612	22.797	2.553	18.01	23.975		长4+5!1^(2_2)
耿60	2401.250	45.69	54.31	24.905	23.294	74.952	247.235	0.0	0.01	0.0	0.1	99.9	0.0	99.075	22.795	2.52	21.58	25.013		长4+5!1^(2_2)
耿60	2401.375	52.625	47.375	25.444	25.424	75.017	249.494	0.0	0.01	0.0	0.1	99.9	0.0	108.989	22.798	2.495	23.49	25.228		长4+5!1^(2_3)
耿60	2401.500	64.948	35.052	20.839	22.617	75.273	251.165	0.0	0.01	0.0	0.1	99.9	0.0	120.038	22.798	2.494	21.12	22.683		长4+5!1^(2_3)
耿60	2401.625	74.306	25.694	16.063	17.267	75.486	252.04	0.0	0.01	0.0	0.1	99.9	0.0	124.941	22.796	2.515	18.68	17.975		长4+5!1^(2_3)
耿60	2401.750	76.347	23.653	12.842	14.924	75.627	248.258	0.0	0.01	0.0	0.1	99.9	0.0	124.213	22.797	2.546	16.68	14.131		长4+5!1^(2_3)
耿60	2401.875	72.347	27.653	10.732	12.091	75.52	240.895	0.0	0.01	0.0	0.1	99.9	0.0	119.733	22.798	2.574	15.66	11.577		长4+5!1^(2_3)
耿60	2402.000	65.166	34.834	10.278	11.076	75.081	235.425	0.0	0.01	0.0	0.1	99.9	0.0	113.359	22.798	2.592	15.69	10.46		长4+5!1^(2_3)
耿60	2402.125	56.584	43.416	11.47	12.336	74.517	232.99	0.0	0.01	0.0	0.1	99.9	0.0	105.498	22.795	2.595	15.78	10.993		长4+5!1^(2_3)
耿60	2402.250	51.887	48.113	13.186	14.161	74.5	229.855	0.0	0.01	0.0	0.1	99.9	0.0	103.797	22.798	2.594	17.69	12.499		长4+5!1^(2_3)
耿60	2402.375	52.549	47.451	12.964	13.785	75.0	229.868	0.0	0.01	0.0	0.1	99.9	0.0	105.952	22.798	2.593	18.75	13.053		长4+5!1^(2_3)
耿60	2402.500	57.722	42.278	13.145	13.876	75.585	233.896	0.0	0.01	0.0	0.1	99.9	0.0	112.168	22.8	2.599	19.5	13.073		长4+5!1^(2_3)
耿60	2402.625	66.949	33.051	12.202	12.77	75.953	239.79	0.0	0.01	0.0	0.1	99.9	0.0	120.705	22.803	2.611	19.9	12.58		长4+5!1^(2_3)
耿60	2402.750	77.678	22.322	12.544	13.304	76.005	245.57	0.0	0.01	0.0	0.1	99.9	0.0	128.487	22.804	2.616	19.66	12.407		长4+5!1^(2_3)
耿60	2402.875	85.955	14.045	13.183	13.839	76.056	248.86	0.0	0.01	0.0	0.1	99.9	0.0	132.909	22.799	2.621	20.36	12.927		长4+5!1^(2_3)
耿60	2403.000	91.884	8.116	12.887	13.189	76.331	249.999	0.0	0.01	0.0	0.1	99.9	0.0	136.394	22.797	2.618	21.15	13.005		长4+5!1^(2_3)
耿60	2403.125	94.787	5.213	12.322	13.04	76.505	247.9	0.0	0.01	0.0	0.1	99.9	0.0	137.13	22.798	2.617	21.01	12.548		长4+5!1^(2_3)
耿60	2403.250	94.132	5.868	12.312	13.391	76.317	244.296	0.0	0.01	0.0	0.1	99.9	0.0	135.957	22.799	2.615	19.96	12.316		长4+5!1^(2_3)
耿60	2403.375	90.276	9.724	14.286	15.834	75.786	239.052	0.0	0.01	0.0	0.1	99.9	0.0	132.651	22.799	2.612	18.15	13.495		长4+5!1^(2_3)
耿60	2403.500	80.753	19.247	16.019	17.526	75.376	232.34	0.0	0.01	0.0	0.1	99.9	0.0	124.091	22.801	2.622	15.52	15.325		长4+5!1^(2_3)
耿60	2403.625	68.974	31.026	18.251	20.428	74.966	228.038	0.0	0.01	0.0	0.1	99.9	0.0	115.38	22.799	2.622	14.19	17.357		长4+5!1^(2_3)
耿60	2403.750	58.663	41.337	18.321	20.603	74.795	226.383	0.0	0.01	0.0	0.1	99.9	0.0	107.16	22.798	2.631	14.03	18.293		长4+5!1^(2_3)
耿60	2403.875	54.558	45.442	19.643	21.957	74.721	225.744	0.0	0.01	0.0	0.1	99.9	0.0	106.778	22.798	2.645	15.26	19.114		长4+5!1^(2_3)
耿60	2404.000	59.795	40.205	18.456	21.257	74.792	226.154	0.0	0.01	0.0	0.1	99.9	0.0	114.543	22.798	2.66	17.4	18.931		长4+5!1^(2_3)
耿60	2404.125	72.35	27.65	16.501	18.641	75.087	226.953	0.0	0.01	0.0	0.1	99.9	0.0	125.921	22.801	2.669	19.3	17.284		长4+5!1^(2_3)
耿60	2404.250	85.875	14.125	15.552	16.646	75.292	227.271	0.0	0.01	0.0	0.1	99.9	0.0	134.403	22.82	2.663	18.36	15.932		长4+5!1^(2_3)
耿60	2404.375	88.529	11.471	15.576	16.177	75.405	227.958	0.0	0.01	0.0	0.1	99.9	0.0	131.816	22.821	2.642	15.91	15.567		长4+5!1^(2_3)
耿60	2404.500	77.395	22.605	15.413	17.243	75.228	232.946	0.0	0.01	0.0	0.1	99.9	0.0	120.559	22.821	2.614	14.94	15.478		长4+5!1^(2_3)
耿60	2404.625	61.851	38.149	15.582	17.034	74.897	240.071	0.0	0.01	0.0	0.1	99.9	0.0	107.978	22.831	2.581	15.93	15.514		长4+5!1^(2_3)
耿60	2404.750	50.793	49.207	15.558	17.371	74.675	245.706	0.0	0.01	0.0	0.1	99.9	0.0	100.289	22.847	2.546	18.98	15.567		长4+5!1^(2_3)
耿60	2404.875	47.501	52.499	15.288	16.244	74.872	251.88	0.0	0.01	0.0	0.1	99.9	0.0	100.291	22.848	2.509	24.18	15.396		长4+5!1^(2_3)
耿60	2405.000	54.817	45.183	13.928	14.885	74.77	261.65	0.0	0.01	0.0	0.1	99.9	0.0	111.444	22.851	2.456	29.49	14.472		长4+5!1^(2_3)
耿60	2405.125	70.032	29.968	15.431	16.316	75.121	267.919	0.0	0.01	0.0	0.1	99.9	0.0	124.926	22.878	2.369	35.56	14.829		长4+5!1^(2_3)
耿60	2405.250	88.802	11.198	17.171	18.229	75.613	283.853	0.0	0.01	0.0	0.1	99.9	0.0	138.029	22.919	2.286	38.67	16.474		长4+5!1^(2_3)
耿60	2405.375	98.63	1.37	14.365	14.933	75.919	284.332	0.0	0.01	0.0	0.1	99.9	0.0	149.661	23.01	2.234	36.3	15.489		长4+5!1^(2_3)
耿60	2405.500	99.9	0.1	10.706	11.717	75.837	260.259	0.0	0.01	0.0	0.1	99.9	0.0	158.441	23.222	2.237	28.26	12.171		长4+5!1^(2_3)
耿60	2405.625	99.9	0.1	8.935	11.658	75.581	236.535	0.0	0.01	0.0	0.1	99.9	0.0	158.735	23.692	2.331	20.2	9.644		长4+5!1^(2_3)
耿60	2405.750	99.9	0.1	14.82	17.466	75.277	226.927	0.0	0.01	0.0	0.1	99.9	0.0	143.7	23.209	2.444	15.88	12.464		长4+5!1^(2_3)
耿60	2405.875	84.546	15.454	18.385	20.246	74.715	223.848	0.0	0.01	0.0	0.1	99.9	0.0	123.005	22.998	2.54	14.15	16.958		长4+5!1^(2_3)
耿60	2406.000	59.316	40.684	22.816	25.472	74.174	221.027	0.0	0.01	0.0	0.1	99.9	0.0	102.051	22.964	2.587	14.57	21.042		长4+5!1^(2_3)
耿60	2406.125	40.49	59.51	26.961	31.578	74.027	220.078	0.0	0.01	0.0	0.1	99.9	0.0	86.491	22.966	2.586	15.83	25.301		长4+5!1^(2_3)
耿60	2406.250	32.056	67.944	32.502	29.696	74.505	221.034	0.0	0.01	0.0	0.1	99.9	0.0	81.378	22.963	2.565	15.97	30.283		长4+5!1^(2_3)
耿60	2406.375	30.815	69.185	28.102	30.604	73.377	222.441	0.0	0.01	0.0	0.1	99.9	0.0	82.321	22.967	2.554	16.02	29.864		长4+5!1^(2_3)
耿60	2406.500	31.565	68.435	24.881	30.379	72.932	223.938	0.0	0.01	0.0	0.1	99.9	0.0	83.23	23.004	2.552	16.18	26.17		长4+5!1^(2_3)
耿60	2406.625	32.443	67.557	23.16	29.367	73.158	224.119	0.0	0.01	0.0	0.1	99.9	0.0	84.399	23.026	2.559	16.61	23.849		长4+5!1^(2_3)
耿60	2406.750	33.475	66.525	20.755	25.067	73.621	223.491	0.0	0.01	0.0	0.1	99.9	0.0	85.678	23.037	2.573	17.16	21.718		长4+5!1^(2_3)
耿60	2406.875	34.883	65.117	18.966	21.711	73.902	223.489	0.0	0.01	0.0	0.1	99.9	0.0	87.578	23.048	2.589	17.64	19.682		长4+5!1^(2_3)
耿60	2407.000	38.367	61.633	17.185	19.427	74.056	223.906	0.0	0.01	0.0	0.1	99.9	0.0	92.842	23.044	2.602	18.03	17.898		长4+5!1^(2_3)
耿60	2407.125	41.643	58.357	16.854	18.073	74.209	223.541	0.0	0.01	0.0	0.1	99.9	0.0	95.294	23.046	2.605	17.6	16.987		长4+5!1^(2_3)
耿60	2407.250	43.436	56.564	15.352	16.503	74.137	222.99	0.0	0.01	0.0	0.1	99.9	0.0	96.794	23.048	2.608	17.28	15.953		长4+5!1^(2_3)
耿60	2407.375	44.381	55.619	15.279	16.718	74.063	222.814	0.0	0.01	0.0	0.1	99.9	0.0	97.414	23.061	2.606	16.74	15.308		长4+5!1^(2_3)
耿60	2407.500	44.954	55.046	14.414	16.149	73.925	222.742	0.0	0.01	0.0	0.1	99.9	0.0	97.973	23.081	2.598	16.08	14.76		长4+5!1^(2_3)
耿60	2407.625	46.024	53.976	13.043	14.641	73.476	223.066	0.0	0.01	0.0	0.1	99.9	0.0	99.392	23.099	2.589	15.75	13.592		长4+5!1^(2_3)
耿60	2407.750	45.425	54.575	12.856	14.845	73.168	223.615	0.0	0.01	0.0	0.1	99.9	0.0	97.437	23.103	2.579	15.45	12.931		长4+5!1^(2_3)
耿60	2407.875	43.33	56.67	13.199	15.288	72.905	221.906	0.0	0.01	0.0	0.1	99.9	0.0	95.172	23.121	2.573	15.28	13.062		长4+5!2^(1_1)
耿60	2408.000	41.25	58.75	13.698	15.564	72.288	219.162	0.0	0.01	0.0	0.1	99.9	0.0	93.046	23.144	2.574	14.58	13.498		长4+5!2^(1_1)
耿60	2408.125	39.331	60.669	14.565	16.454	71.359	216.095	0.0	0.01	0.0	0.1	99.9	0.0	91.018	23.164	2.579	13.67	14.218		长4+5!2^(1_1)
耿60	2408.250	37.302	62.698	16.239	18.797	70.366	213.588	0.0	0.01	0.0	0.1	99.9	0.0	88.619	23.175	2.582	12.94	15.569		长4+5!2^(1_1)
耿60	2408.375	34.48	65.52	17.901	20.25	69.699	211.85	0.0	0.01	0.0	0.1	99.9	0.0	84.803	23.179	2.582	12.36	17.236		长4+5!2^(1_1)
耿60	2408.500	30.243	69.757	20.028	21.401	68.982	209.011	0.0	0.01	0.0	0.1	99.9	0.0	78.757	23.18	2.582	12.22	19.176		长4+5!2^(1_1)
耿60	2408.625	26.761	73.239	18.287	21.385	68.539	210.794	0.0	0.01	0.0	0.1	99.9	0.0	75.406	23.176	2.584	11.91	18.984		长4+5!2^(1_1)
耿60	2408.750	25.055	74.945	19.707	23.344	68.542	214.421	0.0	0.01	0.0	0.1	99.9	0.0	73.855	23.18	2.58	12.55	19.138		长4+5!2^(1_1)
耿60	2408.875	24.654	75.346	17.87	21.055	68.733	219.191	0.0	0.01	0.0	0.1	99.9	0.0	73.985	23.191	2.566	14.61	18.605		长4+5!2^(1_1)
耿60	2409.000	25.817	74.183	17.288	19.574	68.779	224.665	0.0	0.01	0.0	0.1	99.9	0.0	76.509	23.203	2.548	17.87	17.521		长4+5!2^(1_1)
耿60	2409.125	30.004	69.996	15.606	19.092	69.651	227.719	0.0	0.01	0.0	0.1	99.9	0.0	83.759	23.219	2.536	21.02	16.279		长4+5!2^(1_1)
耿60	2409.250	36.858	63.142	14.454	17.936	70.841	232.077	0.0	0.01	0.0	0.1	99.9	0.0	92.456	23.245	2.541	20.11	14.915		长4+5!2^(1_1)
耿60	2409.375	44.829	55.171	13.271	16.905	71.455	237.011	0.0	0.01	0.0	0.1	99.9	0.0	100.895	23.3	2.555	19.31	13.745		长4+5!2^(1_1)
耿60	2409.500	50.799	49.201	13.313	16.097	71.947	239.438	0.0	0.01	0.0	0.1	99.9	0.0	105.133	23.35	2.556	19.19	13.296		长4+5!2^(1_1)
耿60	2409.625	52.184	47.816	14.008	15.561	72.688	238.652	0.0	0.01	0.0	0.1	99.9	0.0	104.508	23.371	2.536	19.4	13.729		长4+5!2^(1_1)
耿60	2409.750	51.585	48.415	12.739	14.235	73.503	235.841	0.0	0.01	0.0	0.1	99.9	0.0	103.996	23.358	2.516	19.15	13.247		长4+5!2^(1_1)
耿60	2409.875	49.706	50.294	11.715	12.253	73.862	233.306	0.0	0.01	0.0	0.1	99.9	0.0	101.359	23.361	2.536	17.95	12.125		长4+5!2^(1_1)
耿60	2410.000	47.625	52.375	13.282	12.948	74.1	229.744	0.0	0.01	0.0	0.1	99.9	0.0	99.773	23.327	2.569	15.77	12.655		长4+5!2^(1_1)
耿60	2410.125	46.256	53.744	13.867	14.181	74.51	226.745	0.0	0.01	0.0	0.1	99.9	0.0	98.578	23.296	2.608	13.97	13.633		长4+5!2^(1_1)
耿60	2410.250	44.588	55.412	13.222	15.113	75.091	223.774	0.0	0.01	0.0	0.1	99.9	0.0	96.567	23.281	2.635	13.07	13.48		长4+5!2^(1_1)
耿60	2410.375	41.635	58.365	14.571	16.881	75.605	220.222	0.0	0.01	0.0	0.1	99.9	0.0	92.771	23.279	2.634	12.99	14.031		长4+5!2^(1_1)
耿60	2410.500	37.698	62.302	15.576	19.139	75.451	217.989	0.0	0.01	0.0	0.1	99.9	0.0	88.149	23.282	2.618	13.39	15.174		长4+5!2^(1_1)
耿60	2410.625	33.111	66.889	15.589	20.126	75.344	218.291	0.0	0.01	0.0	0.1	99.9	0.0	82.369	23.282	2.608	13.96	15.584		长4+5!2^(1_1)
耿60	2410.750	29.677	70.323	15.524	20.812	75.455	220.053	0.0	0.01	0.0	0.1	99.9	0.0	79.267	23.282	2.601	14.56	15.55		长4+5!2^(1_1)
耿60	2410.875	29.249	70.751	15.378	21.76	75.879	223.951	0.0	0.01	0.0	0.1	99.9	0.0	80.459	23.283	2.604	15.07	15.437		长4+5!2^(1_1)
耿60	2411.000	31.707	68.293	13.341	19.915	76.519	229.205	0.0	0.01	0.0	0.1	99.9	0.0	84.718	23.283	2.614	15.61	14.157		长4+5!2^(1_1)
耿60	2411.125	34.874	65.126	13.278	18.002	77.059	233.341	0.0	0.01	0.0	0.1	99.9	0.0	88.181	23.281	2.613	16.57	13.303		长4+5!2^(1_1)
耿60	2411.250	39.884	60.116	12.321	16.122	76.956	235.541	0.0	0.01	0.0	0.1	99.9	0.0	95.157	23.281	2.621	17.25	12.704		长4+5!2^(1_1)
耿60	2411.375	45.649	54.351	12.708	16.541	76.979	238.897	0.0	0.01	0.0	0.1	99.9	0.0	100.576	23.282	2.616	18.06	12.553		长4+5!2^(1_1)
耿60	2411.500	52.193	47.807	13.461	16.506	77.399	243.587	0.0	0.01	0.0	0.1	99.9	0.0	107.448	23.282	2.612	18.41	13.16		长4+5!2^(1_1)
耿60	2411.625	59.954	40.046	12.121	15.631	77.988	247.22	0.0	0.01	0.0	0.1	99.9	0.0	114.352	23.283	2.611	18.35	12.658		长4+5!2^(1_1)
耿60	2411.750	66.996	33.004	12.628	16.203	78.35	250.087	0.0	0.01	0.0	0.1	99.9	0.0	119.426	23.283	2.612	18.52	12.425		长4+5!2^(1_1)
耿60	2411.875	74.016	25.984	12.735	17.548	78.197	252.546	0.0	0.01	0.0	0.1	99.9	0.0	124.976	23.279	2.606	20.51	12.692		长4+5!2^(1_1)
耿60	2412.000	78.302	21.698	14.502	19.294	78.573	253.7	0.0	0.01	0.0	0.1	99.9	0.0	126.522	23.28	2.558	26.73	13.794		长4+5!2^(1_1)
耿60	2412.125	79.621	20.379	17.752	21.847	78.983	266.757	0.0	0.01	0.0	0.1	99.9	0.0	127.05	23.281	2.45	34.91	16.451		长4+5!2^(1_1)
耿60	2412.250	79.355	20.645	18.815	20.966	79.316	279.255	0.0	0.01	0.0	0.1	99.9	0.0	126.385	23.281	2.348	38.71	18.39		长4+5!2^(1_1)
耿60	2412.375	76.817	23.183	8.578	8.644	79.558	280.885	0.0	0.01	0.0	0.1	99.9	0.0	123.798	23.363	2.294	35.28	12.677		长4+5!2^(1_1)
耿60	2412.500	71.388	28.612	6.094	6.374	79.766	278.482	0.0	0.01	0.0	0.1	99.9	0.0	118.79	23.658	2.293	26.44	7.088		长4+5!2^(1_1)
耿60	2412.625	67.129	32.871	8.573	8.685	80.023	276.903	0.0	0.01	0.0	0.1	99.9	0.0	116.693	24.078	2.405	20.65	7.58		长4+5!2^(1_1)
耿60	2412.750	62.781	37.219	13.867	12.94	80.366	274.79	0.0	0.01	0.0	0.1	99.9	0.0	112.198	24.032	2.5	19.94	11.747		长4+5!2^(1_1)
耿60	2412.875	59.755	40.245	17.099	12.7	80.789	271.963	0.0	0.01	0.0	0.1	99.9	0.0	111.013	23.633	2.546	21.28	15.805		长4+5!2^(1_1)
耿60	2413.000	59.27	40.73	16.956	13.796	81.0	269.307	0.0	0.01	0.0	0.1	99.9	0.0	111.118	23.315	2.542	24.27	17.013		长4+5!2^(1_1)
耿60	2413.125	58.643	41.357	12.466	12.615	80.827	268.07	0.0	0.01	0.0	0.1	99.9	0.0	110.145	23.345	2.507	28.69	14.263		长4+5!2^(1_1)
耿60	2413.250	58.481	41.519	10.059	11.297	80.571	268.715	0.0	0.01	0.0	0.1	99.9	0.0	110.564	23.363	2.472	33.07	11.022		长4+5!2^(1_1)
耿60	2413.375	60.675	39.325	9.533	11.053	80.314	269.041	0.0	0.01	0.0	0.1	99.9	0.0	113.39	23.429	2.446	32.75	9.743		长4+5!2^(1_1)
耿60	2413.500	62.911	37.089	7.866	8.626	79.981	266.299	0.0	0.01	0.0	0.1	99.9	0.0	114.629	23.516	2.412	27.55	8.534		长4+5!2^(1_1)
耿60	2413.625	62.146	37.854	8.415	8.467	79.65	258.704	0.0	0.01	0.0	0.1	99.9	0.0	112.741	23.569	2.431	20.46	8.195		长4+5!2^(1_1)
耿60	2413.750	56.828	43.172	12.319	11.923	79.342	246.631	0.0	0.01	0.0	0.1	99.9	0.0	106.323	23.653	2.498	14.01	10.756		长4+5!2^(1_1)
耿60	2413.875	46.843	53.157	27.917	27.629	79.095	235.529	0.0	0.01	0.0	0.1	99.9	0.0	94.845	23.773	2.566	9.94	21.672		长4+5!2^(1_1)
耿60	2414.000	35.732	64.268	42.157	37.862	79.454	230.189	0.0	0.01	0.0	0.1	99.9	0.0	82.731	22.786	2.623	9.55	36.455		长4+5!2^(1_1)
耿60	2414.125	29.465	70.535	50.12	26.497	79.545	225.703	0.0	0.01	0.0	0.1	99.9	0.0	78.561	22.487	2.655	11.61	46.931		长4+5!2^(1_1)
耿60	2414.250	28.48	71.521	26.143	18.253	79.83	221.712	0.0	0.01	0.0	0.1	99.9	0.0	79.295	22.418	2.656	14.44	35.743		长4+5!2^(1_1)
耿60	2414.375	31.823	68.177	15.109	15.435	80.107	225.91	0.0	0.01	0.0	0.1	99.9	0.0	85.676	22.418	2.647	16.75	19.527		长4+5!2^(1_1)
耿60	2414.500	39.364	60.636	13.224	14.854	80.199	234.979	0.0	0.01	0.0	0.1	99.9	0.0	95.755	22.418	2.64	18.08	13.979		长4+5!2^(1_1)
耿60	2414.625	46.678	53.322	9.676	12.342	80.25	242.693	0.0	0.01	0.0	0.1	99.9	0.0	101.871	22.417	2.632	19.26	11.097		长4+5!2^(1_1)
耿60	2414.750	52.174	47.826	8.602	11.884	80.148	249.01	0.0	0.01	0.0	0.1	99.9	0.0	106.615	22.421	2.616	20.3	9.032		长4+5!2^(1_1)
耿60	2414.875	56.7	43.3	8.247	11.475	79.846	252.073	0.0	0.01	0.0	0.1	99.9	0.0	110.295	22.419	2.596	21.17	8.389		长4+5!2^(1_1)
耿60	2415.000	60.103	39.897	8.893	11.732	79.459	252.672	0.0	0.01	0.0	0.1	99.9	0.0	112.767	22.417	2.582	20.72	8.634		长4+5!2^(1_1)
耿60	2415.125	62.28	37.72	11.366	13.927	79.049	254.433	0.0	0.01	0.0	0.1	99.9	0.0	114.174	22.416	2.579	19.92	10.376		长4+5!2^(1_1)
耿60	2415.250	63.435	36.565	13.931	16.116	78.596	256.495	0.0	0.01	0.0	0.1	99.9	0.0	114.828	22.417	2.581	20.36	12.904		长4+5!2^(1_1)
耿60	2415.375	63.826	36.174	15.735	16.431	77.827	256.146	0.0	0.01	0.0	0.1	99.9	0.0	114.926	22.414	2.571	20.08	15.013		长4+5!2^(1_1)
耿60	2415.500	65.789	34.211	17.424	17.699	77.059	253.527	0.0	0.01	0.0	0.1	99.9	0.0	117.491	22.414	2.551	20.67	16.748		长4+5!2^(1_1)
耿60	2415.625	71.044	28.956	20.662	21.336	76.673	250.319	0.0	0.01	0.0	0.1	99.9	0.0	122.565	22.419	2.545	19.93	19.365		长4+5!2^(1_1)
耿60	2415.750	76.789	23.211	18.714	20.524	76.397	248.001	0.0	0.01	0.0	0.1	99.9	0.0	126.296	22.431	2.554	18.65	19.494		长4+5!2^(1_2)
耿60	2415.875	79.166	20.834	16.376	18.257	75.853	245.505	0.0	0.01	0.0	0.1	99.9	0.0	126.666	22.451	2.576	17.55	17.312		长4+5!2^(1_2)
耿60	2416.000	78.108	21.892	15.251	16.918	74.724	240.463	0.0	0.01	0.0	0.1	99.9	0.0	125.164	22.47	2.608	16.44	15.702		长4+5!2^(1_2)
耿60	2416.125	72.139	27.861	14.387	16.06	73.545	232.232	0.0	0.01	0.0	0.1	99.9	0.0	118.784	22.481	2.621	15.67	14.733		长4+5!2^(1_2)
耿60	2416.250	64.505	35.495	15.885	17.907	72.571	226.008	0.0	0.01	0.0	0.1	99.9	0.0	113.124	22.457	2.623	14.43	15.285		长4+5!2^(1_2)
耿60	2416.375	56.48	43.52	16.369	18.114	71.649	222.268	0.0	0.01	0.0	0.1	99.9	0.0	105.512	22.417	2.622	13.94	16.175		长4+5!2^(1_2)
耿60	2416.500	48.1	51.9	16.226	18.042	70.782	219.344	0.0	0.01	0.0	0.1	99.9	0.0	97.622	22.388	2.62	14.09	16.283		长4+5!2^(1_2)
耿60	2416.625	41.95	58.05	14.48	15.615	70.028	215.275	0.0	0.01	0.0	0.1	99.9	0.0	92.593	22.388	2.62	14.49	15.179		长4+5!2^(1_2)
耿60	2416.750	39.531	60.469	16.594	18.469	69.361	209.357	0.0	0.01	0.0	0.1	99.9	0.0	91.692	22.38	2.626	16.21	15.748		长4+5!2^(1_2)
耿60	2416.875	42.844	57.156	20.057	22.538	68.41	205.835	0.0	0.01	0.0	0.1	99.9	0.0	98.077	22.336	2.626	14.14	18.67		长4+5!2^(1_2)
耿60	2417.000	47.806	52.194	23.259	24.833	67.545	206.353	0.0	0.01	0.0	0.1	99.9	0.0	102.224	22.315	2.631	11.89	21.977		长4+5!2^(1_2)
耿60	2417.125	48.444	51.556	27.461	29.306	66.65	204.374	0.0	0.01	0.0	0.1	99.9	0.0	100.527	22.281	2.638	10.04	25.778		长4+5!2^(1_2)
耿60	2417.250	43.051	56.949	32.342	41.469	65.648	201.007	0.0	0.01	0.0	0.1	99.9	0.0	92.474	22.225	2.642	9.11	30.387		长4+5!2^(1_2)
耿60	2417.375	33.833	66.167	39.732	57.651	64.564	200.327	0.0	0.01	0.0	0.1	99.9	0.0	80.64	22.173	2.636	9.67	36.773		长4+5!2^(1_2)
耿60	2417.500	25.792	74.208	40.021	53.868	63.334	202.202	0.0	0.01	0.0	0.1	99.9	0.0	71.828	22.066	2.626	10.63	39.905		长4+5!2^(1_2)
耿60	2417.625	22.968	77.032	34.504	46.545	62.444	206.644	0.0	0.01	0.0	0.1	99.9	0.0	71.432	22.047	2.615	12.69	36.712		长4+5!2^(1_2)
耿60	2417.750	24.743	75.257	30.746	40.839	61.874	211.233	0.0	0.01	0.0	0.1	99.9	0.0	75.757	22.046	2.598	14.81	32.25		长4+5!2^(1_2)
耿60	2417.875	29.571	70.429	30.652	38.928	61.283	215.197	0.0	0.01	0.0	0.1	99.9	0.0	83.34	22.046	2.574	16.52	30.689		长4+5!2^(1_2)
耿60	2418.000	24.855	75.145	27.496	32.727	60.306	219.596	0.109	0.388	7.826	6.637	69.676	0.287	91.346	22.048	2.546	17.59	28.759		长4+5!2^(1_2)
耿60	2418.125	20.442	79.558	27.553	32.914	58.819	224.465	0.139	0.718	8.331	11.293	48.403	0.296	91.372	22.062	2.527	17.7	27.53	油层	长4+5!2^(1_2)
耿60	2418.250	20.061	79.939	29.981	35.206	58.163	228.823	0.208	0.889	9.143	11.716	45.748	0.284	87.926	22.079	2.523	17.81	29.009	油层	长4+5!2^(1_2)
耿60	2418.375	18.309	81.691	31.631	38.667	57.435	229.695	0.287	1.028	9.798	11.8	43.968	0.27	82.507	22.123	2.518	17.94	30.971	油层	长4+5!2^(1_2)
耿60	2418.500	16.769	83.231	33.546	37.887	56.508	229.061	0.32	1.13	10.019	11.739	42.93	0.259	79.745	22.152	2.514	17.97	32.779	油层	长4+5!2^(1_2)
耿60	2418.625	16.623	83.377	32.103	37.856	55.386	228.939	0.298	1.163	9.876	11.727	43.026	0.26	81.003	22.168	2.508	18.01	32.681	油层	长4+5!2^(1_2)
耿60	2418.750	17.527	82.473	31.744	38.007	54.207	228.845	0.252	1.146	9.536	11.718	43.579	0.265	84.176	22.206	2.494	18.33	31.887	油层	长4+5!2^(1_2)
耿60	2418.875	18.054	81.946	31.923	39.08	53.643	228.597	0.245	1.144	9.48	11.694	43.679	0.265	84.467	22.222	2.488	18.69	31.851	油层	长4+5!2^(1_2)
耿60	2419.000	17.613	82.387	30.119	37.138	53.299	228.465	0.271	1.142	9.68	11.681	44.443	0.271	82.413	22.229	2.485	18.37	30.842	油层	长4+5!2^(1_2)
耿60	2419.125	17.096	82.904	31.313	39.177	52.697	228.017	0.274	1.163	9.705	11.638	44.579	0.271	81.722	22.271	2.49	17.94	30.835	油层	长4+5!2^(1_2)
耿60	2419.250	17.114	82.886	32.264	41.749	51.906	227.462	0.256	1.197	9.566	11.584	44.01	0.265	82.5	22.308	2.495	17.5	31.884	油层	长4+5!2^(1_2)
耿60	2419.375	17.791	82.209	32.761	42.622	51.209	227.245	0.222	1.208	9.281	11.563	43.614	0.261	85.019	22.309	2.496	17.19	32.562	油层	长4+5!2^(1_2)
耿60	2419.500	19.878	80.122	31.711	41.072	51.004	227.604	0.16	1.151	8.608	11.598	43.797	0.264	91.855	22.309	2.501	17.35	32.131	油层	长4+5!2^(1_2)
耿60	2419.625	20.99	79.01	30.979	39.429	51.201	228.86	0.175	1.131	8.793	11.719	44.003	0.269	91.33	22.312	2.494	17.97	31.272	油层	长4+5!2^(1_2)
耿60	2419.750	20.992	79.008	30.381	37.757	51.172	230.168	0.189	1.155	8.951	11.846	44.065	0.273	91.125	22.383	2.494	18.46	30.621	油层	长4+5!2^(1_2)
耿60	2419.875	20.048	79.952	30.74	41.155	50.958	231.219	0.247	1.229	9.491	11.948	43.766	0.273	86.988	22.481	2.49	18.76	30.596	油层	长4+5!2^(1_2)
耿60	2420.000	17.86	82.14	31.763	48.326	50.816	231.918	0.361	1.374	10.267	12.016	43.031	0.268	80.225	22.55	2.483	18.93	31.354	油层	长4+5!2^(1_2)
耿60	2420.125	15.671	84.329	32.581	52.8	51.0	232.13	0.478	1.514	10.84	12.037	42.363	0.262	74.927	22.552	2.482	19.04	32.254	油层	长4+5!2^(1_2)
耿60	2420.250	13.391	86.609	32.306	57.326	51.0	232.121	0.698	1.647	11.609	12.036	42.257	0.26	67.532	22.551	2.477	19.03	32.416	油层	长4+5!2^(1_2)
耿60	2420.375	12.004	87.996	33.576	65.557	51.363	232.335	0.784	1.763	11.846	12.057	41.784	0.256	65.465	22.549	2.474	18.83	33.067	油层	长4+5!2^(1_2)
耿60	2420.500	11.413	88.587	34.839	73.35	51.875	232.545	0.869	1.843	12.055	12.077	40.947	0.249	63.663	22.549	2.476	18.68	34.333	油层	长4+5!2^(1_2)
耿60	2420.625	11.084	88.916	37.18	75.829	52.531	232.37	0.882	1.894	12.086	12.06	39.911	0.239	63.197	22.549	2.478	18.35	36.243	油层	长4+5!2^(1_2)
耿60	2420.750	11.165	88.835	37.829	85.436	53.288	232.056	0.83	1.873	11.961	12.03	39.27	0.233	64.079	22.549	2.478	17.89	37.569	油层	长4+5!2^(1_2)
耿60	2420.875	11.056	88.944	40.286	67.083	54.009	231.716	0.859	1.868	12.032	11.997	38.496	0.225	63.053	22.552	2.473	17.89	39.302	油层	长4+5!2^(1_2)
耿60	2421.000	11.691	88.309	36.796	53.908	55.137	231.002	0.664	1.707	11.509	11.927	39.261	0.23	67.371	22.549	2.489	18.17	38.193	油层	长4+5!2^(1_2)
耿60	2421.125	13.064	86.936	33.157	43.403	56.467	229.485	0.481	1.403	10.852	11.78	41.691	0.248	72.164	22.598	2.515	18.2	34.614	油层	长4+5!2^(1_2)
耿60	2421.250	14.987	85.013	27.362	31.511	57.617	227.378	0.302	1.056	9.906	11.576	45.809	0.279	79.149	22.657	2.532	17.99	29.682	油层	长4+5!2^(1_2)
耿60	2421.375	30.502	69.498	20.005	20.77	58.843	225.386	0.0	0.37	0.0	4.66	79.054	0.0	87.129	22.692	2.519	18.81	22.951	油层	长4+5!2^(1_2)
耿60	2421.500	44.733	55.267	17.872	20.079	60.662	220.186	0.0	0.01	0.0	0.1	99.9	0.0	94.096	22.693	2.457	21.94	18.726		长4+5!2^(1_2)
耿60	2421.625	52.831	47.169	23.307	24.39	63.328	213.933	0.0	0.01	0.0	0.1	99.9	0.0	101.308	22.692	2.344	26.04	21.131		长4+5!2^(1_2)
耿60	2421.750	60.034	39.966	20.152	20.26	65.433	222.896	0.0	0.01	0.0	0.1	99.9	0.0	106.228	22.712	2.294	32.19	21.415		长4+5!2^(1_2)
耿60	2421.875	65.742	34.258	12.521	11.472	66.986	227.854	0.0	0.01	0.0	0.1	99.9	0.0	110.106	22.898	2.301	33.68	15.576		长4+5!2^(1_2)
耿60	2422.000	69.771	30.229	6.755	6.919	68.222	240.358	0.0	0.01	0.0	0.1	99.9	0.0	112.34	23.32	2.359	31.14	9.064		长4+5!2^(1_2)
耿60	2422.125	71.976	28.024	6.023	6.262	69.349	248.482	0.0	0.01	0.0	0.1	99.9	0.0	113.404	23.899	2.443	26.27	6.316		长4+5!2^(1_2)
耿60	2422.250	74.158	25.842	9.21	9.408	70.472	240.177	0.0	0.01	0.0	0.1	99.9	0.0	115.155	24.368	2.519	20.85	7.934		长4+5!2^(1_2)
耿60	2422.375	75.404	24.596	15.549	14.229	71.446	237.637	0.0	0.01	0.0	0.1	99.9	0.0	115.381	23.971	2.555	18.16	13.011		长4+5!2^(1_2)
耿60	2422.500	74.965	25.035	17.421	15.347	72.462	233.198	0.0	0.01	0.0	0.1	99.9	0.0	114.742	23.381	2.598	17.4	16.671		长4+5!2^(1_2)
耿60	2422.625	72.306	27.694	11.458	11.794	73.089	227.878	0.0	0.01	0.0	0.1	99.9	0.0	112.161	23.134	2.619	17.22	13.846		长4+5!2^(1_2)
耿60	2422.750	68.396	31.604	11.816	13.333	73.39	228.518	0.0	0.01	0.0	0.1	99.9	0.0	109.344	23.153	2.622	17.64	11.673		长4+5!2^(1_2)
耿60	2422.875	66.138	33.862	12.226	12.836	73.619	232.391	0.0	0.01	0.0	0.1	99.9	0.0	108.544	23.194	2.62	18.82	12.062		长4+5!2^(1_2)
耿60	2423.000	67.061	32.939	13.337	13.022	73.978	238.291	0.0	0.01	0.0	0.1	99.9	0.0	110.184	23.311	2.601	19.74	12.892		长4+5!2^(1_2)
耿60	2423.125	68.889	31.111	12.619	14.271	73.952	246.439	0.0	0.01	0.0	0.1	99.9	0.0	111.265	23.406	2.6	21.36	12.907		长4+5!2^(1_2)
耿60	2423.250	69.999	30.001	12.226	17.066	73.679	251.847	0.0	0.01	0.0	0.1	99.9	0.0	111.844	23.44	2.58	21.58	12.384		长4+5!2^(1_2)
耿60	2423.375	72.79	27.21	8.598	10.235	73.397	251.805	0.0	0.01	0.0	0.1	99.9	0.0	114.643	23.467	2.572	22.37	10.051		长4+5!2^(1_2)
耿60	2423.500	78.728	21.272	6.459	8.612	73.062	249.688	0.0	0.01	0.0	0.1	99.9	0.0	119.286	23.516	2.573	23.46	7.316		长4+5!2^(1_2)
耿60	2423.625	84.27	15.73	9.907	14.934	72.341	250.8	0.0	0.01	0.0	0.1	99.9	0.0	122.031	23.583	2.552	22.17	8.526		长4+5!2^(1_3)
耿60	2423.750	81.563	18.437	13.223	17.684	70.804	253.544	0.0	0.01	0.0	0.1	99.9	0.0	117.357	23.689	2.556	17.33	11.895		长4+5!2^(1_3)
耿60	2423.875	66.595	33.405	17.48	23.25	69.223	233.84	0.0	0.01	0.0	0.1	99.9	0.0	103.183	23.676	2.565	13.42	15.776		长4+5!2^(1_3)
耿60	2424.000	35.141	64.859	34.793	40.953	67.825	214.047	0.102	0.01	7.697	5.972	68.855	0.294	87.027	23.622	2.587	10.74	27.861		长4+5!2^(1_3)
耿60	2424.125	15.651	84.349	30.892	24.482	66.44	204.39	0.125	0.01	8.1	9.346	52.502	0.262	73.482	23.583	2.602	9.84	32.454	干层	长4+5!2^(1_3)
耿60	2424.250	11.146	88.854	28.581	35.319	64.931	199.504	0.153	0.01	8.521	8.872	57.339	0.281	64.544	23.589	2.593	10.63	29.506	干层	长4+5!2^(1_3)
耿60	2424.375	8.821	91.179	33.074	45.146	63.547	201.408	0.234	0.01	9.386	9.057	54.858	0.269	58.136	23.606	2.576	11.39	31.275	干层	长4+5!2^(1_3)
耿60	2424.500	8.227	91.773	38.505	69.116	62.707	205.011	0.285	0.01	9.786	9.406	49.283	0.24	57.896	23.613	2.555	12.61	36.33	干层	长4+5!2^(1_3)
耿60	2424.625	8.073	91.927	35.328	62.091	61.657	207.428	0.351	0.01	10.208	9.641	47.987	0.238	56.268	23.643	2.532	13.94	36.6	干层	长4+5!2^(1_3)
耿60	2424.750	8.231	91.769	31.935	51.257	60.259	213.674	0.495	0.559	10.911	10.246	47.832	0.255	55.765	23.665	2.509	15.34	33.294	干层	长4+5!2^(1_3)
耿60	2424.875	8.734	91.266	28.405	54.789	58.571	219.481	0.642	0.95	11.437	10.81	48.292	0.277	56.519	23.675	2.488	16.65	29.818	油层	长4+5!2^(1_3)
耿60	2425.000	9.035	90.965	28.91	58.406	56.901	221.569	0.704	1.025	11.627	11.012	48.404	0.285	56.792	23.687	2.476	17.53	28.708	油层	长4+5!2^(1_3)
耿60	2425.125	9.351	90.649	30.779	58.697	56.491	223.594	0.755	1.167	11.768	11.209	46.65	0.275	57.46	23.683	2.463	17.22	30.031	油层	长4+5!2^(1_3)
耿60	2425.250	9.891	90.109	33.9	57.928	55.411	227.025	0.856	1.415	12.024	11.542	43.682	0.258	58.436	23.686	2.467	17.15	32.65	油层	长4+5!2^(1_3)
耿60	2425.375	10.202	89.798	37.255	65.492	54.032	229.623	0.982	1.691	12.304	11.793	40.882	0.241	58.344	23.708	2.472	17.15	35.912	油层	长4+5!2^(1_3)
耿60	2425.500	10.504	89.496	40.875	68.457	52.722	229.911	0.925	1.848	12.183	11.821	38.93	0.224	59.797	23.74	2.476	17.56	39.426	油层	长4+5!2^(1_3)
耿60	2425.625	11.499	88.501	42.24	67.22	51.908	229.894	0.759	1.873	11.78	11.82	37.838	0.215	63.653	23.762	2.478	18.41	41.693	油层	长4+5!2^(1_3)
耿60	2425.750	12.653	87.347	41.909	63.78	52.062	231.285	0.724	1.879	11.683	11.955	37.32	0.214	65.978	23.762	2.469	19.02	42.041	油层	长4+5!2^(1_3)
耿60	2425.875	13.306	86.694	37.689	54.22	51.4	233.525	0.789	1.915	11.858	12.172	38.011	0.225	66.542	23.762	2.463	19.5	39.379	油层	长4+5!2^(1_3)
耿60	2426.000	13.115	86.885	37.199	50.022	49.98	235.2	0.947	2.051	12.23	12.334	38.539	0.233	64.64	23.764	2.46	19.61	37.395	油层	长4+5!2^(1_3)
耿60	2426.125	12.362	87.638	37.481	49.373	48.852	235.847	1.11	2.238	12.553	12.397	38.387	0.233	62.188	23.765	2.462	19.37	37.368	油层	长4+5!2^(1_3)
耿60	2426.250	11.836	88.164	41.82	49.75	48.392	235.558	1.134	2.399	12.596	12.369	37.173	0.221	61.482	23.764	2.464	19.02	40.083	油层	长4+5!2^(1_3)
耿60	2426.375	12.317	87.683	34.938	37.945	48.419	236.151	1.029	2.32	12.4	12.427	38.249	0.232	63.964	23.762	2.464	18.86	37.694	油层	长4+5!2^(1_3)
耿60	2426.500	13.489	86.511	33.36	35.699	48.266	239.298	1.066	2.293	12.472	12.732	39.363	0.25	66.423	23.751	2.461	19.24	33.992	油层	长4+5!2^(1_3)
耿60	2426.625	15.133	84.867	28.497	27.186	48.296	243.482	1.084	2.231	12.505	13.138	40.575	0.272	70.29	23.739	2.463	18.65	30.444	油层	长4+5!2^(1_3)
耿60	2426.750	17.129	82.871	28.854	27.17	48.278	247.211	1.059	2.2	12.457	13.5	40.762	0.284	74.486	23.714	2.474	19.34	28.711	油层	长4+5!2^(1_3)
耿60	2426.875	27.405	72.595	32.118	28.54	48.179	250.255	0.914	0.898	12.158	5.519	76.043	0.27	80.41	23.701	2.487	20.57	30.811	油层	长4+5!2^(1_3)
耿60	2427.000	38.796	61.204	33.02	33.988	48.112	253.664	0.0	0.01	0.0	0.1	99.9	0.0	88.997	23.707	2.493	21.48	32.659	油层	长4+5!2^(1_3)
耿60	2427.125	49.475	50.525	17.579	16.317	48.306	255.938	0.0	0.01	0.0	0.1	99.9	0.0	99.759	23.697	2.493	21.85	23.761		长4+5!2^(1_3)
耿60	2427.250	58.55	41.45	16.066	14.84	47.999	253.209	0.0	0.01	0.0	0.1	99.9	0.0	105.315	23.727	2.479	20.05	16.671		长4+5!2^(1_3)
耿60	2427.375	58.897	41.103	20.515	21.632	47.239	246.306	0.0	0.01	0.0	0.1	99.9	0.0	102.116	23.703	2.486	18.27	18.733		长4+5!2^(1_3)
耿60	2427.500	50.83	49.17	28.742	28.861	46.159	239.675	0.0	0.01	0.0	0.1	99.9	0.0	93.038	23.661	2.493	16.75	25.448		长4+5!2^(1_3)
耿60	2427.625	40.409	59.591	41.885	43.703	44.891	233.841	0.343	0.01	10.162	0.1	99.9	0.238	83.155	23.604	2.495	15.93	36.623		长4+5!2^(1_3)
耿60	2427.750	24.831	75.169	56.139	59.509	43.669	229.15	0.36	1.098	10.259	6.993	59.867	0.188	77.532	23.535	2.494	16.08	50.432	油层	长4+5!2^(1_3)
耿60	2427.875	17.206	82.794	58.982	68.351	43.105	227.198	0.32	1.804	10.021	11.558	32.74	0.169	77.861	23.516	2.489	16.61	57.844	油层	长4+5!2^(1_3)
耿60	2428.000	17.112	82.888	52.537	63.693	42.541	228.249	0.356	1.917	10.236	11.66	33.32	0.176	76.85	23.5	2.485	17.02	55.118	油层	长4+5!2^(1_3)
耿60	2428.125	16.375	83.625	45.332	56.482	42.049	230.789	0.48	2.17	10.846	11.907	35.026	0.194	73.526	23.434	2.48	17.57	48.217	油层	长4+5!2^(1_3)
耿60	2428.250	15.3	84.7	46.493	62.356	41.538	233.096	0.635	2.461	11.415	12.13	35.234	0.2	70.366	23.324	2.479	18.07	46.028	油层	长4+5!2^(1_3)
耿60	2428.375	14.352	85.648	46.164	61.68	41.043	233.752	0.735	2.651	11.714	12.194	34.972	0.199	68.151	23.203	2.479	18.44	46.296	油层	长4+5!2^(1_3)
耿60	2428.500	13.383	86.617	44.267	59.738	40.76	233.317	0.823	2.743	11.944	12.152	35.572	0.203	65.503	23.132	2.47	18.76	45.027	油层	长4+5!2^(1_3)
耿60	2428.625	12.908	87.092	42.232	55.071	40.965	233.529	0.851	2.781	12.013	12.172	36.328	0.21	65.055	23.141	2.455	18.7	43.047	油层	长4+5!2^(1_3)
耿60	2428.750	12.26	87.74	41.306	54.141	41.127	233.503	0.976	2.813	12.292	12.17	36.923	0.215	62.349	22.991	2.439	18.46	41.677	油层	长4+5!2^(1_3)
耿60	2428.875	11.621	88.379	39.195	47.525	41.25	233.484	1.036	2.83	12.413	12.168	37.682	0.222	61.164	22.935	2.434	18.54	40.04	油层	长4+5!2^(1_3)
耿60	2429.000	11.33	88.67	41.6	48.77	41.353	232.717	1.012	2.811	12.364	12.094	37.599	0.219	60.863	22.998	2.445	18.8	40.637	油层	长4+5!2^(1_3)
耿60	2429.125	10.995	89.005	44.16	53.439	41.525	231.187	0.976	2.78	12.291	11.945	36.877	0.21	60.033	23.078	2.464	18.94	43.135	油层	长4+5!2^(1_3)
耿60	2429.250	10.719	89.281	44.276	52.961	42.038	230.332	0.957	2.739	12.25	11.862	36.622	0.206	59.57	22.952	2.467	18.78	44.229	油层	长4+5!2^(1_3)
耿60	2429.375	11.001	88.999	41.682	50.699	42.746	230.692	0.9	2.649	12.127	11.897	37.182	0.211	61.118	22.767	2.454	18.6	42.72	油层	长4+5!2^(1_3)
耿60	2429.500	11.477	88.523	41.046	48.795	43.238	230.607	0.838	2.51	11.982	11.889	37.828	0.217	62.424	22.629	2.445	18.37	41.3	油层	长4+5!2^(1_3)
耿60	2429.625	11.629	88.371	39.386	51.53	43.596	229.865	0.801	2.373	11.889	11.817	38.617	0.222	62.572	22.528	2.442	18.15	40.05	油层	长4+5!2^(1_3)
耿60	2429.750	11.556	88.444	40.062	54.79	44.069	229.726	0.812	2.334	11.916	11.803	38.774	0.223	62.179	22.454	2.445	17.95	39.791	油层	长4+5!2^(1_3)
耿60	2429.875	11.647	88.353	38.385	55.1	44.933	229.959	0.796	2.273	11.877	11.826	39.079	0.226	62.786	22.411	2.451	17.82	39.056	油层	长4+5!2^(1_3)
耿60	2430.000	11.707	88.293	39.526	55.716	45.702	229.573	0.779	2.189	11.833	11.789	39.174	0.226	62.818	22.418	2.455	18.14	39.069	油层	长4+5!2^(1_3)
耿60	2430.125	11.91	88.09	40.669	57.534	46.69	228.633	0.695	2.084	11.6	11.697	38.867	0.221	64.123	22.412	2.461	17.95	40.211	油层	长4+5!2^(1_3)
耿60	2430.250	11.456	88.544	46.461	64.608	47.618	225.972	0.672	1.966	11.532	11.439	37.85	0.207	62.115	22.314	2.474	17.24	44.142	油层	长4+5!2^(1_3)
耿60	2430.375	10.616	89.384	48.047	64.827	48.703	223.203	0.635	1.857	11.415	11.171	37.215	0.196	60.458	22.22	2.493	16.16	47.412	油层	长4+5!2^(1_3)
耿60	2430.500	10.457	89.543	48.912	62.016	50.27	220.571	0.518	1.662	11.0	10.916	37.495	0.193	61.816	22.198	2.51	14.92	48.566	油层	长4+5!2^(1_3)
耿60	2430.625	10.464	89.536	47.182	52.656	52.577	217.791	0.444	1.425	10.688	10.646	38.578	0.195	62.031	22.161	2.522	13.74	47.875	油层	长4+5!2^(1_3)
耿60	2430.750	11.0	89.0	37.934	52.632	54.834	217.943	0.395	1.237	10.452	10.661	41.47	0.216	64.45	22.111	2.535	12.79	41.637	油层	长4+5!2^(1_3)
耿60	2430.875	12.552	87.448	38.46	46.925	56.622	228.134	0.61	1.489	11.336	11.649	40.127	0.23	66.163	22.069	2.519	15.07	38.249	油层	长4+5!2^(1_3)
耿60	2431.000	14.902	85.098	41.161	40.021	58.9	239.01	0.824	1.779	11.947	12.704	36.362	0.222	71.175	22.051	2.49	18.83	40.079	油层	长4+5!2^(1_3)
耿60	2431.125	26.764	73.236	34.671	26.032	62.065	245.186	0.0	0.739	0.0	5.266	73.968	0.0	80.698	22.049	2.451	22.56	37.269	油层	长4+5!2^(1_3)
耿60	2431.250	41.661	58.339	19.287	16.589	65.667	249.006	0.0	0.01	0.0	0.1	99.9	0.0	93.262	22.047	2.408	24.72	25.447		长4+5!2^(1_3)
耿60	2431.375	54.964	45.036	16.323	13.97	66.693	250.808	0.0	0.01	0.0	0.1	99.9	0.0	104.598	22.046	2.454	20.5	17.51		长4+5!2^(1_3)
耿60	2431.500	65.464	34.536	15.368	14.939	67.673	251.846	0.0	0.01	0.0	0.1	99.9	0.0	110.792	21.963	2.513	18.92	15.75		长4+5!2^(1_3)
耿60	2431.625	71.513	28.487	13.007	15.587	69.906	250.782	0.0	0.01	0.0	0.1	99.9	0.0	113.883	21.904	2.585	18.71	13.952		长4+5!2^(2_1)
耿60	2431.750	74.18	25.82	11.951	14.718	72.64	249.808	0.0	0.01	0.0	0.1	99.9	0.0	114.865	21.88	2.627	19.9	12.374		长4+5!2^(2_1)
耿60	2431.875	75.146	24.854	12.168	13.521	74.891	249.142	0.0	0.01	0.0	0.1	99.9	0.0	115.288	21.878	2.619	21.75	12.081		长4+5!2^(2_1)
耿60	2432.000	77.491	22.509	11.625	13.066	76.068	248.558	0.0	0.01	0.0	0.1	99.9	0.0	117.565	21.875	2.599	22.06	11.842		长4+5!2^(2_1)
耿60	2432.125	79.724	20.276	11.325	12.804	76.94	250.508	0.0	0.01	0.0	0.1	99.9	0.0	118.457	21.878	2.56	21.35	11.445		长4+5!2^(2_1)
耿60	2432.250	80.858	19.142	9.775	10.507	77.771	251.419	0.0	0.01	0.0	0.1	99.9	0.0	119.063	21.889	2.569	19.38	10.396		长4+5!2^(2_1)
耿60	2432.375	80.571	19.429	8.93	9.737	78.736	247.757	0.0	0.01	0.0	0.1	99.9	0.0	118.354	21.851	2.599	18.21	9.268		长4+5!2^(2_1)
耿60	2432.500	78.75	21.25	11.498	12.929	79.58	244.229	0.0	0.01	0.0	0.1	99.9	0.0	116.885	21.776	2.632	18.06	10.47		长4+5!2^(2_1)
耿60	2432.625	76.812	23.188	12.712	14.788	79.991	240.598	0.0	0.01	0.0	0.1	99.9	0.0	115.77	21.718	2.656	18.05	12.226		长4+5!2^(2_1)
耿60	2432.750	75.211	24.789	13.409	14.364	80.401	234.544	0.0	0.01	0.0	0.1	99.9	0.0	114.754	21.719	2.667	17.42	13.13		长4+5!2^(2_1)
耿60	2432.875	73.118	26.882	14.9	13.255	81.278	232.002	0.0	0.01	0.0	0.1	99.9	0.0	113.085	21.721	2.667	16.3	14.303		长4+5!2^(2_1)
耿60	2433.000	69.868	30.132	16.51	13.852	81.74	240.145	0.0	0.01	0.0	0.1	99.9	0.0	110.458	21.719	2.657	15.32	15.865		长4+5!2^(2_1)
耿60	2433.125	65.595	34.405	15.157	15.145	82.02	252.245	0.0	0.01	0.0	0.1	99.9	0.0	107.113	21.718	2.617	16.13	15.699		长4+5!2^(2_1)
耿60	2433.250	61.591	38.409	13.322	13.51	82.367	262.237	0.0	0.01	0.0	0.1	99.9	0.0	104.386	21.718	2.541	19.54	14.057		长4+5!2^(2_1)
耿60	2433.375	60.485	39.515	11.134	12.674	82.823	269.975	0.0	0.01	0.0	0.1	99.9	0.0	104.817	21.715	2.441	25.08	12.01		长4+5!2^(2_1)
耿60	2433.500	67.726	32.274	9.297	10.335	83.13	275.275	0.0	0.01	0.0	0.1	99.9	0.0	113.277	21.737	2.388	29.68	10.032		长4+5!2^(2_1)
耿60	2433.625	78.085	21.915	7.927	8.755	83.521	277.326	0.0	0.01	0.0	0.1	99.9	0.0	119.459	22.162	2.391	26.72	8.476		长4+5!2^(2_1)
耿60	2433.750	85.82	14.18	8.576	9.434	83.81	277.595	0.0	0.01	0.0	0.1	99.9	0.0	123.468	22.529	2.441	23.0	8.316		长4+5!2^(2_1)
耿60	2433.875	88.448	11.552	13.754	14.808	83.957	272.759	0.0	0.01	0.0	0.1	99.9	0.0	123.46	22.344	2.5	20.73	11.681		长4+5!2^(2_1)
耿60	2434.000	84.55	15.45	18.017	17.227	84.0	263.663	0.0	0.01	0.0	0.1	99.9	0.0	119.507	21.545	2.53	20.03	16.31		长4+5!2^(2_1)
耿60	2434.125	82.556	17.444	14.219	13.507	84.0	254.71	0.0	0.01	0.0	0.1	99.9	0.0	120.137	21.475	2.548	20.53	15.74		长4+5!2^(2_1)
耿60	2434.250	81.516	18.484	16.2	16.144	84.192	246.125	0.0	0.01	0.0	0.1	99.9	0.0	118.627	21.468	2.548	19.48	15.407		长4+5!2^(2_1)
耿60	2434.375	78.255	21.745	20.163	20.463	84.066	240.528	0.0	0.01	0.0	0.1	99.9	0.0	116.16	21.469	2.558	18.73	18.576		长4+5!2^(2_1)
耿60	2434.500	72.404	27.596	18.24	19.869	83.835	237.42	0.0	0.01	0.0	0.1	99.9	0.0	111.278	21.471	2.579	18.0	19.01		长4+5!2^(2_1)
耿60	2434.625	65.246	34.754	15.401	16.807	83.659	234.981	0.0	0.01	0.0	0.1	99.9	0.0	106.096	21.471	2.601	17.39	16.537		长4+5!2^(2_1)
耿60	2434.750	62.083	37.917	12.488	13.983	83.534	233.799	0.0	0.01	0.0	0.1	99.9	0.0	105.708	21.471	2.614	17.57	13.654		长4+5!2^(2_1)
耿60	2434.875	63.554	36.446	11.899	12.75	83.073	233.897	0.0	0.01	0.0	0.1	99.9	0.0	107.796	21.469	2.61	18.97	12.135		长4+5!2^(2_1)
耿60	2435.000	68.22	31.78	12.976	14.389	83.086	231.805	0.0	0.01	0.0	0.1	99.9	0.0	112.023	21.47	2.598	19.05	12.544		长4+5!2^(2_1)
耿60	2435.125	71.74	28.26	14.887	16.859	83.125	231.015	0.0	0.01	0.0	0.1	99.9	0.0	113.343	21.471	2.593	18.38	14.122		长4+5!2^(2_1)
耿60	2435.250	70.428	29.572	17.71	20.402	82.898	231.232	0.0	0.01	0.0	0.1	99.9	0.0	110.939	21.469	2.592	16.99	16.58		长4+5!2^(2_1)
耿60	2435.375	64.565	35.435	17.823	20.019	82.362	231.148	0.0	0.01	0.0	0.1	99.9	0.0	105.481	21.467	2.592	15.52	17.778		长4+5!2^(2_1)
耿60	2435.500	55.798	44.202	18.925	21.213	81.952	233.136	0.0	0.01	0.0	0.1	99.9	0.0	97.754	21.468	2.589	16.5	18.484		长4+5!2^(2_1)
耿60	2435.625	48.186	51.814	23.555	26.434	81.69	238.595	0.0	0.01	0.0	0.1	99.9	0.0	92.258	21.469	2.574	19.23	21.701		长4+5!2^(2_1)
耿60	2435.750	45.301	54.699	26.835	30.404	81.701	242.65	0.0	0.01	0.0	0.1	99.9	0.0	91.677	21.47	2.547	23.0	25.522		长4+5!2^(2_1)
耿60	2435.875	46.279	53.721	24.6	27.314	81.777	246.904	0.0	0.01	0.0	0.1	99.9	0.0	93.542	21.471	2.52	25.87	25.495		长4+5!2^(2_1)
耿60	2436.000	48.913	51.087	22.867	24.682	81.923	250.138	0.0	0.01	0.0	0.1	99.9	0.0	96.202	21.47	2.502	25.91	23.561		长4+5!2^(2_1)
耿60	2436.125	51.832	48.168	20.292	22.284	82.218	250.946	0.0	0.01	0.0	0.1	99.9	0.0	98.626	21.468	2.502	22.21	21.323		长4+5!2^(2_1)
耿60	2436.250	51.646	48.354	21.141	22.992	81.86	251.004	0.0	0.01	0.0	0.1	99.9	0.0	96.751	21.467	2.518	19.62	20.801		长4+5!2^(2_1)
耿60	2436.375	49.326	50.674	21.181	23.114	81.59	246.585	0.0	0.01	0.0	0.1	99.9	0.0	94.671	21.47	2.544	17.5	21.165		长4+5!2^(2_1)
耿60	2436.500	47.134	52.866	19.221	20.839	81.533	239.839	0.0	0.01	0.0	0.1	99.9	0.0	92.828	21.471	2.575	17.35	20.006		长4+5!2^(2_1)
耿60	2436.625	47.429	52.571	17.09	17.91	81.43	234.355	0.0	0.01	0.0	0.1	99.9	0.0	94.501	21.471	2.607	17.7	17.943		长4+5!2^(2_1)
耿60	2436.750	52.793	47.207	15.6	16.401	81.09	231.879	0.0	0.01	0.0	0.1	99.9	0.0	101.011	21.471	2.632	17.3	16.197		长4+5!2^(2_1)
耿60	2436.875	62.068	37.932	15.727	16.783	80.629	230.943	0.0	0.01	0.0	0.1	99.9	0.0	108.913	21.471	2.636	16.77	15.676		长4+5!2^(2_1)
耿60	2437.000	71.235	28.765	16.172	17.425	80.269	226.538	0.0	0.01	0.0	0.1	99.9	0.0	114.752	21.47	2.625	15.98	15.994		长4+5!2^(2_1)
耿60	2437.125	73.995	26.005	16.73	18.211	79.791	221.298	0.0	0.01	0.0	0.1	99.9	0.0	114.08	21.468	2.619	14.88	16.507		长4+5!2^(2_1)
耿60	2437.250	69.194	30.806	18.193	19.812	79.08	220.389	0.0	0.01	0.0	0.1	99.9	0.0	108.951	21.468	2.619	14.21	17.608		长4+5!2^(2_1)
耿60	2437.375	60.789	39.211	20.295	21.95	78.277	221.024	0.0	0.01	0.0	0.1	99.9	0.0	102.025	21.469	2.624	14.17	19.454		长4+5!2^(2_1)
耿60	2437.500	52.928	47.072	20.797	22.443	77.664	221.892	0.0	0.01	0.0	0.1	99.9	0.0	96.197	21.471	2.627	14.75	20.596		长4+5!2^(2_1)
耿60	2437.625	49.179	50.821	20.015	21.231	77.459	224.396	0.0	0.01	0.0	0.1	99.9	0.0	94.833	21.471	2.619	16.67	20.328		长4+5!2^(2_1)
耿60	2437.750	52.139	47.861	17.728	18.819	77.438	226.736	0.0	0.01	0.0	0.1	99.9	0.0	99.917	21.468	2.619	17.97	18.644		长4+5!2^(2_1)
耿60	2437.875	60.718	39.282	15.222	16.257	77.333	227.349	0.0	0.01	0.0	0.1	99.9	0.0	107.924	21.469	2.625	18.39	16.225		长4+5!2^(2_2)
耿60	2438.000	71.42	28.58	14.827	15.379	77.062	225.363	0.0	0.01	0.0	0.1	99.9	0.0	115.558	21.475	2.636	17.21	14.985		长4+5!2^(2_2)
耿60	2438.125	79.543	20.457	16.552	17.572	76.628	221.526	0.0	0.01	0.0	0.1	99.9	0.0	119.562	21.487	2.648	14.46	15.861		长4+5!2^(2_2)
耿60	2438.250	79.743	20.257	23.002	22.521	76.108	217.432	0.0	0.01	0.0	0.1	99.9	0.0	117.129	21.498	2.656	11.34	20.42		长4+5!2^(2_2)
耿60	2438.375	68.491	31.509	33.162	36.043	75.237	214.026	0.0	0.01	0.0	0.1	99.9	0.0	105.801	21.494	2.635	10.56	29.094		长4+5!2^(2_2)
耿60	2438.500	38.83	61.17	51.356	61.504	74.283	211.947	0.061	0.054	6.648	6.05	77.145	0.209	95.016	21.494	2.585	11.35	44.071		长4+5!2^(2_2)
耿60	2438.625	21.201	78.799	56.62	86.505	73.369	211.871	0.091	0.092	7.457	10.072	59.94	0.178	87.161	21.511	2.529	13.54	54.512	干层	长4+5!2^(2_2)
耿60	2438.750	19.087	80.913	51.099	78.439	72.627	214.687	0.126	0.108	8.117	10.345	59.252	0.181	83.639	21.537	2.48	16.19	53.31	干层	长4+5!2^(2_2)
耿60	2438.875	19.028	80.972	48.514	64.711	72.144	218.979	0.153	0.123	8.516	10.761	59.417	0.191	84.095	21.553	2.447	18.12	49.549	干层	长4+5!2^(2_2)
耿60	2439.000	19.438	80.562	48.527	61.111	71.836	222.78	0.188	0.139	8.937	11.13	58.35	0.194	83.857	21.556	2.453	18.88	48.522	干层	长4+5!2^(2_2)
耿60	2439.125	19.622	80.378	45.29	55.475	71.813	226.271	0.231	0.153	9.355	11.468	58.075	0.199	83.336	21.566	2.477	18.55	46.586	干层	长4+5!2^(2_2)
耿60	2439.250	20.062	79.938	43.409	53.273	71.957	227.813	0.233	0.153	9.373	11.618	58.985	0.208	84.708	21.611	2.512	18.33	44.162	干层	长4+5!2^(2_2)
耿60	2439.375	20.728	79.272	40.348	46.877	72.137	227.062	0.204	0.14	9.106	11.545	61.144	0.217	86.524	21.673	2.542	17.99	41.574	干层	长4+5!2^(2_2)
耿60	2439.500	21.062	78.938	38.162	43.964	72.332	225.914	0.188	0.126	8.939	11.434	63.601	0.228	86.973	21.718	2.557	17.31	39.037	干层	长4+5!2^(2_2)
耿60	2439.625	20.476	79.524	39.184	45.719	72.637	226.035	0.215	0.126	9.21	11.446	63.745	0.229	84.49	21.718	2.554	16.35	38.775	干层	长4+5!2^(2_2)
耿60	2439.750	18.454	81.546	40.78	46.73	72.893	227.875	0.333	0.144	10.102	11.624	61.852	0.223	77.757	21.715	2.553	15.59	40.141	干层	长4+5!2^(2_2)
耿60	2439.875	17.916	82.084	37.432	43.326	73.531	228.796	0.313	0.143	9.977	11.713	62.551	0.228	79.885	21.718	2.574	16.21	38.772	干层	长4+5!2^(2_2)
耿60	2440.000	31.973	68.027	30.751	33.31	73.844	228.469	0.0	0.06	0.0	4.748	85.382	0.0	87.97	21.718	2.602	17.16	33.426	干层	长4+5!2^(2_2)
耿60	2440.125	50.174	49.826	24.033	26.931	74.333	228.426	0.0	0.01	0.0	0.1	99.9	0.0	101.288	21.718	2.629	18.01	26.723		长4+5!2^(2_2)
耿60	2440.250	68.569	31.431	19.656	21.617	75.365	227.657	0.0	0.01	0.0	0.1	99.9	0.0	116.221	21.719	2.646	18.45	21.408		长4+5!2^(2_2)
耿60	2440.375	79.558	20.442	18.147	19.724	75.672	225.027	0.0	0.01	0.0	0.1	99.9	0.0	119.155	21.721	2.642	17.99	18.751		长4+5!2^(2_2)
耿60	2440.500	77.434	22.566	20.592	22.819	76.272	221.336	0.0	0.01	0.0	0.1	99.9	0.0	114.884	21.716	2.637	16.81	19.613		长4+5!2^(2_2)
耿60	2440.625	65.239	34.761	23.847	27.239	76.587	216.77	0.0	0.01	0.0	0.1	99.9	0.0	103.384	21.716	2.632	14.35	22.544		长4+5!2^(2_2)
耿60	2440.750	49.997	50.003	30.487	37.008	76.74	214.07	0.0	0.01	0.0	0.1	99.9	0.0	90.78	21.718	2.627	12.3	27.829		长4+5!2^(2_2)
耿60	2440.875	39.267	60.733	32.491	41.271	76.963	214.098	0.0	0.01	0.0	0.1	99.9	0.0	82.885	21.719	2.627	11.57	31.688		长4+5!2^(2_2)
耿60	2441.000	36.584	63.416	27.288	33.092	77.483	215.197	0.0	0.01	0.0	0.1	99.9	0.0	83.798	21.726	2.634	12.21	29.371		长4+5!2^(2_2)
耿60	2441.125	42.971	57.029	19.98	23.561	78.098	217.033	0.0	0.01	0.0	0.1	99.9	0.0	93.451	21.774	2.639	14.65	22.906		长4+5!2^(2_2)
耿60	2441.250	55.907	44.093	16.721	18.813	78.844	222.366	0.0	0.01	0.0	0.1	99.9	0.0	105.692	21.792	2.642	16.13	18.026		长4+5!2^(2_2)
耿60	2441.375	68.134	31.866	15.425	17.311	79.483	228.253	0.0	0.01	0.0	0.1	99.9	0.0	113.22	21.798	2.647	17.06	15.944		长4+5!2^(2_2)
耿60	2441.500	76.127	23.873	14.522	16.191	80.004	231.574	0.0	0.01	0.0	0.1	99.9	0.0	117.422	21.801	2.651	17.77	14.884		长4+5!2^(2_2)
耿60	2441.625	82.001	17.999	13.844	15.37	80.516	234.05	0.0	0.01	0.0	0.1	99.9	0.0	120.919	21.803	2.656	18.39	14.116		长4+5!2^(2_2)
耿60	2441.750	86.942	13.058	13.21	14.545	81.234	236.286	0.0	0.01	0.0	0.1	99.9	0.0	123.644	21.805	2.662	18.65	13.464		长4+5!2^(2_2)
耿60	2441.875	93.907	6.093	12.996	14.305	81.851	236.387	0.0	0.01	0.0	0.1	99.9	0.0	128.551	21.799	2.662	19.39	13.082		长4+5!2^(2_2)
耿60	2442.000	97.397	2.603	12.972	14.287	82.311	235.931	0.0	0.01	0.0	0.1	99.9	0.0	128.596	21.8	2.662	19.52	12.982		长4+5!2^(2_2)
耿60	2442.125	95.693	4.307	13.32	14.732	82.472	233.072	0.0	0.01	0.0	0.1	99.9	0.0	126.979	21.811	2.661	19.02	13.181		长4+5!2^(2_2)
耿60	2442.250	91.948	8.052	14.736	16.395	82.503	228.427	0.0	0.01	0.0	0.1	99.9	0.0	124.506	21.825	2.662	17.99	14.169		长4+5!2^(2_2)
耿60	2442.375	86.223	13.777	15.839	17.866	82.708	224.556	0.0	0.01	0.0	0.1	99.9	0.0	120.503	21.826	2.667	16.55	15.397		长4+5!2^(2_2)
耿60	2442.500	80.7	19.3	17.196	19.397	82.913	221.565	0.0	0.01	0.0	0.1	99.9	0.0	117.506	21.824	2.666	14.91	16.652		长4+5!2^(2_2)
耿60	2442.625	72.407	27.593	19.025	21.665	82.757	218.497	0.0	0.01	0.0	0.1	99.9	0.0	110.304	21.825	2.667	12.93	18.293		长4+5!2^(2_2)
耿60	2442.750	63.035	36.965	22.813	26.023	82.755	215.93	0.0	0.01	0.0	0.1	99.9	0.0	103.981	21.827	2.664	12.17	21.296		长4+5!2^(2_2)
耿60	2442.875	56.573	43.427	27.06	31.634	82.835	215.329	0.0	0.01	0.0	0.1	99.9	0.0	99.918	21.826	2.657	12.64	25.359		长4+5!2^(2_2)
耿60	2443.000	54.356	45.644	23.789	27.512	83.001	217.319	0.0	0.01	0.0	0.1	99.9	0.0	99.673	21.824	2.651	14.06	25.099		长4+5!2^(2_2)
耿60	2443.125	59.055	40.945	17.541	18.451	83.565	221.985	0.0	0.01	0.0	0.1	99.9	0.0	106.007	21.824	2.653	16.28	20.043		长4+5!2^(2_2)
耿60	2443.250	64.469	35.531	14.025	15.192	84.181	228.728	0.0	0.01	0.0	0.1	99.9	0.0	108.719	21.824	2.657	17.41	15.433		长4+5!2^(2_2)
耿60	2443.375	67.434	32.566	12.668	13.859	84.313	234.37	0.0	0.01	0.0	0.1	99.9	0.0	110.512	21.825	2.656	17.83	13.212		长4+5!2^(2_2)
耿60	2443.500	70.008	29.992	12.418	13.429	84.371	237.681	0.0	0.01	0.0	0.1	99.9	0.0	112.348	21.825	2.651	18.11	12.518		长4+5!2^(2_2)
耿60	2443.625	73.605	26.395	11.903	12.993	84.526	239.963	0.0	0.01	0.0	0.1	99.9	0.0	115.225	21.823	2.643	18.53	12.109		长4+5!2^(2_2)
耿60	2443.750	78.912	21.088	12.114	13.51	84.743	241.371	0.0	0.01	0.0	0.1	99.9	0.0	119.113	21.824	2.635	19.08	12.029		长4+5!2^(2_2)
耿60	2443.875	81.618	18.382	11.956	13.84	84.692	241.501	0.0	0.01	0.0	0.1	99.9	0.0	119.423	21.826	2.63	19.36	12.019		长4+5!2^(2_2)
耿60	2444.000	80.524	19.476	13.186	15.509	84.501	240.668	0.0	0.01	0.0	0.1	99.9	0.0	118.061	21.824	2.633	18.83	12.694		长4+5!2^(2_2)
耿60	2444.125	79.723	20.277	14.27	17.336	84.155	236.098	0.0	0.01	0.0	0.1	99.9	0.0	118.127	21.825	2.636	17.71	13.836		长4+5!2^(2_2)
耿60	2444.250	78.933	21.067	15.658	19.799	83.841	229.963	0.0	0.01	0.0	0.1	99.9	0.0	117.237	21.825	2.642	16.22	15.102		长4+5!2^(2_3)
耿60	2444.375	74.602	25.398	16.884	22.787	83.533	225.642	0.0	0.01	0.0	0.1	99.9	0.0	113.052	21.824	2.648	14.9	16.393		长4+5!2^(2_3)
耿60	2444.500	65.146	34.854	19.11	25.69	82.92	223.284	0.0	0.01	0.0	0.1	99.9	0.0	104.669	21.826	2.644	14.56	18.219		长4+5!2^(2_3)
耿60	2444.625	54.487	45.513	22.081	25.727	82.356	222.357	0.0	0.01	0.0	0.1	99.9	0.0	96.494	21.823	2.643	15.64	20.892		长4+5!2^(2_3)
耿60	2444.750	48.85	51.15	22.258	24.257	82.042	223.03	0.0	0.01	0.0	0.1	99.9	0.0	94.144	21.824	2.633	16.91	22.187		长4+5!2^(2_3)
耿60	2444.875	48.934	51.066	18.411	18.219	81.907	226.757	0.0	0.01	0.0	0.1	99.9	0.0	95.843	21.825	2.626	18.41	19.951		长4+5!2^(2_3)
耿60	2445.000	52.585	47.415	14.854	13.725	81.837	232.403	0.0	0.01	0.0	0.1	99.9	0.0	99.896	21.824	2.623	19.82	16.278		长4+5!2^(2_3)
耿60	2445.125	58.527	41.473	11.64	10.052	81.766	241.451	0.0	0.01	0.0	0.1	99.9	0.0	105.202	21.824	2.622	20.84	12.927		长4+5!2^(2_3)
耿60	2445.250	67.482	32.518	12.316	10.707	81.868	253.236	0.0	0.01	0.0	0.1	99.9	0.0	112.769	21.826	2.627	21.67	12.046		长4+5!2^(2_3)
耿60	2445.375	77.996	22.004	13.523	11.899	81.875	258.944	0.0	0.01	0.0	0.1	99.9	0.0	119.677	21.824	2.608	22.19	13.04		长4+5!2^(2_3)
耿60	2445.500	85.85	14.15	16.002	11.707	81.544	258.079	0.0	0.01	0.0	0.1	99.9	0.0	123.359	21.822	2.572	21.64	15.009		长4+5!2^(2_3)
耿60	2445.625	87.816	12.184	10.814	9.717	80.751	254.226	0.0	0.01	0.0	0.1	99.9	0.0	122.906	21.823	2.53	20.93	12.891		长4+5!2^(2_3)
耿60	2445.750	83.202	16.798	8.957	8.398	79.681	249.123	0.0	0.01	0.0	0.1	99.9	0.0	118.483	21.822	2.506	20.19	9.701		长4+5!2^(2_3)
耿60	2445.875	74.004	25.996	11.285	11.313	78.779	242.718	0.0	0.01	0.0	0.1	99.9	0.0	111.462	21.815	2.526	18.82	10.353		长4+5!2^(2_3)
耿60	2446.000	66.064	33.936	16.768	19.842	78.215	235.487	0.0	0.01	0.0	0.1	99.9	0.0	106.987	21.788	2.556	18.83	14.573		长4+5!2^(2_3)
耿60	2446.125	61.053	38.947	23.488	22.218	77.135	235.624	0.0	0.01	0.0	0.1	99.9	0.0	103.778	21.738	2.591	18.93	20.798		长4+5!2^(2_3)
耿60	2446.250	59.061	40.939	17.969	21.769	75.765	238.917	0.0	0.01	0.0	0.1	99.9	0.0	103.384	21.718	2.599	21.22	20.179		长4+5!2^(2_3)
耿60	2446.375	59.191	40.809	15.378	17.339	74.587	242.832	0.0	0.01	0.0	0.1	99.9	0.0	103.816	21.718	2.573	25.43	16.416		长4+5!2^(2_3)
耿60	2446.500	59.236	40.764	14.157	16.511	73.897	247.525	0.0	0.01	0.0	0.1	99.9	0.0	103.587	21.718	2.52	29.82	14.646		长4+5!2^(2_3)
耿60	2446.625	60.51	39.49	12.392	13.66	73.333	250.834	0.0	0.01	0.0	0.1	99.9	0.0	105.375	21.718	2.464	31.13	13.098		长4+5!2^(2_3)
耿60	2446.750	61.276	38.724	13.462	13.751	71.831	252.904	0.0	0.01	0.0	0.1	99.9	0.0	105.168	21.715	2.448	25.05	13.033		长4+5!2^(2_3)
耿60	2446.875	58.373	41.627	23.345	18.96	69.531	251.724	0.0	0.01	0.0	0.1	99.9	0.0	101.52	21.717	2.461	20.55	19.388		长4+5!2^(2_3)
耿60	2447.000	51.23	48.77	22.377	21.582	67.882	247.543	0.0	0.01	0.0	0.1	99.9	0.0	94.084	21.712	2.482	17.64	22.764		长4+5!2^(2_3)
耿60	2447.125	31.425	68.575	27.017	24.576	66.889	236.807	0.373	0.071	10.331	7.188	84.237	0.315	84.505	21.692	2.495	15.85	25.159		长4+5!2^(2_3)
耿60	2447.250	17.527	82.473	49.534	35.762	65.51	222.683	0.281	0.137	9.754	11.12	65.659	0.221	75.909	21.637	2.494	14.65	40.518	干层	长4+5!2^(2_3)
耿60	2447.375	14.309	85.691	69.664	59.543	64.177	213.995	0.22	0.152	9.261	10.278	55.88	0.162	71.948	21.432	2.506	13.04	61.604	干层	长4+5!2^(2_3)
耿60	2447.500	13.017	86.983	66.767	72.921	63.6	209.793	0.191	0.066	8.97	9.87	54.598	0.151	70.534	21.482	2.529	12.12	67.927	干层	长4+5!2^(2_3)
耿60	2447.625	12.432	87.568	64.882	80.033	63.205	205.798	0.157	0.01	8.572	9.483	57.454	0.155	70.363	21.536	2.555	10.94	65.636	干层	长4+5!2^(2_3)
耿60	2447.750	11.937	88.063	60.69	97.786	62.604	201.398	0.128	0.01	8.163	9.056	61.311	0.161	69.881	21.527	2.587	9.83	62.369	干层	长4+5!2^(2_3)
耿60	2447.875	11.244	88.756	56.853	92.904	61.703	198.253	0.12	0.01	8.019	8.751	65.194	0.169	68.116	21.473	2.625	9.18	58.389	干层	长4+5!2^(2_3)
耿60	2448.000	10.401	89.599	57.939	107.417	60.883	197.624	0.133	0.01	8.236	8.69	66.042	0.171	65.398	21.471	2.663	8.84	57.504	干层	长4+5!2^(2_3)
耿60	2448.125	10.143	89.857	58.728	116.104	60.418	199.565	0.149	0.01	8.462	8.878	64.365	0.169	65.175	21.414	2.662	9.91	58.412	干层	长4+5!2^(2_3)
耿60	2448.250	11.033	88.967	60.741	101.856	60.115	204.789	0.171	0.01	8.749	9.385	60.696	0.166	67.648	21.395	2.642	12.0	59.935	干层	长4+5!2^(2_3)
耿60	2448.375	13.215	86.785	53.612	68.773	59.462	210.924	0.172	0.106	8.754	9.98	59.371	0.173	73.74	21.381	2.611	14.99	56.467	干层	长4+5!2^(2_3)
耿60	2448.500	16.377	83.623	48.361	54.661	58.318	216.949	0.162	0.184	8.64	10.564	59.839	0.188	80.875	21.353	2.576	17.81	50.464	差油层	长4+5!2^(2_3)
耿60	2448.625	19.132	80.868	41.309	45.733	56.942	222.374	0.174	0.199	8.782	11.09	61.473	0.208	84.945	21.309	2.537	19.11	44.133	差油层	长4+5!2^(2_3)
耿60	2448.750	20.171	79.829	45.553	51.432	56.429	226.186	0.214	0.228	9.207	11.46	59.945	0.209	84.677	21.301	2.482	18.43	43.853	差油层	长4+5!2^(2_3)
耿60	2448.875	19.147	80.853	51.964	59.035	55.641	229.624	0.331	0.286	10.088	11.794	55.179	0.191	79.644	21.173	2.453	17.59	49.397	差油层	长4+5!2^(2_3)
耿60	2449.000	17.51	82.49	59.427	63.66	54.925	233.899	0.522	0.361	11.016	12.208	50.151	0.172	75.005	21.045	2.439	17.55	56.439	差油层	长4+5!2^(2_3)
耿60	2449.125	16.142	83.858	59.423	62.407	54.422	236.166	0.694	0.411	11.598	12.428	48.03	0.165	71.688	20.979	2.436	17.86	59.424	差油层	长4+5!2^(2_3)
耿60	2449.250	15.172	84.828	55.121	57.589	54.139	236.179	0.763	0.426	11.79	12.43	49.129	0.171	69.849	20.979	2.441	18.16	56.844	差油层	长4+5!2^(2_3)
耿60	2449.375	14.789	85.211	50.879	53.213	53.938	236.19	0.779	0.426	11.833	12.43	51.082	0.181	69.445	20.982	2.442	18.49	52.578	差油层	长4+5!2^(2_3)
耿60	2449.500	14.682	85.318	47.13	49.503	53.99	237.061	0.837	0.426	11.979	12.515	52.806	0.192	68.914	20.983	2.433	18.47	48.631	差油层	长4+5!2^(2_3)
耿60	2449.625	14.824	85.176	44.008	47.329	55.596	236.995	0.793	0.396	11.87	12.509	54.763	0.203	69.903	20.983	2.426	18.75	45.258	差油层	长4+5!2^(2_3)
耿60	2449.750	15.731	84.269	40.967	45.219	57.328	237.131	0.682	0.351	11.561	12.522	56.669	0.214	73.006	20.983	2.428	19.3	42.185	差油层	长4+5!2^(2_3)
耿60	2449.875	17.718	82.282	39.617	44.369	58.165	236.128	0.469	0.302	10.798	12.425	58.453	0.222	79.335	20.985	2.447	19.2	40.157	差油层	长4+5!2^(2_3)
耿60	2450.000	32.809	67.191	33.384	37.313	57.971	232.201	0.0	0.118	0.0	5.0	83.6	0.0	89.039	20.999	2.486	17.7	35.88	差油层	长4+5!2^(2_3)
耿60	2450.125	48.211	51.789	29.426	34.55	59.099	226.448	0.0	0.01	0.0	0.1	99.9	0.0	97.978	21.072	2.531	16.14	31.011		长4+5!2^(2_3)
耿60	2450.250	53.846	46.154	29.311	36.151	61.266	220.849	0.0	0.01	0.0	0.1	99.9	0.0	100.253	21.356	2.566	14.43	29.357		长4+5!2^(2_3)
耿60	2450.375	52.334	47.666	33.24	41.238	62.658	216.743	0.0	0.01	0.0	0.1	99.9	0.0	96.607	21.547	2.578	13.48	31.667		长4+5!2^(2_3)
耿60	2450.500	46.312	53.688	38.488	47.505	63.732	214.985	0.0	0.01	0.0	0.1	99.9	0.0	90.195	21.616	2.583	13.06	36.387		长4+5!2^(2_3)
耿60	2450.625	41.038	58.962	32.101	44.759	65.158	214.696	0.0	0.01	0.0	0.1	99.9	0.0	86.308	21.61	2.596	13.09	34.658		长4+5!2^(2_3)
耿60	2450.750	42.445	57.555	24.939	30.035	67.413	216.285	0.0	0.01	0.0	0.1	99.9	0.0	91.135	21.616	2.617	13.8	27.807		
耿60	2450.875	50.527	49.473	22.61	25.519	69.669	221.104	0.0	0.01	0.0	0.1	99.9	0.0	99.953	21.635	2.634	16.07	23.543		
耿60	2451.000	62.111	37.889	21.351	24.774	71.84	225.408	0.0	0.01	0.0	0.1	99.9	0.0	109.59	21.666	2.639	18.09	21.855		
耿60	2451.125	72.919	27.081	16.087	21.089	73.775	229.438	0.0	0.01	0.0	0.1	99.9	0.0	116.196	21.7	2.638	19.23	18.195		
耿60	2451.250	79.994	20.006	12.542	15.08	75.57	233.136	0.0	0.01	0.0	0.1	99.9	0.0	119.627	21.72	2.635	19.53	13.961		
耿60	2451.375	83.166	16.834	10.936	13.805	77.295	235.388	0.0	0.01	0.0	0.1	99.9	0.0	120.686	21.718	2.636	19.34	11.579		
耿60	2451.500	81.832	18.168	10.896	14.008	78.679	236.469	0.0	0.01	0.0	0.1	99.9	0.0	118.585	21.716	2.632	18.99	10.912		
耿60	2359.750--2451.500(平均)	46.807	53.193	21.154	24.4	65.43	233.534	0.147	0.52	3.208	3.848	83.537	0.09	98.785	22.46	2.531	18.905	21.153		
耿60	2359.750--2451.500(最大)	99.9	91.927	69.664	116.104	94.499	296.444	1.134	5.079	12.596	15.022	99.9	0.746	181.839	27.137	2.673	54.57	67.927		
耿60	2359.750--2451.500(最小)	8.073	0.1	3.859	3.375	21.542	197.624	0.0	0.01	0.0	0.1	32.74	0.0	55.765	20.979	2.062	8.84	4.339		
